OBJECTID_1,OBJECTID,ROADWAY,CCTXTCLS,URBAREA,FUNCLASS,TYPEROAD,USROUTE,STROADNO,MNG_DIST_C,CONTYDOT,AADT_2024,NOLANES_To,MAXSPEED_M,IsSignaliz,Countermea,Counterme1,Counterme2,LocationID,LocationSt,CrashModif,CostScenar,CostEstima,TotalLives,Crash_Save,Crash_Sav1,Crash_Sav2,Crash_Sav3,Benefit_Al,Benefit_KA,CostPerLif,CrashSavin,Crash_Sav4,CostBenefi,PresentVal,PresentVa1,NetPresent,FDOT Manag,FDOT Count,Intersecti,Intersect1,Entering V,AADT Major,AADT Minor,Signalized,CentralPoi,CentralPo1,Counterme3,Serious In,Intersect2,ROADWAY_OR,LRS_SOURCE,LRS_PARENT,LRS_SUB_ID,LOCATION,BEGIN_POST,END_POST,LRS_ROAD_N,Match_Stat,Matched_ID,Match_Cnt,Ovl_Ft,Ovl_Mi,Ovl_Pct,Ang_Dif,Min_Ft,QC_Flag,WP_IDs,WP_Count
9983,23787,10020000,URBAN GENERAL,TAMPA-ST PETERSBURG,URBAN MINOR ART,NOT DIVIDED,USB  41,SR  685,7,HILLSBOROUGH,10500,4,35,0,LPI,Implement a Leading Pedestrian Interval (LPI),,LPI-00958,Potential Location,0.870000005,1,5408.8083328125,3.16634752632784e-05,2.18765829091741e-05,0.000103338069268336,0.000166665019794892,0.000669250727155656,108.865245510294,,170821689.275698,0.00964296746654387,0.000964296746654387,0.163251238719481,882.99466032789,5408.8083328125,-4525.81367248461,7,10,10020000 = 3.065,N FLORIDA AVE,7900,10020000,10A31255,N,,,10,0.00168281413466009,On-System / Off-System,10020000,1,LPI-00958,1,3.065,3.055,3.0749999999999997,N FLORIDA AVE,On Corridor,"438702-1, 456680-1, 440511-3",7,106,0.02,100,0,1.1,Verified Match,"438702-1, 456680-1, 440511-3",7
87183,179151,79220000,URBAN GENERAL,DAYTONA BEACH-PORT ORANGE,URBAN MINOR ART,NOT DIVIDED,,SR  430,5,VOLUSIA,19100,4,35,1,LPI,Implement a Leading Pedestrian Interval (LPI),,LPI-00706,Potential Location,0.870000005,1,5408.8083328125,3.24539656194534e-05,2.24227398825314e-05,0.000105917942339852,0.000170825873578759,0.00068595881877481,111.583106578384,,166660937.410077,0.00988370771137898,0.000988370771137898,0.167326866197777,905.038948193938,5408.8083328125,-4503.76938461856,5,79,79220000 = 1.496,MASON AVE,9800,79220000,79A10660,N,,,10,0.00172482621114958,On-System / Off-System,79220000,2,LPI-00706,1,1.496,1.486,1.506,MASON AVE,Off Corridor,,0,0,0,0,,,Unmatched,,0
107975,237132,87250000,URBAN GENERAL,MIAMI,URBAN MINOR ART,DIVIDED,,SR  944,6,MIAMI-DADE,21000,4,40,1,LPI,Implement a Leading Pedestrian Interval (LPI),,LPI-00165,Potential Location,0.870000005,1,5408.8083328125,3.35090045826234e-05,2.31516758934489e-05,0.000109361205865107,0.000176379215030354,0.000708258505950903,125.936008503662,,161413578.236142,0.0102050150319807,0.00102050150319807,0.188850071400113,1021.45383984117,5408.8083328125,-4387.35449297133,6,87,87250000 = 5,NW 54TH ST,6550,87250000,87A41133,N,,,10,0.001780898214146,On-System / Off-System,87250000,3,LPI-00165,1,5,4.99,5.01,NW 54TH ST,Off Corridor,,0,0,0,0,,,Unmatched,,0
18584,64000,15090000,URBAN GENERAL,TAMPA-ST PETERSBURG,URBAN MINOR ART,DIVIDED,US   92,SR  687,7,PINELLAS,29000,4,35,0,LPI,Implement a Leading Pedestrian Interval (LPI),,LPI-01770,Potential Location,0.870000005,1,5408.8083328125,4.08555907536194e-05,2.8227499066137e-05,0.000133337791641358,0.000215048973148597,0.000863538622746955,153.54648962739,,132388449.97813,0.0124423844567841,0.00124423844567841,0.230253966867039,1245.39957465358,5408.8083328125,-4163.40875815892,7,15,15090000 = 1.364,4TH ST N,13000,15090000,15A19357,N,,,10,0.00217134616552385,On-System / Off-System,15090000,4,LPI-01770,1,1.364,1.354,1.374,4TH ST N,On Corridor,"454084-1, 447919-1",3,106,0.02,100,0,1.1,Verified Match,"454084-1, 447919-1",3
100623,229658,87190000,URBAN GENERAL,MIAMI,URBAN MINOR ART,DIVIDED,,SR  909,6,MIAMI-DADE,23500,3,40,1,LPI,Implement a Leading Pedestrian Interval (LPI),,LPI-02567,Potential Location,0.870000005,1,5408.8083328125,4.16160100337184e-05,2.875287965966e-05,0.000135819523655499,0.000219051543722936,0.00087961112116723,136.539177967191,,129969411.494041,0.012673966692087,0.0012673966692087,0.204750284008462,1107.4550422907,5408.8083328125,-4301.3532905218,6,87,87190000 = .797,W DIXIE HWY,9250,87190000,87A38006,N,,,10,0.00221176005888769,On-System / Off-System,87190000,5,LPI-02567,1,0.797,0.787,0.807,W DIXIE HWY,Off Corridor,,0,0,0,0,,,Unmatched,,0
64789,143029,72150000,URBAN GENERAL,JACKSONVILLE,URBAN MINOR ART,DIVIDED,,SR  115,2,DUVAL,31500,4,35,1,LPI,Implement a Leading Pedestrian Interval (LPI),,LPI-01433,Potential Location,0.870000005,1,5408.8083328125,4.16195106275588e-05,2.87552982517679e-05,0.000135830948320851,0.000219069969575969,0.000879685110991584,156.41750954991,,129958479.839285,0.0126750327820293,0.00126750327820293,0.23455926702544,1268.68611802559,5408.8083328125,-4140.12221478691,2,72,72150000 = 4.733,LEM TURNER RD,13000,72150000,72A13526,N,,,10,0.00221194610444161,On-System / Off-System,72150000,6,LPI-01433,1,4.733,4.723,4.742999999999999,LEM TURNER RD,On Corridor,"437320-1, 437437-2, 403920-5",6,106,0.02,100,0.2,0.1,Verified Match,"437320-1, 437437-2, 403920-5",6
98201,206491,86210000,URBAN GENERAL,MIAMI,URBAN MINOR ART,DIVIDED,,SR  736,4,BROWARD,26500,4,40,1,LPI,Implement a Leading Pedestrian Interval (LPI),,LPI-01621,Potential Location,0.870000005,1,5408.8083328125,4.24805827388131e-05,2.93502208013618e-05,0.000138641174574854,0.00022360234005248,0.000897885044252185,159.653654164645,,127324249.90655,0.0129372683795476,0.00129372683795476,0.239412097830666,1294.93414972263,5408.8083328125,-4113.87418308987,4,86,86210000 = .528,DAVIE BLVD,12750,86210000,86A31641,N,,,10,0.00225770937924742,On-System / Off-System,86210000,7,LPI-01621,1,0.528,0.518,0.538,DAVIE BLVD,On Corridor,448414-1,1,106,0.02,100,0,0.3,Verified Match,448414-1,1
19064,34561,11040000,URBAN GENERAL,LEESBURG-EUSTIS-TAVARES,URBAN PRIN ART OTHER,DIVIDED,US   27,SR   25,5,LAKE,22500,4,35,1,LPI,Implement a Leading Pedestrian Interval (LPI),,LPI-02347,Potential Location,0.870000005,1,5408.8083328125,4.28204345801421e-05,2.95850275280982e-05,0.000139750327402464,0.000225391196562748,0.000905068276353004,160.930910380182,,126313718.808469,0.0130407687130433,0.00130407687130433,0.241327435075083,1305.29384177038,5408.8083328125,-4103.51449104212,5,11,11040000 = 3.955,N 14TH ST,10800,11040000,11A04842,N,,,10,0.00227577143584492,On-System / Off-System,11040000,8,LPI-02347,1,3.955,3.9450000000000003,3.965,N 14TH ST,Off Corridor,,0,0,0,0,,,Unmatched,,0
96925,207373,86210000,URBAN GENERAL,MIAMI,URBAN MINOR ART,DIVIDED,,SR  736,4,BROWARD,26500,4,40,0,LPI,Implement a Leading Pedestrian Interval (LPI),,LPI-00393,Potential Location,0.870000005,1,5408.8083328125,4.30859191136189e-05,2.97684532057731e-05,0.000140616772379902,0.00022678861060714,0.0009106796539924,161.92867390321,,125535405.628677,0.0131216208209658,0.00131216208209658,0.242823652994034,1313.3865977181,5408.8083328125,-4095.4217350944,4,86,86210000 = .786,DAVIE BLVD,12750,86210000,86A31642,N,,,10,0.00228988110390105,On-System / Off-System,86210000,9,LPI-00393,1,0.786,0.776,0.796,DAVIE BLVD,On Corridor,448414-1,1,106,0.02,100,0,0.4,Verified Match,448414-1,1
110761,266797,93050000,URBAN GENERAL,MIAMI,URBAN MINOR ART,DIVIDED,US    1,SR  805,4,PALM BEACH,25500,4,35,1,LPI,Implement a Leading Pedestrian Interval (LPI),,LPI-01871,Potential Location,0.870000005,1,5408.8083328125,4.35887609324242e-05,3.01158711896749e-05,0.000142257865224912,0.00022943538708976,0.000921307901526238,163.818491054087,,124087223.79601,0.0132747590112383,0.00132747590112383,0.245657569267201,1328.7147076709,5408.8083328125,-4080.0936251416,4,93,93050000 = 3.874,S DIXIE HWY,11500,93050000,93A13989,N,,,10,0.00231660556522905,On-System / Off-System,93050000,10,LPI-01871,1,3.874,3.8640000000000003,3.884,S DIXIE HWY,Off Corridor,,0,0,0,0,,,Unmatched,,0
107105,227833,87030000,URBAN GENERAL,MIAMI,URBAN PRIN ART OTHER,DIVIDED,US    1,SR    5,6,MIAMI-DADE,41500,4,35,1,LPI,Implement a Leading Pedestrian Interval (LPI),,LPI-01785,Potential Location,0.870000005,1,5408.8083328125,5.04007289454128e-05,3.48223218168307e-05,0.000164489651740029,0.000265291109630855,0.00106528813452804,189.419730849055,,107316073.516924,0.015349312906103,0.0015349312906103,0.28404846334632,1536.36369547016,5408.8083328125,-3872.44463734234,6,87,87030000 = 15.476,BISCAYNE BLVD,17000,87030000,87A25684,N,,,10,0.00267864024278083,On-System / Off-System,87030000,11,LPI-01785,1,15.476,15.466000000000001,15.486,BISCAYNE BLVD,On Corridor,"445996-1, 447214-1",3,106,0.02,100,0,0.3,Verified Match,"445996-1, 447214-1",3
104914,226619,87053000,URBAN GENERAL,MIAMI,URBAN MINOR ART,DIVIDED,,SR  968,6,MIAMI-DADE,37500,4,40,1,LPI,Implement a Leading Pedestrian Interval (LPI),,LPI-00746,Potential Location,0.870000005,1,5408.8083328125,5.60051291762694e-05,3.86944528854225e-05,0.000182780376129825,0.000294790634482364,0.00118374477577115,210.482600484313,,96577017.3619085,0.0170561075218639,0.00170561075218639,0.31563374607659,1707.20243589589,5408.8083328125,-3701.60589691661,6,87,87053000 = 4.652,W FLAGLER ST,17000,87053000,87A32694,N,,,10,0.00297649649028236,On-System / Off-System,87053000,12,LPI-00746,1,4.652,4.642,4.662,W FLAGLER ST,On Corridor,437782-3,1,106,0.02,100,0.7,0.2,Verified Match,437782-3,1
104447,237754,87281000,URBAN GENERAL,MIAMI,URBAN PRIN ART OTHER,DIVIDED,,SR  953,6,MIAMI-DADE,22000,4,35,0,LPI,Implement a Leading Pedestrian Interval (LPI),,LPI-00609,Potential Location,0.870000005,1,5408.8083328125,5.60212667537288e-05,3.87056024843944e-05,0.000182833043314442,0.0002948755768219,0.00118408586547654,210.543249916234,,96549197.2287915,0.0170610221477265,0.00170610221477265,0.315724694246892,1707.69435711727,5408.8083328125,-3701.11397569523,6,87,87281000 = .311,SW 42ND AVE,9950,87281000,87A43869,N,,,10,0.00297735415177473,On-System / Off-System,87281000,13,LPI-00609,1,0.311,0.301,0.321,SW 42ND AVE,On Corridor,446002-1,1,106,0.02,100,1.2,0.2,Verified Match,446002-1,1
97675,202863,86016000,URBAN GENERAL,MIAMI,URBAN MINOR ART,DIVIDED,,SR  848,4,BROWARD,50000,6,45,1,LPI,Implement a Leading Pedestrian Interval (LPI),,LPI-00373,Potential Location,0.870000005,1,5408.8083328125,6.53725675617028e-05,4.51665012244492e-05,0.000213352288678648,0.000344097423802054,0.0013817383598269,246.070248439963,,82738196.380421,0.0199089183028822,0.00199089183028822,0.368999974983164,1995.85013949654,5408.8083328125,-3412.95819331596,4,86,86016000 = 5.32,STIRLING RD,25250,86016000,86A23317,N,,,10,0.00347434638166326,On-System / Off-System,86016000,14,LPI-00373,1,5.32,5.3100000000000005,5.33,STIRLING RD,On Corridor,"446370-1, 439170-1",3,106,0.02,100,0.2,0.3,Verified Match,"446370-1, 439170-1",3
105980,231923,87120000,URBAN GENERAL,MIAMI,URBAN PRIN ART OTHER,DIVIDED,US   41,SR   90,6,MIAMI-DADE,50000,4,35,1,LPI,Implement a Leading Pedestrian Interval (LPI),,LPI-01520,Potential Location,0.870000005,1,5408.8083328125,6.71469593814914e-05,4.63924446635759e-05,0.000219143258345049,0.000353437177108032,0.00141924255056334,252.356647205439,,80551798.363388,0.0204493012661815,0.00204493012661815,0.378426880518884,2046.83846471078,5408.8083328125,-3361.96986810172,6,87,87120000 = 10.484,SW 8TH ST,27000,87120000,87A24848,N,,,10,0.0035686497267616,On-System / Off-System,87120000,15,LPI-01520,1,10.484,10.474,10.494,SW 8TH ST,On Corridor,452564-3,1,105,0.02,100,0,0.2,Verified Match,452564-3,1
102735,233200,87120000,URBAN GENERAL,MIAMI,URBAN PRIN ART OTHER,DIVIDED,US   41,SR   90,6,MIAMI-DADE,50000,4,35,1,LPI,Implement a Leading Pedestrian Interval (LPI),,LPI-01584,Potential Location,0.870000005,1,5408.8083328125,6.73387213694885e-05,4.65249347643739e-05,0.00021976909974224,0.000354446542481217,0.00142329570167328,253.077341229385,,80322409.1995198,0.0205077015079806,0.00205077015079806,0.379507612864597,2052.68393882781,5408.8083328125,-3356.12439398469,6,87,87120000 = 10.985,SW 8TH ST,27000,87120000,87A44822,N,,,10,0.00357884127336881,On-System / Off-System,87120000,16,LPI-01584,1,10.985,10.975,10.995,SW 8TH ST,On Corridor,452564-3,1,105,0.02,100,0,0.2,Verified Match,452564-3,1
100512,226233,87060000,URBAN GENERAL,MIAMI,URBAN PRIN ART OTHER,DIVIDED,,SR  A1A,6,MIAMI-DADE,49000,4,40,0,LPI,Implement a Leading Pedestrian Interval (LPI),,LPI-01630,Potential Location,0.870000005,1,5408.8083328125,7.14665990375138e-05,4.93769229713732e-05,0.00023324099140425,0.000376174189479277,0.00151054402511109,268.591035043259,,75683024.0371917,0.0217648278886974,0.00217648278886974,0.402771508705352,2178.51389250497,5408.8083328125,-3230.29444030753,6,87,87060000 = 13.508,COLLINS AVE,20750,87060000,87A44504,N,,,10,0.00379822499003736,On-System / Off-System,87060000,17,LPI-01630,1,13.508,13.498,13.517999999999999,COLLINS AVE,Off Corridor,,0,0,0,0,,,Unmatched,,0
13084,28219,10020101,URBAN GENERAL,TAMPA-ST PETERSBURG,URBAN PRIN ART OTHER,NOT DIVIDED,,SR  574,7,HILLSBOROUGH,33000,4,35,1,LPI,Implement a Leading Pedestrian Interval (LPI),,LPI-02133,Potential Location,0.870000005,1,5408.8083328125,0.00141913820826941,0.000532176828101028,0.00298019023736576,0.00466541685968568,0.0181649690658484,4213.52509709412,,3811333.03387579,0.264846668118278,0.0264846668118278,6.31848289370913,34175.4629262272,5408.8083328125,28766.6545934147,7,10,10020101 = .797|10340000 = 2.644|10A13465 = .099,N HIGHLAND AVE|N TAMPA ST|W DR MARTIN LUTHER KING JR BLVD,21300,10340000,10020101,Y,-82.46198785,27.9815019,10,0.0409366806591822,On-System / On-System,10340000,18,LPI-02133,1,0.797,0.787,0.807,N HIGHLAND AVE,On Corridor,440511-2,2,106,0.02,100,5.2,0.3,Verified Match,440511-2,2
13084,28219,10340000,URBAN GENERAL,TAMPA-ST PETERSBURG,URBAN PRIN ART OTHER,NOT DIVIDED,,SR  574,7,HILLSBOROUGH,33000,4,35,1,LPI,Implement a Leading Pedestrian Interval (LPI),,LPI-02133,Potential Location,0.870000005,1,5408.8083328125,0.00141913820826941,0.000532176828101028,0.00298019023736576,0.00466541685968568,0.0181649690658484,4213.52509709412,,3811333.03387579,0.264846668118278,0.0264846668118278,6.31848289370913,34175.4629262272,5408.8083328125,28766.6545934147,7,10,10020101 = .797|10340000 = 2.644|10A13465 = .099,N HIGHLAND AVE|N TAMPA ST|W DR MARTIN LUTHER KING JR BLVD,21300,10340000,10020101,Y,-82.46198785,27.9815019,10,0.0409366806591822,On-System / On-System,10340000,18,LPI-02133,2,2.644,2.6340000000000003,2.654,N TAMPA ST,On Corridor,"436419-1, 445362-2, 443445-3, 438702-1",9,105,0.02,100,0.5,0.6,Verified Match,"436419-1, 445362-2, 443445-3, 438702-1",9
96949,225692,87055000,URBAN GENERAL,MIAMI,URBAN MINOR ART,DIVIDED,,SR  986,6,MIAMI-DADE,39000,4,40,1,LPI,Implement a Leading Pedestrian Interval (LPI),,LPI-01070,Potential Location,0.870000005,1,5408.8083328125,0.00159825884682989,0.000543211902542184,0.00131096446516047,0.00150118668374022,0.00457317746111326,998.152943617691,,3384187.95149531,0.0808836639723912,0.00808836639723912,1.49680188303692,8095.91449753953,5408.8083328125,2687.10616472703,6,87,87055000 = 2.148,SW 72ND ST,20500,87055000,87A28098,N,,,10,0.0417855325719192,On-System / Off-System,87055000,19,LPI-01070,1,2.148,2.1380000000000003,2.158,SW 72ND ST,Off Corridor,,0,0,0,0,,,Unmatched,,0
50357,113309,55080000,URBAN GENERAL,TALLAHASSEE,URBAN PRIN ART OTHER,DIVIDED,US   27,SR   20,3,LEON,33000,4,45,1,LPI,Implement a Leading Pedestrian Interval (LPI),,LPI-00084,Potential Location,0.870000005,1,5408.8083328125,0.00157665628989268,0.000591246108709756,0.00331097820877464,0.0051832575530222,0.0201812005106264,3631.14109053714,,3430556.40438961,0.294243480101222,0.0294243480101222,5.44515633264561,29451.8069454803,5408.8083328125,24042.9986126678,3,55,55080000 = 1.542|55210000 = .109,APALACHEE PKWY|E LAFAYETTE ST,17450,55080000,55210000,Y,-84.25571338,30.43447065,10,0.0454804716499994,On-System / On-System,55080000,20,LPI-00084,1,1.542,1.532,1.552,APALACHEE PKWY,On Corridor,453817-1,1,105,0.02,100,7.5,131,Verified Match,453817-1,1
50357,113309,55210000,URBAN GENERAL,TALLAHASSEE,URBAN PRIN ART OTHER,DIVIDED,US   27,SR   20,3,LEON,33000,4,45,1,LPI,Implement a Leading Pedestrian Interval (LPI),,LPI-00084,Potential Location,0.870000005,1,5408.8083328125,0.00157665628989268,0.000591246108709756,0.00331097820877464,0.0051832575530222,0.0201812005106264,3631.14109053714,,3430556.40438961,0.294243480101222,0.0294243480101222,5.44515633264561,29451.8069454803,5408.8083328125,24042.9986126678,3,55,55080000 = 1.542|55210000 = .109,APALACHEE PKWY|E LAFAYETTE ST,17450,55080000,55210000,Y,-84.25571338,30.43447065,10,0.0454804716499994,On-System / On-System,55080000,20,LPI-00084,2,0.109,0.099,0.119,E LAFAYETTE ST,On Corridor,453817-1,1,105,0.02,100,2.8,0.7,Verified Match,453817-1,1
102798,236288,87240000,URBAN GENERAL,MIAMI,URBAN PRIN ART OTHER,DIVIDED,,SR    9,6,MIAMI-DADE,37000,6,45,1,LPI,Implement a Leading Pedestrian Interval (LPI),,LPI-00339,Potential Location,0.870000005,1,5408.8083328125,0.00158887810495711,0.000595829289358917,0.00333664402040994,0.00522343677004651,0.020337639743451,3664.98198665773,,3404168.20896308,0.296524376337621,0.0296524376337621,5.49590318197449,29726.2869269944,5408.8083328125,24317.4785941819,6,87,87240000 = 9.242|87A12904 = 0,NW 110TH ST|NW 27TH AVE|STADIUM DR,39250,87240000,87A12904,Y,-80.2427236,25.87448422,10,0.0458330240211869,On-System / Off-System,87240000,21,LPI-00339,1,9.242,9.232000000000001,9.252,NW 110TH ST,On Corridor,438076-1,4,106,0.02,100,0,0.3,Verified Match,438076-1,4
67852,144744,72170000,URBAN GENERAL,JACKSONVILLE,URBAN PRIN ART OTHER,DIVIDED,,SR   21,2,DUVAL,26500,4,40,1,LPI,Implement a Leading Pedestrian Interval (LPI),,LPI-02516,Potential Location,0.870000005,1,5408.8083328125,0.00161281453521455,0.000604805450705456,0.00338691052395056,0.00530212778451783,0.0206440260507462,3714.41586081627,,3353645.57716674,0.300991512634415,0.0300991512634415,5.57003281952095,30127.239928264,5408.8083328125,24718.4315954515,2,72,72170000 = 6.238|72291000 = .03,BLANDING BLVD|CASSAT AVE,16800,72170000,72291000,Y,-81.73021024,30.27617119,10,0.0465234979974773,On-System / On-System,72170000,22,LPI-02516,1,6.238,6.228000000000001,6.248,BLANDING BLVD,Off Corridor,,0,0,0,0,49.9,53.6,No Match - Angle Mismatch,,0
67852,144744,72291000,URBAN GENERAL,JACKSONVILLE,URBAN PRIN ART OTHER,DIVIDED,,SR   21,2,DUVAL,26500,4,40,1,LPI,Implement a Leading Pedestrian Interval (LPI),,LPI-02516,Potential Location,0.870000005,1,5408.8083328125,0.00161281453521455,0.000604805450705456,0.00338691052395056,0.00530212778451783,0.0206440260507462,3714.41586081627,,3353645.57716674,0.300991512634415,0.0300991512634415,5.57003281952095,30127.239928264,5408.8083328125,24718.4315954515,2,72,72170000 = 6.238|72291000 = .03,BLANDING BLVD|CASSAT AVE,16800,72170000,72291000,Y,-81.73021024,30.27617119,10,0.0465234979974773,On-System / On-System,72170000,22,LPI-02516,2,0.03,0.019999999999999997,0.04,CASSAT AVE,On Corridor,445146-1,5,106,0.02,100,2.9,0.8,Verified Match,445146-1,5
109435,228533,87072000,URBAN GENERAL,MIAMI,URBAN MINOR ART,DIVIDED,,SR  985,6,MIAMI-DADE,45500,6,40,1,LPI,Implement a Leading Pedestrian Interval (LPI),,LPI-01521,Potential Location,0.870000005,1,5408.8083328125,0.00165229958638938,0.000619612344896016,0.00346982913141769,0.00543193489025508,0.021149434705784,3811.27299934852,,3273503.41146782,0.308360410309918,0.0308360410309917,5.71527704112811,30912.8380843857,5408.8083328125,25504.0297515732,6,87,87072000 = 5.923,SW 107TH AVE|SW 11TH ST,20250,87072000,87A29779,Y,-80.36830759,25.75828489,10,0.047662489902097,On-System / Off-System,87072000,23,LPI-01521,1,5.923,5.913,5.933,SW 107TH AVE,Off Corridor,,0,0,0,0,,,Unmatched,,0
110203,266475,93004000,URBAN GENERAL,MIAMI,URBAN PRIN ART OTHER,DIVIDED,,SR  808,4,PALM BEACH,46000,6,45,1,LPI,Implement a Leading Pedestrian Interval (LPI),,LPI-01810,Potential Location,0.870000005,1,5408.8083328125,0.00166376923997919,0.000623913464992195,0.00349391540395629,0.00546964137643158,0.0212962462717336,3837.72944913451,,3250936.60998334,0.310500934411116,0.0310500934411116,5.7549503838872,31127.4235912916,5408.8083328125,25718.6152584791,4,93,93004000 = 1.271,BOCA LAKE DR|GLADES RD,22750,93004000,93A20269,Y,-80.18295691,26.36793381,10,0.047993345306836,On-System / Off-System,93004000,24,LPI-01810,1,1.271,1.261,1.281,BOCA LAKE DR,Off Corridor,,0,0,0,0,,,Unmatched,,0
105986,231975,87062000,URBAN GENERAL,MIAMI,URBAN PRIN ART OTHER,DIVIDED,US   41,SR   90,6,MIAMI-DADE,38500,4,35,1,LPI,Implement a Leading Pedestrian Interval (LPI),,LPI-01979,Potential Location,0.870000005,1,5408.8083328125,0.00167886901697291,0.00062957588136484,0.0035256249356431,0.00551928189329843,0.0214895234172532,3866.54359116847,,3221697.62985137,0.313318930292568,0.0313318930292568,5.79815925516319,31361.1320943006,5408.8083328125,25952.3237614881,6,87,87062000 = 4.077|87120000 = 12.073|87A03182 = .029,COUNTRY CLUB PRADO|RED RD|SW 8TH ST,60350,87120000,87062000,Y,-80.2878702,25.76356241,10,0.0484289158137921,On-System / On-System,87120000,25,LPI-01979,1,4.077,4.067,4.087,COUNTRY CLUB PRADO,Off Corridor,,0,0,0,0,89.3,2.8,No Match - Angle Mismatch,,0
105986,231975,87120000,URBAN GENERAL,MIAMI,URBAN PRIN ART OTHER,DIVIDED,US   41,SR   90,6,MIAMI-DADE,38500,4,35,1,LPI,Implement a Leading Pedestrian Interval (LPI),,LPI-01979,Potential Location,0.870000005,1,5408.8083328125,0.00167886901697291,0.00062957588136484,0.0035256249356431,0.00551928189329843,0.0214895234172532,3866.54359116847,,3221697.62985137,0.313318930292568,0.0313318930292568,5.79815925516319,31361.1320943006,5408.8083328125,25952.3237614881,6,87,87062000 = 4.077|87120000 = 12.073|87A03182 = .029,COUNTRY CLUB PRADO|RED RD|SW 8TH ST,60350,87120000,87062000,Y,-80.2878702,25.76356241,10,0.0484289158137921,On-System / On-System,87120000,25,LPI-01979,2,12.073,12.063,12.083,RED RD,On Corridor,"440183-1, 452564-3",2,105,0.02,100,0.3,0.2,Verified Match,"440183-1, 452564-3",2
95339,201000,86005000,URBAN GENERAL,MIAMI,URBAN PRIN ART OTHER,DIVIDED,US    1,SR    5,4,BROWARD,39500,5,35,1,LPI,Implement a Leading Pedestrian Interval (LPI),,LPI-00045,Potential Location,0.870000005,1,5408.8083328125,0.00168101169554414,0.000630379385829054,0.0035301245606427,0.00552632594910137,0.021516949702965,3877.50171917471,,3217591.13702161,0.313718807680926,0.0313718807680926,5.8145917535485,31450.012328496,5408.8083328125,26041.2039956835,4,86,86005000 = .102|86020000 = 1.972|86900314 = 0,E SUNRISE BLVD|N FEDERAL HWY|NE 18TH AVE,59000,86020000,86005000,Y,-80.12119112,26.1375431,10,0.0484907238518781,On-System / On-System,86020000,26,LPI-00045,1,0.102,0.092,0.11199999999999999,E SUNRISE BLVD,On Corridor,"441955-1, 441754-1",9,107,0.02,100,1.2,0.5,Verified Match,"441955-1, 441754-1",9
95339,201000,86020000,URBAN GENERAL,MIAMI,URBAN PRIN ART OTHER,DIVIDED,US    1,SR    5,4,BROWARD,39500,5,35,1,LPI,Implement a Leading Pedestrian Interval (LPI),,LPI-00045,Potential Location,0.870000005,1,5408.8083328125,0.00168101169554414,0.000630379385829054,0.0035301245606427,0.00552632594910137,0.021516949702965,3877.50171917471,,3217591.13702161,0.313718807680926,0.0313718807680926,5.8145917535485,31450.012328496,5408.8083328125,26041.2039956835,4,86,86005000 = .102|86020000 = 1.972|86900314 = 0,E SUNRISE BLVD|N FEDERAL HWY|NE 18TH AVE,59000,86020000,86005000,Y,-80.12119112,26.1375431,10,0.0484907238518781,On-System / On-System,86020000,26,LPI-00045,2,1.972,1.962,1.982,N FEDERAL HWY,On Corridor,441955-1,4,105,0.02,100,5.7,0.6,Verified Match,441955-1,4
95339,201000,86900314,URBAN GENERAL,MIAMI,URBAN PRIN ART OTHER,DIVIDED,US    1,SR    5,4,BROWARD,39500,5,35,1,LPI,Implement a Leading Pedestrian Interval (LPI),,LPI-00045,Potential Location,0.870000005,1,5408.8083328125,0.00168101169554414,0.000630379385829054,0.0035301245606427,0.00552632594910137,0.021516949702965,3877.50171917471,,3217591.13702161,0.313718807680926,0.0313718807680926,5.8145917535485,31450.012328496,5408.8083328125,26041.2039956835,4,86,86005000 = .102|86020000 = 1.972|86900314 = 0,E SUNRISE BLVD|N FEDERAL HWY|NE 18TH AVE,59000,86020000,86005000,Y,-80.12119112,26.1375431,10,0.0484907238518781,On-System / On-System,86020000,26,LPI-00045,3,0,0,0.01,NE 18TH AVE,On Corridor,445534-1,1,53,0.01,100,0,0.5,Verified Parallel Fallback,445534-1,1
50338,112164,55005000,URBAN GENERAL,TALLAHASSEE,URBAN PRIN ART OTHER,DIVIDED,US   27,SR   20,3,LEON,30360,4,45,1,LPI,Implement a Leading Pedestrian Interval (LPI),,LPI-00973,Potential Location,0.870000005,1,5408.8083328125,0.00171635462907951,0.000643632985904817,0.00360434472106698,0.0056425158430989,0.0219693392522178,5325.48785083502,,3151334.95209744,0.320314682651964,0.0320314682651964,7.98595074451155,43194.4769323443,5408.8083328125,37785.6685995318,3,55,55005000 = .014|55080000 = 1.141|55080030 = .601|55080043 = .251|55080044 = .034|55550000 = 2.131,APALACHEE PKWY|S MAGNOLIA DR,47809,55080000,55005000,Y,-84.26171563,30.43681728,10,0.0495102315892256,On-System / On-System,55080000,27,LPI-00973,1,0.014,0.004,0.024,APALACHEE PKWY,Off Corridor,,0,0,0,0,,,Unmatched,,0
50338,112164,55080000,URBAN GENERAL,TALLAHASSEE,URBAN PRIN ART OTHER,DIVIDED,US   27,SR   20,3,LEON,30360,4,45,1,LPI,Implement a Leading Pedestrian Interval (LPI),,LPI-00973,Potential Location,0.870000005,1,5408.8083328125,0.00171635462907951,0.000643632985904817,0.00360434472106698,0.0056425158430989,0.0219693392522178,5325.48785083502,,3151334.95209744,0.320314682651964,0.0320314682651964,7.98595074451155,43194.4769323443,5408.8083328125,37785.6685995318,3,55,55005000 = .014|55080000 = 1.141|55080030 = .601|55080043 = .251|55080044 = .034|55550000 = 2.131,APALACHEE PKWY|S MAGNOLIA DR,47809,55080000,55005000,Y,-84.26171563,30.43681728,10,0.0495102315892256,On-System / On-System,55080000,27,LPI-00973,2,1.141,1.131,1.151,S MAGNOLIA DR,Off Corridor,,0,0,0,0,,,Unmatched,,0
50338,112164,55080030,URBAN GENERAL,TALLAHASSEE,URBAN PRIN ART OTHER,DIVIDED,US   27,SR   20,3,LEON,30360,4,45,1,LPI,Implement a Leading Pedestrian Interval (LPI),,LPI-00973,Potential Location,0.870000005,1,5408.8083328125,0.00171635462907951,0.000643632985904817,0.00360434472106698,0.0056425158430989,0.0219693392522178,5325.48785083502,,3151334.95209744,0.320314682651964,0.0320314682651964,7.98595074451155,43194.4769323443,5408.8083328125,37785.6685995318,3,55,55005000 = .014|55080000 = 1.141|55080030 = .601|55080043 = .251|55080044 = .034|55550000 = 2.131,APALACHEE PKWY|S MAGNOLIA DR,47809,55080000,55005000,Y,-84.26171563,30.43681728,10,0.0495102315892256,On-System / On-System,55080000,27,LPI-00973,3,0.601,0.591,0.611,,Off Corridor,,0,0,0,0,,,Unmatched,,0
50338,112164,55080043,URBAN GENERAL,TALLAHASSEE,URBAN PRIN ART OTHER,DIVIDED,US   27,SR   20,3,LEON,30360,4,45,1,LPI,Implement a Leading Pedestrian Interval (LPI),,LPI-00973,Potential Location,0.870000005,1,5408.8083328125,0.00171635462907951,0.000643632985904817,0.00360434472106698,0.0056425158430989,0.0219693392522178,5325.48785083502,,3151334.95209744,0.320314682651964,0.0320314682651964,7.98595074451155,43194.4769323443,5408.8083328125,37785.6685995318,3,55,55005000 = .014|55080000 = 1.141|55080030 = .601|55080043 = .251|55080044 = .034|55550000 = 2.131,APALACHEE PKWY|S MAGNOLIA DR,47809,55080000,55005000,Y,-84.26171563,30.43681728,10,0.0495102315892256,On-System / On-System,55080000,27,LPI-00973,4,0.251,0.241,0.261,,Off Corridor,,0,0,0,0,,,Unmatched,,0
50338,112164,55080044,URBAN GENERAL,TALLAHASSEE,URBAN PRIN ART OTHER,DIVIDED,US   27,SR   20,3,LEON,30360,4,45,1,LPI,Implement a Leading Pedestrian Interval (LPI),,LPI-00973,Potential Location,0.870000005,1,5408.8083328125,0.00171635462907951,0.000643632985904817,0.00360434472106698,0.0056425158430989,0.0219693392522178,5325.48785083502,,3151334.95209744,0.320314682651964,0.0320314682651964,7.98595074451155,43194.4769323443,5408.8083328125,37785.6685995318,3,55,55005000 = .014|55080000 = 1.141|55080030 = .601|55080043 = .251|55080044 = .034|55550000 = 2.131,APALACHEE PKWY|S MAGNOLIA DR,47809,55080000,55005000,Y,-84.26171563,30.43681728,10,0.0495102315892256,On-System / On-System,55080000,27,LPI-00973,5,0.034,0.024,0.044000000000000004,,Off Corridor,,0,0,0,0,,,Unmatched,,0
50338,112164,55550000,URBAN GENERAL,TALLAHASSEE,URBAN PRIN ART OTHER,DIVIDED,US   27,SR   20,3,LEON,30360,4,45,1,LPI,Implement a Leading Pedestrian Interval (LPI),,LPI-00973,Potential Location,0.870000005,1,5408.8083328125,0.00171635462907951,0.000643632985904817,0.00360434472106698,0.0056425158430989,0.0219693392522178,5325.48785083502,,3151334.95209744,0.320314682651964,0.0320314682651964,7.98595074451155,43194.4769323443,5408.8083328125,37785.6685995318,3,55,55005000 = .014|55080000 = 1.141|55080030 = .601|55080043 = .251|55080044 = .034|55550000 = 2.131,APALACHEE PKWY|S MAGNOLIA DR,47809,55080000,55005000,Y,-84.26171563,30.43681728,10,0.0495102315892256,On-System / On-System,55080000,27,LPI-00973,6,2.131,2.121,2.1409999999999996,,Off Corridor,,0,0,0,0,,,Unmatched,,0
46894,99688,46140000,URBAN GENERAL,PANAMA CITY,URBAN MINOR ART,DIVIDED,,SR  390,3,BAY,15700,2,35,0,LPI,Implement a Leading Pedestrian Interval (LPI),,LPI-01225,Potential Location,0.870000005,1,5408.8083328125,0.0019129327857349,0.000713995951454819,0.00258121709659553,0.00397840332866996,0.0130909195079889,2214.52058741878,,2827495.23305105,0.205558291632827,0.0205558291632827,3.32083234985883,17961.7456857898,5408.8083328125,12552.9373529773,3,46,46140000 = 6.684|46A03179 = 0,W HWY 390,7750,46140000,46A03179,N,,,10,0.0549227676089386,On-System / Off-System,46140000,28,LPI-01225,1,6.684,6.674,6.694,W HWY 390,Off Corridor,,0,0,0,0,,,Unmatched,,0
107762,236391,87250000,URBAN GENERAL,MIAMI,URBAN MINOR ART,DIVIDED,,SR  944,6,MIAMI-DADE,25000,4,40,1,LPI,Implement a Leading Pedestrian Interval (LPI),,LPI-00600,Potential Location,0.870000005,1,5408.8083328125,0.00197815821621029,0.000738341131608881,0.00266922907356168,0.00411405528238852,0.0135372816941539,2623.20715894944,,2734264.77644167,0.21256723003334,0.021256723003334,3.93368715708094,21276.5598738969,5408.8083328125,15867.7515410844,6,87,87250000 = 2.133|87A14974 = .125,NW 30TH PL|NW 54TH ST,10750,87250000,87A14974,N,,,10,0.0567954738466629,On-System / Off-System,87250000,29,LPI-00600,1,2.133,2.123,2.143,NW 30TH PL,On Corridor,451049-1,5,105,0.02,100,0,0.2,Verified Match,451049-1,5
99155,220056,87019000,URBAN GENERAL,MIAMI,URBAN PRIN ART OTHER,DIVIDED,,SR  817,6,MIAMI-DADE,43000,6,45,1,LPI,Implement a Leading Pedestrian Interval (LPI),,LPI-00104,Potential Location,0.870000005,1,5408.8083328125,0.00248459640590352,0.000927367541632042,0.00335259177368021,0.0051673151745635,0.0170030289626857,3299.91372078738,,2176936.39094096,0.266987630931518,0.0266987630931518,4.94845715049632,26765.2562701701,5408.8083328125,21356.4479373576,6,87,87019000 = 2.594,NW 27TH AVE,20750,87019000,87A44211,N,,,10,0.0713359674846173,On-System / Off-System,87019000,30,LPI-00104,1,2.594,2.584,2.6039999999999996,NW 27TH AVE,On Corridor,438076-1,4,106,0.02,100,0,0.4,Verified Match,438076-1,4
88428,193214,86014000,URBAN GENERAL,MIAMI,URBAN PRIN ART OTHER,DIVIDED,,SR  870,4,BROWARD,55000,6,45,0,LPI,Implement a Leading Pedestrian Interval (LPI),,LPI-00715,Potential Location,0.870000005,1,5408.8083328125,0.00260935539967747,0.000973933430996498,0.00352093540294141,0.00542678147667986,0.0178568017442343,3465.61222794454,,2072852.2965791,0.280393875948198,0.0280393875948198,5.19693393866301,28109.2195925166,5408.8083328125,22700.4112597041,4,86,86014000 = 3.565,NW 37TH AVE|W COMMERCIAL BLVD,25250,86014000,86A39445,N,,,10,0.0749179591119598,On-System / Off-System,86014000,31,LPI-00715,1,3.565,3.555,3.5749999999999997,NW 37TH AVE,On Corridor,441944-1,1,105,0.02,100,0,0.4,Verified Match,441944-1,1
73969,156025,75003000,URBAN GENERAL,ORLANDO,URBAN PRIN ART OTHER,DIVIDED,,SR  436,5,ORANGE,55000,6,45,0,LPI,Implement a Leading Pedestrian Interval (LPI),,LPI-02371,Potential Location,0.870000005,1,5408.8083328125,0.00273203605784792,0.00101972358834479,0.00368647462870647,0.00568192538056838,0.0186963516924985,3628.5503961758,,1979771.94234879,0.293576788959029,0.0293576788959029,5.44127140075895,29430.7940935194,5408.8083328125,24021.9857607069,5,75,75003000 = 4.815,SEMORAN BLVD S,30500,75003000,75A12388,N,,,10,0.0784402790434564,On-System / Off-System,75003000,32,LPI-02371,1,4.815,4.805000000000001,4.825,SEMORAN BLVD S,Off Corridor,,0,0,0,0,,,Unmatched,,0
95168,201562,86020000,URBAN GENERAL,MIAMI,URBAN PRIN ART OTHER,DIVIDED,US    1,SR    5,4,BROWARD,36000,6,35,1,LPI,Implement a Leading Pedestrian Interval (LPI),,LPI-01623,Potential Location,0.870000005,1,5408.8083328125,0.00297382995908387,0.00110997237693598,0.00401273938634824,0.00618479389152845,0.0203510384238916,3949.68867456798,,1818802.1531933,0.319559270746127,0.0319559270746127,5.92284126726705,32035.5132003198,5408.8083328125,26626.7048675073,4,86,86020000 = .977|86110000 = 8.083,E SUNRISE BLVD|N FEDERAL HWY|SR-838,41000,86020000,86110000,N,,,10,0.0853824938174789,On-System / On-System,86020000,33,LPI-01623,1,0.977,0.967,0.987,E SUNRISE BLVD,On Corridor,441754-1,1,106,0.02,100,12.2,37.1,Verified Match,441754-1,1
95168,201562,86110000,URBAN GENERAL,MIAMI,URBAN PRIN ART OTHER,DIVIDED,US    1,SR    5,4,BROWARD,36000,6,35,1,LPI,Implement a Leading Pedestrian Interval (LPI),,LPI-01623,Potential Location,0.870000005,1,5408.8083328125,0.00297382995908387,0.00110997237693598,0.00401273938634824,0.00618479389152845,0.0203510384238916,3949.68867456798,,1818802.1531933,0.319559270746127,0.0319559270746127,5.92284126726705,32035.5132003198,5408.8083328125,26626.7048675073,4,86,86020000 = .977|86110000 = 8.083,E SUNRISE BLVD|N FEDERAL HWY|SR-838,41000,86020000,86110000,N,,,10,0.0853824938174789,On-System / On-System,86020000,33,LPI-01623,2,8.083,8.073,8.093,N FEDERAL HWY,On Corridor,"447678-1, 441754-1",3,105,0.02,100,0,0.4,Verified Match,"447678-1, 441754-1",3
85998,180725,79080000,URBAN GENERAL,DAYTONA BEACH-PORT ORANGE,URBAN PRIN ART OTHER,DIVIDED,,SR  A1A,5,VOLUSIA,10900,2,40,1,LPI,Implement a Leading Pedestrian Interval (LPI),,LPI-02650,Potential Location,0.870000005,1,5408.8083328125,0.00312240888029547,0.00131726624637465,0.00522515611061946,0.009452605008707,0.0307386517973463,5068.35105894262,,1732254.98010391,0.470459200510769,0.0470459200510769,7.60035569441066,41108.8672122673,5408.8083328125,35700.0588794548,5,79,79080000 = 9.017,OCEAN SHORE BLVD,15900,79080000,79A10151,Y,-81.05530892,29.32330654,10,0.101328176695288,On-System / Off-System,79080000,34,LPI-02650,1,9.017,9.007,9.027,OCEAN SHORE BLVD,On Corridor,442874-2,1,106,0.02,100,0.8,0.6,Verified Match,442874-2,1
62516,138408,72050000,URBAN GENERAL,JACKSONVILLE,URBAN PRIN ART OTHER,DIVIDED,US   17,SR    5,2,DUVAL,16300,4,35,1,LPI,Implement a Leading Pedestrian Interval (LPI),,LPI-01367,Potential Location,0.870000005,1,5408.8083328125,0.00318453896581843,0.00134347737620465,0.00532912692561177,0.00964069413480187,0.0313502933658422,5921.27233153601,,1698458.8321476,0.479820456990423,0.0479820456990423,8.87937227705274,48026.8227622672,5408.8083328125,42618.0144294547,2,72,72050000 = 11.8|72A04910 = .326,48TH ST W|MAIN ST N,9650,72050000,72A04910,Y,-81.6513333,30.37555715,10,0.103344417528989,On-System / Off-System,72050000,35,LPI-01367,1,11.8,11.790000000000001,11.81,48TH ST W,Off Corridor,,0,0,0,0,7.7,282.1,No Match - Low Overlap,,0
87178,179134,79180000,URBAN GENERAL,DAYTONA BEACH-PORT ORANGE,URBAN PRIN ART OTHER,DIVIDED,,SR  A1A,5,VOLUSIA,11900,4,35,1,LPI,Implement a Leading Pedestrian Interval (LPI),,LPI-00819,Potential Location,0.870000005,1,5408.8083328125,0.00324396656352271,0.00136854839398614,0.00542857529614504,0.00982060190128946,0.0319353302085545,6031.77089782554,,1667344.04529094,0.488774524563274,0.0488774524563274,9.04507279735134,48923.0651172096,5408.8083328125,43514.2567843971,5,79,79180000 = 2.34,S ATLANTIC AVE,6600,79180000,79A11095,Y,-80.97697394,29.16558844,10,0.105272957432509,On-System / Off-System,79180000,36,LPI-00819,1,2.34,2.33,2.3499999999999996,S ATLANTIC AVE,Off Corridor,,0,0,0,0,,,Unmatched,,0
103245,233087,87190000,URBAN GENERAL,MIAMI,URBAN MINOR ART,DIVIDED,,SR  909,6,MIAMI-DADE,23500,4,40,1,LPI,Implement a Leading Pedestrian Interval (LPI),,LPI-00147,Potential Location,0.870000005,1,5408.8083328125,0.003846394247365,0.00141385724617754,0.00572743910532295,0.00916636145068398,0.0311593060924669,5905.17495923237,,1406202.27282158,0.478516033193878,0.0478516033193878,8.85523311348057,47896.2586531909,5408.8083328125,42487.4503203784,6,87,87190000 = 1.207|87A11732 = 1.626,NE 9TH AVE|W DIXIE HWY,9250,87190000,87A11732,N,,,10,0.108758253888975,On-System / Off-System,87190000,37,LPI-00147,1,1.207,1.197,1.217,NE 9TH AVE,On Corridor,440179-1,1,106,0.02,100,0.1,0.5,Verified Match,440179-1,1
56833,127617,70011000,URBAN GENERAL,PALM BAY-MELBOURNE,URBAN MINOR ART,DIVIDED,,SR  501,5,BREVARD,16900,4,45,1,LPI,Implement a Leading Pedestrian Interval (LPI),,LPI-00677,Potential Location,0.870000005,1,5408.8083328125,0.0038920652238485,0.00143064497954248,0.00579544506619632,0.00927520018413941,0.0315292827106375,5975.29130439871,,1389701.35949167,0.484197794629006,0.0484197794629006,8.96037759874978,48464.9650212643,5408.8083328125,43056.1566884518,5,70,70011000 = 1.984,CLEARLAKE RD|CLEARLAKE VILLAGE CONDOMINIUMS,11500,70011000,70A06940,N,,,10,0.110049618043638,On-System / Off-System,70011000,38,LPI-00677,1,1.984,1.974,1.994,CLEARLAKE RD,On Corridor,447085-1,1,106,0.02,100,0,1.2,Verified Match,447085-1,1
94957,202468,86030000,URBAN GENERAL,MIAMI,URBAN MINOR ART,DIVIDED,,SR  A1A,4,BROWARD,26500,6,35,1,LPI,Implement a Leading Pedestrian Interval (LPI),,LPI-01455,Potential Location,0.870000005,1,5408.8083328125,0.00345085829535488,0.00145583084335284,0.00577479567863294,0.0104469342925783,0.0339720823279429,6426.4445114865,,1567380.59632676,0.519947289720424,0.0519947289720424,9.63691416984844,52124.2216644751,5408.8083328125,46715.4133316626,4,86,86030000 = 2.114,S OCEAN DR,11250,86030000,86A34329,Y,-80.11811946,26.00571673,10,0.111986992257411,On-System / Off-System,86030000,39,LPI-01455,1,2.114,2.104,2.1239999999999997,S OCEAN DR,On Corridor,"446996-1, 448577-1, 453431-2",5,106,0.02,100,0,0.4,Verified Match,"446996-1, 448577-1, 453431-2",5
66388,140877,72080101,URBAN GENERAL,JACKSONVILLE,URBAN PRIN ART OTHER,1WAY,US   17,SR  139,2,DUVAL,27000,4,35,1,LPI,Implement a Leading Pedestrian Interval (LPI),,LPI-02153,Potential Location,0.870000005,1,5408.8083328125,0.00345960680609575,0.00145952162132164,0.00578943576457585,0.0104734190418914,0.0340582073153223,8292.96833200301,,1563417.06903869,0.521265444237208,0.0521265444237208,12.4359004245566,67263.4018423681,5408.8083328125,61854.5935095556,2,72,72080101 = .858|72A01318 = 0|72A01319 = 0|72A02206 = .586,N HOGAN ST|UNION ST W,13250,72080101,72A02206,Y,-81.65889883,30.33282883,10,0.11227089826593,On-System / Off-System,72080101,40,LPI-02153,1,0.858,0.848,0.868,N HOGAN ST,On Corridor,"209509-2, 441298-4, 441298-3",7,105,0.02,100,0.1,282.3,Verified Match,"209509-2, 441298-4, 441298-3",7
64943,138770,72100000,URBAN GENERAL,JACKSONVILLE,URBAN PRIN ART OTHER,DIVIDED,USA  90,SR  A1A,2,DUVAL,23500,4,35,1,LPI,Implement a Leading Pedestrian Interval (LPI),,LPI-02146,Potential Location,0.870000005,1,5408.8083328125,0.00349730739164265,0.00147542655584924,0.00585252533820199,0.0105875516739182,0.034429351907882,6502.82810645023,,1546563.60654419,0.526945862150157,0.0526945862150157,9.75145684540322,52743.7610424784,5408.8083328125,47334.9527096659,2,72,72100000 = 15.528|72A07506 = 0,3RD ST|ATLANTIC BLVD,25750,72100000,72A07506,Y,-81.39823276,30.32455,10,0.113494354815109,On-System / Off-System,72100000,41,LPI-02146,1,15.528,15.518,15.538,3RD ST,On Corridor,430911-2,1,106,0.02,100,28.2,16.6,Verified Match,430911-2,1
45295,97275,46020000,URBAN GENERAL,PANAMA CITY,URBAN MINOR ART,DIVIDED,USB  98,SR   30,3,BAY,20200,4,35,1,LPI,Implement a Leading Pedestrian Interval (LPI),,LPI-00569,Potential Location,0.870000005,1,5408.8083328125,0.00350252406422538,0.00147762733959508,0.00586125511372717,0.0106033443350573,0.0344807076041438,6512.52789011072,,1544260.14886173,0.527731867989459,0.0527731867989459,9.7660023662484,52822.4349768309,5408.8083328125,47413.6266440184,3,46,46020000 = 7.278|46560010 = .597,E 4TH ST|US-98-BR,19050,46020000,46560010,Y,-85.64583376,30.15608672,10,0.113663645878993,On-System / On-System,46020000,42,LPI-00569,1,7.278,7.268,7.287999999999999,E 4TH ST,On Corridor,454640-1,2,105,0.02,100,2.4,1.3,Verified Match,454640-1,2
45295,97275,46560010,URBAN GENERAL,PANAMA CITY,URBAN MINOR ART,DIVIDED,USB  98,SR   30,3,BAY,20200,4,35,1,LPI,Implement a Leading Pedestrian Interval (LPI),,LPI-00569,Potential Location,0.870000005,1,5408.8083328125,0.00350252406422538,0.00147762733959508,0.00586125511372717,0.0106033443350573,0.0344807076041438,6512.52789011072,,1544260.14886173,0.527731867989459,0.0527731867989459,9.7660023662484,52822.4349768309,5408.8083328125,47413.6266440184,3,46,46020000 = 7.278|46560010 = .597,E 4TH ST|US-98-BR,19050,46020000,46560010,Y,-85.64583376,30.15608672,10,0.113663645878993,On-System / On-System,46020000,42,LPI-00569,2,0.597,0.587,0.607,US-98-BR,Off Corridor,,0,0,0,0,83.9,24.6,No Match - Angle Mismatch,,0
79058,183974,79270000,URBAN GENERAL,DAYTONA BEACH-PORT ORANGE,URBAN PRIN ART OTHER,DIVIDED,,SR  483,5,VOLUSIA,28500,4,40,1,LPI,Implement a Leading Pedestrian Interval (LPI),,LPI-00835,Potential Location,0.870000005,1,5408.8083328125,0.00352325093264851,0.00148637148721109,0.00589594023260399,0.0106660916906351,0.0346847539080499,6551.06704250627,,1535175.44909768,0.53085482411765,0.053085482411765,9.82379458761603,53135.0220253359,5408.8083328125,47726.2136925234,5,79,79270000 = 1.925,S CLYDE MORRIS BLVD,16500,79270000,79A05680,Y,-81.05261537,29.19419366,10,0.114336272644556,On-System / Off-System,79270000,43,LPI-00835,1,1.925,1.915,1.935,S CLYDE MORRIS BLVD,On Corridor,"448773-2, 448773-3, 452641-1, 448773-1",6,106,0.02,100,0.4,0.6,Verified Match,"448773-2, 448773-3, 452641-1, 448773-1",6
83713,172181,76030000,SUBURBAN COMMERCIAL,PALATKA,URBAN MINOR ART,DIVIDED,,SR  100,2,PUTNAM,17700,3,40,1,LPI,Implement a Leading Pedestrian Interval (LPI),,LPI-01301,Potential Location,0.870000005,1,5408.8083328125,0.00353340392320495,0.00149065478010209,0.00591293062773829,0.01069682828314,0.0347847053408638,5735.48571068411,,1530764.22915908,0.532384594241646,0.0532384594241646,8.60077192255565,46519.9268433388,5408.8083328125,41111.1185105263,2,76,76030000 = .075|76110000 = 21.32|76110001 = .029,REID ST|US-17,23950,76110000,76110001,Y,-81.65572374,29.65468443,10,0.114665756725767,On-System / On-System,76110000,44,LPI-01301,1,0.075,0.065,0.08499999999999999,REID ST,Off Corridor,,0,0,0,0,,,Unmatched,,0
83713,172181,76110000,SUBURBAN COMMERCIAL,PALATKA,URBAN MINOR ART,DIVIDED,,SR  100,2,PUTNAM,17700,3,40,1,LPI,Implement a Leading Pedestrian Interval (LPI),,LPI-01301,Potential Location,0.870000005,1,5408.8083328125,0.00353340392320495,0.00149065478010209,0.00591293062773829,0.01069682828314,0.0347847053408638,5735.48571068411,,1530764.22915908,0.532384594241646,0.0532384594241646,8.60077192255565,46519.9268433388,5408.8083328125,41111.1185105263,2,76,76030000 = .075|76110000 = 21.32|76110001 = .029,REID ST|US-17,23950,76110000,76110001,Y,-81.65572374,29.65468443,10,0.114665756725767,On-System / On-System,76110000,44,LPI-01301,2,21.32,21.31,21.330000000000002,US-17,Off Corridor,,0,0,0,0,,,Unmatched,,0
83713,172181,76110001,SUBURBAN COMMERCIAL,PALATKA,URBAN MINOR ART,DIVIDED,,SR  100,2,PUTNAM,17700,3,40,1,LPI,Implement a Leading Pedestrian Interval (LPI),,LPI-01301,Potential Location,0.870000005,1,5408.8083328125,0.00353340392320495,0.00149065478010209,0.00591293062773829,0.01069682828314,0.0347847053408638,5735.48571068411,,1530764.22915908,0.532384594241646,0.0532384594241646,8.60077192255565,46519.9268433388,5408.8083328125,41111.1185105263,2,76,76030000 = .075|76110000 = 21.32|76110001 = .029,REID ST|US-17,23950,76110000,76110001,Y,-81.65572374,29.65468443,10,0.114665756725767,On-System / On-System,76110000,44,LPI-01301,3,0.029,0.019000000000000003,0.039,,Off Corridor,,0,0,0,0,,,Unmatched,,0
82067,147166,72291000,URBAN GENERAL,JACKSONVILLE,URBAN MINOR ART,DIVIDED,,SR  111,2,DUVAL,23500,4,35,1,LPI,Implement a Leading Pedestrian Interval (LPI),,LPI-01290,Potential Location,0.870000005,1,5408.8083328125,0.00354920917732831,0.00149732262168538,0.00593937973268535,0.0107446762204275,0.0349403006589954,6599.33331829927,,1523947.4662026,0.534766001515264,0.0534766001515264,9.89617332772403,53526.5047579505,5408.8083328125,48117.696425138,2,72,72291000 = 3.334|72A02393 = 0,DIGNAN ST|EDGEWOOD AVE S,24750,72291000,72A02393,Y,-81.73053372,30.32438407,10,0.115178667636517,On-System / Off-System,72291000,45,LPI-01290,1,3.334,3.3240000000000003,3.344,DIGNAN ST,Off Corridor,,0,0,0,0,,,Unmatched,,0
92351,220527,87002000,URBAN GENERAL,MIAMI,URBAN PRIN ART OTHER,DIVIDED,,SR  823,6,MIAMI-DADE,41000,6,45,1,LPI,Implement a Leading Pedestrian Interval (LPI),,LPI-00413,Potential Location,0.870000005,1,5408.8083328125,0.00354921696088642,0.00149732590537396,0.00593939275798336,0.0107446997839335,0.0349403772844764,6609.61532064812,,1523944.124132,0.534767174278558,0.0534767174278558,9.91159192722379,53609.9010074052,5408.8083328125,48201.0926745927,6,87,87002000 = 3.943|87A12375 = .008,W 4TH AVE|W 71ST ST,17750,87002000,87A12375,Y,-80.29137518,25.88701177,10,0.115178920227955,On-System / Off-System,87002000,46,LPI-00413,1,3.943,3.9330000000000003,3.953,W 4TH AVE,Off Corridor,,0,0,0,0,,,Unmatched,,0
19579,61715,15140000,URBAN GENERAL,TAMPA-ST PETERSBURG,URBAN MINOR ART,DIVIDED,,SR  699,7,PINELLAS,14900,4,35,1,LPI,Implement a Leading Pedestrian Interval (LPI),,LPI-02208,Potential Location,0.870000005,1,5408.8083328125,0.00355705503857932,0.00150063259440065,0.00595250929112258,0.0107684283394491,0.035017539485264,6613.92176631052,,1520586.06744887,0.535948152140943,0.0535948152140943,9.9180497511654,53644.8301393523,5408.8083328125,48236.0218065398,7,15,15140000 = 1.039|15A12932 = 0,161ST AVE|GULF BLVD,9800,15140000,15A12932,Y,-82.81425611,27.81048436,10,0.115433280932099,On-System / Off-System,15140000,47,LPI-02208,1,1.039,1.029,1.049,161ST AVE,On Corridor,"457153-1, 452002-1, 456312-2",4,106,0.02,100,0.2,0.1,Verified Match,"457153-1, 452002-1, 456312-2",4
19417,60861,15007000,URBAN GENERAL,TAMPA-ST PETERSBURG,URBAN PRIN ART OTHER,DIVIDED,USA  19,SR  595,7,PINELLAS,27000,6,40,1,LPI,Implement a Leading Pedestrian Interval (LPI),,LPI-02420,Potential Location,0.870000005,1,5408.8083328125,0.00356420227254468,0.00150364783372979,0.00596446974046149,0.0107900654735239,0.0350879006533871,6637.52208053704,,1517536.86216884,0.537025039283568,0.0537025039283568,9.95344011393534,53836.2498284037,5408.8083328125,48427.4414955912,7,15,15007000 = 2.486,S MISSOURI AVE,12500,15007000,15A05292,Y,-82.78759067,27.95285,10,0.115665222427877,On-System / Off-System,15007000,48,LPI-02420,1,2.486,2.4760000000000004,2.496,S MISSOURI AVE,Off Corridor,,0,0,0,0,,,Unmatched,,0
18819,34034,11040000,URBAN GENERAL,LEESBURG-EUSTIS-TAVARES,URBAN PRIN ART OTHER,DIVIDED,US   27,SR   25,5,LAKE,26500,4,35,1,LPI,Implement a Leading Pedestrian Interval (LPI),,LPI-00295,Potential Location,0.870000005,1,5408.8083328125,0.00357012063758675,0.00150614464398191,0.00597437375446157,0.0108079823989443,0.0351461641829927,6638.21569730902,,1515021.16647482,0.537916770441391,0.0537916770441391,9.95448024200094,53841.8756817521,5408.8083328125,48433.0673489396,5,11,11040000 = 3.241|11A00878 = .225,S 14TH ST|YELLOW JACKET WAY,13750,11040000,11A00878,Y,-81.88765967,28.80856,10,0.11585728476235,On-System / Off-System,11040000,49,LPI-00295,1,3.241,3.2310000000000003,3.251,S 14TH ST,Off Corridor,,0,0,0,0,,,Unmatched,,0
117951,273414,93110000,URBAN GENERAL,BELLE GLADE,URBAN PRIN ART OTHER,DIVIDED,,SR   80,4,PALM BEACH,21000,4,35,1,LPI,Implement a Leading Pedestrian Interval (LPI),,LPI-02105,Potential Location,0.870000005,1,5408.8083328125,0.00360247959315774,0.00151979607836342,0.00602852444417491,0.0109059440808486,0.0354647229323287,6698.38333549985,,1501412.62231868,0.542792354950314,0.0542792354950314,10.0447059280722,54329.8891244078,5408.8083328125,48921.0807915953,4,93,93110000 = 3.492,S MAIN ST,8950,93110000,93A04061,Y,-80.67041003,26.675345,10,0.116907395139778,On-System / Off-System,93110000,50,LPI-02105,1,3.492,3.482,3.502,S MAIN ST,Off Corridor,,0,0,0,0,,,Unmatched,,0
102578,231727,87080900,URBAN GENERAL,MIAMI,URBAN MINOR ART,DIVIDED,,SR  934,6,MIAMI-DADE,32500,4,40,1,LPI,Implement a Leading Pedestrian Interval (LPI),,LPI-02337,Potential Location,0.870000005,1,5408.8083328125,0.00360838778715563,0.00152228859770628,0.00603841143756824,0.0109238302150219,0.0355228863327719,6709.36892117631,,1498954.2842556,0.543682553617839,0.0543682553617839,10.061179601202,54418.9920649047,5408.8083328125,49010.1837320922,6,87,87080900 = 36.147,NW 79TH ST,15750,87080900,87A27024,Y,-80.24682085,25.84588447,10,0.117099127404296,On-System / Off-System,87080900,51,LPI-02337,1,36.147,36.137,36.157,NW 79TH ST,Off Corridor,,0,0,0,0,,,Unmatched,,0
91781,199497,86018000,URBAN GENERAL,MIAMI,URBAN PRIN ART OTHER,DIVIDED,,SR  824,4,BROWARD,42000,4,40,1,LPI,Implement a Leading Pedestrian Interval (LPI),,LPI-02060,Potential Location,0.870000005,1,5408.8083328125,0.00360903303626289,0.00152256081217341,0.00603949122162118,0.010925783605874,0.0355292385077724,6710.56868532641,,1498686.29033478,0.543779774510673,0.0543779774510673,10.06297873354,54428.723226886,5408.8083328125,49019.9148940735,4,86,86018000 = 1.686|86900201 = .005,PEMBROKE RD|S 66TH AVE,18750,86018000,86900201,Y,-80.22032,25.99532417,10,0.117120066979495,On-System / On-System,86018000,52,LPI-02060,1,1.686,1.676,1.696,PEMBROKE RD,On Corridor,446372-1,1,105,0.02,100,0,0.3,Verified Match,446372-1,1
91781,199497,86900201,URBAN GENERAL,MIAMI,URBAN PRIN ART OTHER,DIVIDED,,SR  824,4,BROWARD,42000,4,40,1,LPI,Implement a Leading Pedestrian Interval (LPI),,LPI-02060,Potential Location,0.870000005,1,5408.8083328125,0.00360903303626289,0.00152256081217341,0.00603949122162118,0.010925783605874,0.0355292385077724,6710.56868532641,,1498686.29033478,0.543779774510673,0.0543779774510673,10.06297873354,54428.723226886,5408.8083328125,49019.9148940735,4,86,86018000 = 1.686|86900201 = .005,PEMBROKE RD|S 66TH AVE,18750,86018000,86900201,Y,-80.22032,25.99532417,10,0.117120066979495,On-System / On-System,86018000,52,LPI-02060,2,0.005,0,0.015,S 66TH AVE,Off Corridor,,0,0,0,0,86.3,59.5,No Match - Angle Mismatch,,0
70055,159019,75060000,URBAN GENERAL,ORLANDO,URBAN PRIN ART OTHER,DIVIDED,,SR   50,5,ORANGE,34000,6,40,1,LPI,Implement a Leading Pedestrian Interval (LPI),,LPI-00700,Potential Location,0.870000005,1,5408.8083328125,0.00361078300310521,0.00152329907943501,0.00604241968175887,0.0109310813570568,0.0355464661110381,6724.26817516941,,1497959.95166728,0.544043445295993,0.0544043445295993,10.0835221004907,54539.8383612329,5408.8083328125,49131.0300284204,5,75,75060000 = 2.782|75A08029 = 0,COY DR|E COLONIAL DR,21250,75060000,75A08029,Y,-81.34995521,28.55326057,10,0.117176856771034,On-System / Off-System,75060000,53,LPI-00700,1,2.782,2.7720000000000002,2.792,COY DR,On Corridor,447717-1,1,105,0.02,100,0.1,0.7,Verified Match,447717-1,1
108797,266732,93090000,URBAN GENERAL,MIAMI,URBAN MINOR ART,DIVIDED,,SR  811,4,PALM BEACH,24500,4,45,1,LPI,Implement a Leading Pedestrian Interval (LPI),,LPI-01812,Potential Location,0.870000005,1,5408.8083328125,0.00362960704788749,0.00153124047332754,0.00607392054419923,0.0109880682113782,0.0357317800081487,6748.823618643,,1490191.15883647,0.546879699418424,0.0546879699418424,10.1203447480269,54739.005004063,5408.8083328125,49330.1966712505,4,93,93090000 = 2.382,ALTERNATE A1A S,9100,93090000,93A38744,Y,-80.08570997,26.82182503,10,0.1177877332478,On-System / Off-System,93090000,54,LPI-01812,1,2.382,2.3720000000000003,2.392,ALTERNATE A1A S,Off Corridor,,0,0,0,0,,,Unmatched,,0
78215,200920,86050000,URBAN GENERAL,MIAMI,URBAN MINOR ART,DIVIDED,,SR  A1A,4,BROWARD,18000,2,35,1,LPI,Implement a Leading Pedestrian Interval (LPI),,LPI-01440,Potential Location,0.870000005,1,5408.8083328125,0.00364852550457895,0.00153922169724424,0.00610557939906883,0.0110453408830027,0.0359180233462495,5922.35316181972,,1482464.1697103,0.549730178760231,0.0549730178760231,8.88099305953326,48035.5892640535,5408.8083328125,42626.780931241,4,86,86050000 = 7.503,N OCEAN DR,8650,86050000,86A05173,Y,-80.09585806,26.19794,10,0.118401673572698,On-System / Off-System,86050000,55,LPI-01440,1,7.503,7.493,7.513,N OCEAN DR,On Corridor,"451576-3, 451576-2",4,106,0.02,100,0,0.6,Verified Match,"451576-3, 451576-2",4
119265,264620,93050000,URBAN GENERAL,MIAMI,URBAN MINOR ART,DIVIDED,US    1,SR  805,4,PALM BEACH,19000,4,35,1,LPI,Implement a Leading Pedestrian Interval (LPI),,LPI-00260,Potential Location,0.870000005,1,5408.8083328125,0.00366696795273017,0.00154700210505804,0.0061364416833969,0.011101172513148,0.0360995806034007,6818.29178797634,,1475008.34546031,0.552508937002766,0.0552508937002767,10.2245172471756,55302.4540855083,5408.8083328125,49893.6457526958,4,93,93050000 = 2.386,N DIXIE HWY,10750,93050000,93A39908,Y,-80.05696769,26.62574934,10,0.119000166504471,On-System / Off-System,93050000,56,LPI-00260,1,2.386,2.3760000000000003,2.396,N DIXIE HWY,On Corridor,"447553-1, 457558-1, 448107-1",3,106,0.02,100,0,0.8,Verified Match,"447553-1, 457558-1, 448107-1",3
113658,264308,93012000,URBAN GENERAL,MIAMI,URBAN MINOR ART,DIVIDED,,SR  708,4,PALM BEACH,37500,6,40,1,LPI,Implement a Leading Pedestrian Interval (LPI),,LPI-01775,Potential Location,0.870000005,1,5408.8083328125,0.00373116875216372,0.00157408681731907,0.00624387770869897,0.0112955304020581,0.0367316073796992,6948.45945457942,,1449628.43872337,0.562182191829918,0.0562182191829918,10.4197129932061,56358.2304631678,5408.8083328125,50949.4221303553,4,93,93012000 = 2.478|93A10121 = .009,AVENUE O|W BLUE HERON BLVD,18250,93012000,93A10121,Y,-80.07345072,26.78090213,10,0.121083605989298,On-System / Off-System,93012000,57,LPI-01775,1,2.478,2.4680000000000004,2.488,AVENUE O,Off Corridor,,0,0,0,0,,,Unmatched,,0
94747,206015,86220000,URBAN GENERAL,MIAMI,URBAN PRIN ART OTHER,DIVIDED,,SR  817,4,BROWARD,50000,6,45,1,LPI,Implement a Leading Pedestrian Interval (LPI),,LPI-02536,Potential Location,0.870000005,1,5408.8083328125,0.00423501700272723,0.00158813137602271,0.00889353570572718,0.0139226183964658,0.0542082176349086,9768.69212292624,,1277163.3099299,0.790360048133969,0.0790360048133969,14.6488540237219,79232.8437096611,5408.8083328125,73824.0353768486,4,86,86220000 = 18.902,N UNIVERSITY DR,28250,86220000,86A04918,Y,-80.25381251,26.24260547,10,0.122163956700361,On-System / Off-System,86220000,58,LPI-02536,1,18.902,18.892,18.912000000000003,N UNIVERSITY DR,On Corridor,455316-1,1,106,0.02,100,0,0.7,Verified Match,455316-1,1
94569,207527,86220000,URBAN GENERAL,MIAMI,URBAN PRIN ART OTHER,DIVIDED,,SR  817,4,BROWARD,48500,6,45,1,LPI,Implement a Leading Pedestrian Interval (LPI),,LPI-00396,Potential Location,0.870000005,1,5408.8083328125,0.00379386497107949,0.00160053678467416,0.00634879591254083,0.0114853334085414,0.0373488222660723,7065.21700805084,,1425672.33521585,0.571628748689367,0.0571628748689367,10.5947993134061,57305.2388108269,5408.8083328125,51896.4304780144,4,86,86220000 = 17.222|86A06876 = .126,N UNIVERSITY DR|NW 78TH ST,21500,86220000,86A06876,Y,-80.2527,26.21850551,10,0.123118218941021,On-System / Off-System,86220000,59,LPI-00396,1,17.222,17.212,17.232000000000003,N UNIVERSITY DR,On Corridor,"446998-1, 449243-3",2,106,0.02,100,0,0.6,Verified Match,"446998-1, 449243-3",2
94753,207478,86110000,URBAN GENERAL,MIAMI,URBAN PRIN ART OTHER,DIVIDED,,SR  838,4,BROWARD,39000,6,45,1,LPI,Implement a Leading Pedestrian Interval (LPI),,LPI-02548,Potential Location,0.870000005,1,5408.8083328125,0.00379709854385319,0.00160190094818807,0.00635420709447933,0.0114951225448681,0.0373806552742923,7071.2388073325,,1424458.24630187,0.572115957162131,0.0572115957162131,10.6038294330503,57354.0809972047,5408.8083328125,51945.2726643922,4,86,86110000 = .248,W SUNRISE BLVD,19500,86110000,86A22179,Y,-80.25305,26.14858496,10,0.123223154599973,On-System / Off-System,86110000,60,LPI-02548,1,0.248,0.238,0.258,W SUNRISE BLVD,Off Corridor,,0,0,0,0,,,Unmatched,,0
90143,204696,86180000,URBAN GENERAL,MIAMI,URBAN MINOR ART,DIVIDED,,SR  A1A,4,BROWARD,44500,6,35,1,LPI,Implement a Leading Pedestrian Interval (LPI),,LPI-01561,Potential Location,0.870000005,1,5408.8083328125,0.00380636662987484,0.00160581092197845,0.00636971665718118,0.0115231802271602,0.0374718952367601,7088.49852519051,,1420989.84642222,0.573512397060673,0.0573512397060673,10.629711617094,57494.0727699321,5408.8083328125,52085.2644371196,4,86,86180000 = .575|86A17926 = .009,SE 15TH AVE|SE 17TH ST,19500,86180000,86A17926,Y,-80.12752,26.10048727,10,0.123523921826185,On-System / Off-System,86180000,61,LPI-01561,1,0.575,0.565,0.585,SE 15TH AVE,On Corridor,"449825-1, 441754-1",4,106,0.02,100,0,0.4,Verified Match,"449825-1, 441754-1",4
108154,270103,93180000,URBAN GENERAL,MIAMI,URBAN PRIN ART OTHER,DIVIDED,,SR  802,4,PALM BEACH,39500,6,40,1,LPI,Implement a Leading Pedestrian Interval (LPI),,LPI-01911,Potential Location,0.870000005,1,5408.8083328125,0.00381079542498087,0.00160767931991381,0.00637712796899143,0.0115365877123444,0.0375154946485812,7096.74615623348,,1419338.4135386,0.57417969192329,0.057417969192329,10.6420795310041,57560.9684457481,5408.8083328125,52152.1601129356,4,93,93180000 = 5.354|93A14600 = .906,EMPIRE WAY|LAKE WORTH RD,32750,93180000,93A14600,Y,-80.11848916,26.61858302,10,0.123667644749817,On-System / Off-System,93180000,62,LPI-01911,1,5.354,5.344,5.364,EMPIRE WAY,Off Corridor,,0,0,0,0,,,Unmatched,,0
111602,279850,94030000,URBAN GENERAL,PORT SAINT LUCIE,URBAN PRIN ART OTHER,DIVIDED,,SR   70,4,ST. LUCIE,39000,6,45,1,LPI,Implement a Leading Pedestrian Interval (LPI),,LPI-00890,Potential Location,0.870000005,1,5408.8083328125,0.00381437213263457,0.00160918824345521,0.00638311336570566,0.0115474156359054,0.0375507056588501,9555.15651936209,,1418007.51073458,0.574718601171799,0.0574718601171799,14.3286420806986,77500.8786839706,5408.8083328125,72092.0703511581,4,94,94030000 = 22.396,OKEECHOBEE RD,17750,94030000,94A05151,Y,-80.37066509,27.42386727,10,0.123783715795928,On-System / Off-System,94030000,63,LPI-00890,1,22.396,22.386,22.406000000000002,OKEECHOBEE RD,Off Corridor,,0,0,0,0,,,Unmatched,,0
106788,230724,87220000,URBAN GENERAL,MIAMI,URBAN PRIN ART OTHER,DIVIDED,,SR  948,6,MIAMI-DADE,45500,6,40,1,LPI,Implement a Leading Pedestrian Interval (LPI),,LPI-02599,Potential Location,0.870000005,1,5408.8083328125,0.00383603780392069,0.00161832844852904,0.00641936951249853,0.011613005070463,0.0377639940368786,7143.7543883052,,1409998.70420576,0.577983008487613,0.0577983008487613,10.7125717443799,57942.2473168536,5408.8083328125,52533.4389840411,6,87,87220000 = 2.499,NW 36TH ST,26000,87220000,87A44364,Y,-80.2838,25.80778483,10,0.124486808520957,On-System / Off-System,87220000,64,LPI-02599,1,2.499,2.4890000000000003,2.509,NW 36TH ST,Off Corridor,,0,0,0,0,,,Unmatched,,0
83831,173775,78010000,URBAN GENERAL,ST. AUGUSTINE,URBAN PRIN ART OTHER,DIVIDED,US    1,SR    5,2,ST. JOHNS,29500,4,35,0,LPI,Implement a Leading Pedestrian Interval (LPI),,LPI-02618,Potential Location,0.870000005,1,5408.8083328125,0.00440340358033977,0.00161860268592398,0.00655684889291689,0.0104937731898599,0.0356715903738849,6760.32327570947,,1228324.46177807,0.547811555006197,0.0547811555006197,10.1375893080529,54832.2775240275,5408.8083328125,49423.469191215,2,78,78010000 = 17.076|78A01662 = .023,CARRERA ST|MALAGA ST|N PONCE DE LEON BLVD,15250,78010000,78A01662,N,,,10,0.124507903705995,On-System / Off-System,78010000,65,LPI-02618,1,17.076,17.066,17.086000000000002,CARRERA ST,Off Corridor,,0,0,0,0,,,Unmatched,,0
98053,207948,86100000,URBAN GENERAL,MIAMI,URBAN PRIN ART OTHER,DIVIDED,US  441,SR    7,4,BROWARD,55500,6,40,1,LPI,Implement a Leading Pedestrian Interval (LPI),,LPI-00387,Potential Location,0.870000005,1,5408.8083328125,0.00384483702448589,0.00162204061970498,0.0064340944581631,0.0116396433358459,0.0378506182387083,7160.14095010134,,1406771.80810694,0.579308803548709,0.0579308803548709,10.7371445683241,58075.157011764,5408.8083328125,52666.3486789515,4,86,86100000 = 2.323,S 60TH AVE,16500,86100000,86A05017,Y,-80.20735979,26.00645469,10,0.124772360160859,On-System / Off-System,86100000,66,LPI-00387,1,2.323,2.313,2.3329999999999997,S 60TH AVE,Off Corridor,,0,0,0,0,,,Unmatched,,0
108874,249166,92030000,URBAN GENERAL,KISSIMMEE,URBAN PRIN ART OTHER,DIVIDED,US  192,SR  500,5,OSCEOLA,42000,6,45,1,LPI,Implement a Leading Pedestrian Interval (LPI),,LPI-00210,Potential Location,0.870000005,1,5408.8083328125,0.00384594878639456,0.00162250964426021,0.00643595492223215,0.0116430090213117,0.0378615630135609,7162.21135566558,,1406365.1476449,0.579476314800044,0.0579476314800044,10.7402492898671,58091.9498555166,5408.8083328125,52683.1415227041,5,92,92030000 = 7.381,13TH ST,20750,92030000,92A01972,Y,-81.3073096,28.2476308,10,0.124808438974187,On-System / Off-System,92030000,67,LPI-00210,1,7.381,7.371,7.391,13TH ST,Off Corridor,,0,0,0,0,,,Unmatched,,0
92009,221277,87002000,URBAN GENERAL,MIAMI,URBAN PRIN ART OTHER,DIVIDED,,SR  823,6,MIAMI-DADE,41000,6,45,1,LPI,Implement a Leading Pedestrian Interval (LPI),,LPI-02584,Potential Location,0.870000005,1,5408.8083328125,0.00386353321079193,0.00162992807330285,0.00646538135743463,0.0116962431186084,0.038034673429054,7194.95837625702,,1399964.23939211,0.582125792994791,0.0582125792994791,10.7893557944349,58357.5575266181,5408.8083328125,52948.7491938056,6,87,87002000 = 4.22|87A12188 = .009,W 4TH AVE|W 75TH PL,17750,87002000,87A12188,Y,-80.29158474,25.89104,10,0.12537908738403,On-System / Off-System,87002000,68,LPI-02584,1,4.22,4.21,4.2299999999999995,W 4TH AVE,Off Corridor,,0,0,0,0,,,Unmatched,,0
110155,247636,90010000,URBAN GENERAL,KEY WEST,URBAN PRIN ART OTHER,DIVIDED,US    1,SR    5,6,MONROE,45000,4,35,1,LPI,Implement a Leading Pedestrian Interval (LPI),,LPI-00618,Potential Location,0.870000005,1,5408.8083328125,0.0038683461756231,0.001631958542841,0.00647343555326929,0.011710813617609,0.0380820548117396,7192.73069803168,,1398222.41527835,0.582850971430212,0.0582850971430212,10.7860152312639,58339.4890607025,5408.8083328125,52930.68072789,6,90,90010000 = 4.226|90550031 = .016,COLLEGE RD|FLORIDA KEYS OVERSEAS HERITAGE TRL|OVERSEAS HWY,39650,90010000,90550031,Y,-81.74812349,24.57121376,10,0.12553527735451,On-System / On-System,90010000,69,LPI-00618,1,4.226,4.216,4.236,COLLEGE RD,On Corridor,433891-4,1,106,0.02,100,0,0.3,Verified Match,433891-4,1
110155,247636,90550031,URBAN GENERAL,KEY WEST,URBAN PRIN ART OTHER,DIVIDED,US    1,SR    5,6,MONROE,45000,4,35,1,LPI,Implement a Leading Pedestrian Interval (LPI),,LPI-00618,Potential Location,0.870000005,1,5408.8083328125,0.0038683461756231,0.001631958542841,0.00647343555326929,0.011710813617609,0.0380820548117396,7192.73069803168,,1398222.41527835,0.582850971430212,0.0582850971430212,10.7860152312639,58339.4890607025,5408.8083328125,52930.68072789,6,90,90010000 = 4.226|90550031 = .016,COLLEGE RD|FLORIDA KEYS OVERSEAS HERITAGE TRL|OVERSEAS HWY,39650,90010000,90550031,Y,-81.74812349,24.57121376,10,0.12553527735451,On-System / On-System,90010000,69,LPI-00618,2,0.016,0.006,0.026000000000000002,FLORIDA KEYS OVERSEAS HERITAGE TRL,Off Corridor,,0,0,0,0,89,110.4,No Match - Angle Mismatch,,0
113653,264293,93012000,URBAN GENERAL,MIAMI,URBAN MINOR ART,DIVIDED,,SR  708,4,PALM BEACH,33000,6,40,1,LPI,Implement a Leading Pedestrian Interval (LPI),,LPI-00256,Potential Location,0.870000005,1,5408.8083328125,0.00387882341065725,0.00163637862637103,0.00649096855127174,0.0117425318096069,0.0381851982794468,7223.4329216002,,1394445.62440031,0.584429596077622,0.0584429596077622,10.8320554161319,58588.5115962612,5408.8083328125,53179.7032634487,4,93,93012000 = 2.661|93025502 = .004,AUSTRALIAN AVE|W BLUE HERON BLVD,46700,93012000,93025502,Y,-80.07052365,26.7807751,10,0.125875283792974,On-System / On-System,93012000,70,LPI-00256,1,2.661,2.6510000000000002,2.671,AUSTRALIAN AVE,Off Corridor,,0,0,0,0,,,Unmatched,,0
113653,264293,93025502,URBAN GENERAL,MIAMI,URBAN MINOR ART,DIVIDED,,SR  708,4,PALM BEACH,33000,6,40,1,LPI,Implement a Leading Pedestrian Interval (LPI),,LPI-00256,Potential Location,0.870000005,1,5408.8083328125,0.00387882341065725,0.00163637862637103,0.00649096855127174,0.0117425318096069,0.0381851982794468,7223.4329216002,,1394445.62440031,0.584429596077622,0.0584429596077622,10.8320554161319,58588.5115962612,5408.8083328125,53179.7032634487,4,93,93012000 = 2.661|93025502 = .004,AUSTRALIAN AVE|W BLUE HERON BLVD,46700,93012000,93025502,Y,-80.07052365,26.7807751,10,0.125875283792974,On-System / On-System,93012000,70,LPI-00256,2,0.004,0,0.014,W BLUE HERON BLVD,Off Corridor,,0,0,0,0,,,Unmatched,,0
104180,227022,87030000,URBAN GENERAL,MIAMI,URBAN PRIN ART OTHER,DIVIDED,US    1,SR    5,6,MIAMI-DADE,48500,6,40,1,LPI,Implement a Leading Pedestrian Interval (LPI),,LPI-01495,Potential Location,0.870000005,1,5408.8083328125,0.00388186931063776,0.00163766361542531,0.00649606567452038,0.011751752795876,0.0382151837369894,7229.10522267343,,1393351.47579295,0.584888527538749,0.0584888527538749,10.8405614381618,58634.5190390953,5408.8083328125,53225.7107062828,6,87,87030000 = 20.653|87A04570 = .011,BISCAYNE BLVD|SOLE MIA WAY,21750,87030000,87A04570,Y,-80.15813234,25.90779963,10,0.125974129108644,On-System / Off-System,87030000,71,LPI-01495,1,20.653,20.642999999999997,20.663,BISCAYNE BLVD,On Corridor,451123-1,5,106,0.02,100,0,0.4,Verified Match,451123-1,5
118926,266325,93004000,URBAN GENERAL,MIAMI,URBAN PRIN ART OTHER,DIVIDED,,SR  808,4,PALM BEACH,25000,6,45,1,LPI,Implement a Leading Pedestrian Interval (LPI),,LPI-01773,Potential Location,0.870000005,1,5408.8083328125,0.00388264763965281,0.00163799197297853,0.0064973681594815,0.0117541090653552,0.0382228460213008,7230.55468474888,,1393072.15972247,0.585005799830813,0.0585005799830813,10.8427350104363,58646.2754749254,5408.8083328125,53237.4671421129,4,93,93004000 = 7.583|93010000 = 2.617,GLADES RD|N FEDERAL HWY,24250,93004000,93010000,Y,-80.08255409,26.36184626,10,0.12599938738294,On-System / On-System,93004000,72,LPI-01773,1,7.583,7.573,7.593,GLADES RD,On Corridor,448135-1,5,106,0.02,100,0.2,0.5,Verified Match,448135-1,5
118926,266325,93010000,URBAN GENERAL,MIAMI,URBAN PRIN ART OTHER,DIVIDED,,SR  808,4,PALM BEACH,25000,6,45,1,LPI,Implement a Leading Pedestrian Interval (LPI),,LPI-01773,Potential Location,0.870000005,1,5408.8083328125,0.00388264763965281,0.00163799197297853,0.0064973681594815,0.0117541090653552,0.0382228460213008,7230.55468474888,,1393072.15972247,0.585005799830813,0.0585005799830813,10.8427350104363,58646.2754749254,5408.8083328125,53237.4671421129,4,93,93004000 = 7.583|93010000 = 2.617,GLADES RD|N FEDERAL HWY,24250,93004000,93010000,Y,-80.08255409,26.36184626,10,0.12599938738294,On-System / On-System,93004000,72,LPI-01773,2,2.617,2.607,2.627,N FEDERAL HWY,On Corridor,"451579-2, 448064-1, 448135-1, 233752-1",10,106,0.02,100,0,0.8,Verified Match,"451579-2, 448064-1, 448135-1, 233752-1",10
94012,200055,86020000,URBAN GENERAL,MIAMI,URBAN PRIN ART OTHER,DIVIDED,US    1,SR    5,4,BROWARD,53000,6,45,1,LPI,Implement a Leading Pedestrian Interval (LPI),,LPI-00852,Potential Location,0.870000005,1,5408.8083328125,0.0039060086235887,0.00164784738807648,0.00653646130603672,0.0118248307940674,0.0384528239576884,7274.05924336835,,1384740.49958525,0.588525643082279,0.0588525643082279,10.9079732143394,58999.1364158148,5408.8083328125,53590.3280830023,4,86,86020000 = 3.955,N FEDERAL HWY,27000,86020000,86A17858,Y,-80.11591566,26.16542179,10,0.126757496265787,On-System / Off-System,86020000,73,LPI-00852,1,3.955,3.9450000000000003,3.965,N FEDERAL HWY,On Corridor,"457344-1, 457345-1",2,106,0.02,100,0.6,0.4,Verified Match,"457344-1, 457345-1",2
107681,203680,86220000,URBAN GENERAL,MIAMI,URBAN PRIN ART OTHER,DIVIDED,,SR  817,4,BROWARD,48500,6,45,1,LPI,Implement a Leading Pedestrian Interval (LPI),,LPI-00377,Potential Location,0.870000005,1,5408.8083328125,0.00391498054078069,0.00165163241564186,0.00655147524871269,0.0118519918715041,0.0385411482768574,7290.76741364402,,1381567.10524388,0.589877458667941,0.0589877458667941,10.9330283132505,59134.6546435844,5408.8083328125,53725.8463107719,4,86,86220000 = 10.794,N UNIVERSITY DR,26750,86220000,86A21052,Y,-80.25629955,26.12633015,10,0.127048652243552,On-System / Off-System,86220000,74,LPI-00377,1,10.794,10.784,10.804,N UNIVERSITY DR,On Corridor,"446998-1, 449243-3",2,106,0.02,100,0,0.4,Verified Match,"446998-1, 449243-3",2
104405,237555,87281000,URBAN GENERAL,MIAMI,URBAN PRIN ART OTHER,DIVIDED,,SR  953,6,MIAMI-DADE,62500,6,40,1,LPI,Implement a Leading Pedestrian Interval (LPI),,LPI-00684,Potential Location,0.870000005,1,5408.8083328125,0.00450226501690052,0.00165494216374654,0.00670405763475461,0.0107293703758921,0.0364724582944439,6922.85437224722,,1201352.72190975,0.560110549705272,0.0560110549705272,10.381316336967,56150.5503089495,5408.8083328125,50741.741976137,6,87,87281000 = 3.926|87A03998 = .009,N LE JEUNE RD|NW 12TH ST,21500,87281000,87A03998,N,,,10,0.127303248261397,On-System / Off-System,87281000,75,LPI-00684,1,3.926,3.9160000000000004,3.936,N LE JEUNE RD,Off Corridor,,0,0,0,0,,,Unmatched,,0
104215,227070,87030000,URBAN GENERAL,MIAMI,URBAN PRIN ART OTHER,DIVIDED,US    1,SR    5,6,MIAMI-DADE,37000,4,35,1,LPI,Implement a Leading Pedestrian Interval (LPI),,LPI-01035,Potential Location,0.870000005,1,5408.8083328125,0.00392652483032449,0.00165650266279314,0.00657079389574614,0.0118869404043027,0.0386547963960304,7300.9070030061,,1377505.19009592,0.591616858419048,0.0591616858419048,10.948233354269,59216.8957961457,5408.8083328125,53808.0874633332,6,87,87030000 = 18.629,BISCAYNE BLVD,19500,87030000,87A24227,Y,-80.16738995,25.879575,10,0.127423286654214,On-System / Off-System,87030000,76,LPI-01035,1,18.629,18.619,18.639000000000003,BISCAYNE BLVD,Off Corridor,,0,0,0,0,,,Unmatched,,0
103058,203753,86100000,URBAN GENERAL,MIAMI,URBAN PRIN ART OTHER,DIVIDED,US  441,SR    7,4,BROWARD,55500,6,45,1,LPI,Implement a Leading Pedestrian Interval (LPI),,LPI-00384,Potential Location,0.870000005,1,5408.8083328125,0.0039297912680417,0.00165788069120509,0.00657626007511354,0.0118968290341106,0.0386869529442137,7318.34904950712,,1376360.20945912,0.592109018714471,0.0592109018714471,10.9743889531816,59358.3664174942,5408.8083328125,53949.5580846817,4,86,86100000 = 14.49,SR-7,24500,86100000,86A07383,Y,-80.20357222,26.18219375,10,0.127529288843826,On-System / Off-System,86100000,77,LPI-00384,1,14.49,14.48,14.5,SR-7,Off Corridor,,0,0,0,0,,,Unmatched,,0
110026,246011,90003000,URBAN GENERAL,KEY WEST,URBAN PRIN ART OTHER,DIVIDED,US    1,SR    5,6,MONROE,45000,3,35,1,LPI,Implement a Leading Pedestrian Interval (LPI),,LPI-02108,Potential Location,0.870000005,1,5408.8083328125,0.00393595266397213,0.00166048003011324,0.00658657078611587,0.0119154816975719,0.0387476089989944,6695.15466742373,,1374205.63573393,0.593037367791927,0.0593037367791927,10.0398643088725,54303.7017341363,5408.8083328125,48894.8934013238,6,90,90003000 = 2.864|90010000 = 3.952,FLORIDA KEYS OVERSEAS HERITAGE TRL|N ROOSEVELT BLVD|OVERSEAS HWY|S ROOSEVELT BLVD,48500,90010000,90003000,Y,-81.75252702,24.56993532,10,0.127729237998297,On-System / On-System,90010000,78,LPI-02108,1,2.864,2.854,2.8739999999999997,FLORIDA KEYS OVERSEAS HERITAGE TRL,On Corridor,"446011-1, 433891-4",2,106,0.02,100,16.2,1.1,Verified Match,"446011-1, 433891-4",2
110026,246011,90010000,URBAN GENERAL,KEY WEST,URBAN PRIN ART OTHER,DIVIDED,US    1,SR    5,6,MONROE,45000,3,35,1,LPI,Implement a Leading Pedestrian Interval (LPI),,LPI-02108,Potential Location,0.870000005,1,5408.8083328125,0.00393595266397213,0.00166048003011324,0.00658657078611587,0.0119154816975719,0.0387476089989944,6695.15466742373,,1374205.63573393,0.593037367791927,0.0593037367791927,10.0398643088725,54303.7017341363,5408.8083328125,48894.8934013238,6,90,90003000 = 2.864|90010000 = 3.952,FLORIDA KEYS OVERSEAS HERITAGE TRL|N ROOSEVELT BLVD|OVERSEAS HWY|S ROOSEVELT BLVD,48500,90010000,90003000,Y,-81.75252702,24.56993532,10,0.127729237998297,On-System / On-System,90010000,78,LPI-02108,2,3.952,3.942,3.9619999999999997,N ROOSEVELT BLVD,On Corridor,"446011-2, 433891-4",5,105,0.02,100,36.2,0.4,Verified Parallel Fallback,"446011-2, 433891-4",5
112597,263680,93004000,URBAN GENERAL,MIAMI,URBAN PRIN ART OTHER,DIVIDED,,SR  808,4,PALM BEACH,36500,6,45,1,LPI,Implement a Leading Pedestrian Interval (LPI),,LPI-02233,Potential Location,0.870000005,1,5408.8083328125,0.00394992191347103,0.00166637330724559,0.00660994745207417,0.0119577714177346,0.0388851297122253,7355.8378319373,,1369345.6355089,0.595142140806267,0.0595142140806267,11.0306060694994,59662.4340246803,5408.8083328125,54253.6256918678,4,93,93004000 = .227,GLADES RD,18500,93004000,93A10473,Y,-80.19984,26.36791445,10,0.128182567025913,On-System / Off-System,93004000,79,LPI-02233,1,0.227,0.217,0.23700000000000002,GLADES RD,Off Corridor,,0,0,0,0,,,Unmatched,,0
98916,225245,87030000,URBAN GENERAL,MIAMI,URBAN PRIN ART OTHER,DIVIDED,US    1,SR    5,6,MIAMI-DADE,55000,4,35,1,LPI,Implement a Leading Pedestrian Interval (LPI),,LPI-01668,Potential Location,0.870000005,1,5408.8083328125,0.0039551911071694,0.00166859624833709,0.00661876511840379,0.0119737230783449,0.0389370024542512,7354.20854327671,,1367521.36274988,0.595936060100539,0.0595936060100539,11.0281628343711,59649.2190341598,5408.8083328125,54240.4107013473,6,87,87030000 = 18.159|87A08427 = .01,BISCAYNE BLVD|NE 107TH ST,25000,87030000,87A08427,Y,-80.17117993,25.87373,10,0.128353562501067,On-System / Off-System,87030000,80,LPI-01668,1,18.159,18.148999999999997,18.169,BISCAYNE BLVD,Off Corridor,,0,0,0,0,,,Unmatched,,0
118625,282895,94010000,URBAN GENERAL,PORT SAINT LUCIE,URBAN PRIN ART OTHER,DIVIDED,US    1,SR    5,4,ST. LUCIE,30000,4,40,1,LPI,Implement a Leading Pedestrian Interval (LPI),,LPI-02013,Potential Location,0.870000005,1,5408.8083328125,0.00395582751085044,0.00166886473114003,0.00661983010018878,0.0119756496910511,0.0389432675501769,7355.39186040635,,1367301.35931779,0.596031948236418,0.0596031948236418,11.029937303223,59658.8167960722,5408.8083328125,54250.0084632597,4,94,94010000 = 11.759|94030000 = 25.225,S US HWY 1|VIRGINIA AVE,29200,94010000,94030000,Y,-80.32594448,27.42533278,10,0.128374215025164,On-System / On-System,94010000,81,LPI-02013,1,11.759,11.749,11.769,S US HWY 1,On Corridor,441714-1,2,106,0.02,100,0,1.4,Verified Match,441714-1,2
118625,282895,94030000,URBAN GENERAL,PORT SAINT LUCIE,URBAN PRIN ART OTHER,DIVIDED,US    1,SR    5,4,ST. LUCIE,30000,4,40,1,LPI,Implement a Leading Pedestrian Interval (LPI),,LPI-02013,Potential Location,0.870000005,1,5408.8083328125,0.00395582751085044,0.00166886473114003,0.00661983010018878,0.0119756496910511,0.0389432675501769,7355.39186040635,,1367301.35931779,0.596031948236418,0.0596031948236418,11.029937303223,59658.8167960722,5408.8083328125,54250.0084632597,4,94,94010000 = 11.759|94030000 = 25.225,S US HWY 1|VIRGINIA AVE,29200,94010000,94030000,Y,-80.32594448,27.42533278,10,0.128374215025164,On-System / On-System,94010000,81,LPI-02013,2,25.225,25.215,25.235000000000003,VIRGINIA AVE,On Corridor,441715-1,2,53,0.01,100,20.2,1.1,Verified Parallel Fallback,441715-1,2
95173,206236,86220000,URBAN GENERAL,MIAMI,URBAN PRIN ART OTHER,DIVIDED,,SR  817,4,BROWARD,48500,6,45,1,LPI,Implement a Leading Pedestrian Interval (LPI),,LPI-01619,Potential Location,0.870000005,1,5408.8083328125,0.00396432151819261,0.00167244814048751,0.00663404429060044,0.0120013639710909,0.0390268870708946,7382.65384488548,,1364371.76147066,0.597311756248927,0.0597311756248927,11.0708186029924,59879.9359109208,5408.8083328125,54471.1275781083,4,86,86220000 = 9.659,S UNIVERSITY DR,26750,86220000,86A05015,Y,-80.25030605,26.11121802,10,0.128649861908649,On-System / Off-System,86220000,82,LPI-01619,1,9.659,9.649000000000001,9.669,S UNIVERSITY DR,On Corridor,"446998-1, 449243-3",2,106,0.02,100,0,0.5,Verified Match,"446998-1, 449243-3",2
94561,218278,87001000,URBAN GENERAL,MIAMI,URBAN PRIN ART OTHER,DIVIDED,,SR   94,6,MIAMI-DADE,54000,6,45,1,LPI,Implement a Leading Pedestrian Interval (LPI),,LPI-01383,Potential Location,0.870000005,1,5408.8083328125,0.00397116339017039,0.00167533455522813,0.00664549373573827,0.0120220766694611,0.0390942420933884,7395.39528682737,,1362021.10097022,0.59834263392833,0.059834263392833,11.0899253084459,59983.2804185902,5408.8083328125,54574.4720857777,6,87,87001000 = 6.125|87A20866 = .011,SW 117TH RD|SW 88TH ST,20750,87001000,87A20866,Y,-80.3819,25.68650136,10,0.128871893820314,On-System / Off-System,87001000,83,LPI-01383,1,6.125,6.115,6.135,SW 117TH RD,On Corridor,437784-1,1,106,0.02,100,0,0.1,Verified Match,437784-1,1
94981,202490,86020000,URBAN GENERAL,MIAMI,URBAN PRIN ART OTHER,DIVIDED,US    1,SR    5,4,BROWARD,57000,6,35,1,LPI,Implement a Leading Pedestrian Interval (LPI),,LPI-00035,Potential Location,0.870000005,1,5408.8083328125,0.00398351968963612,0.00168054736906524,0.00666617123062544,0.0120594834354218,0.039215884069613,7418.40610503183,,1357796.30935038,0.600204380736892,0.0600204380736892,11.1244316796777,60169.9187668443,5408.8083328125,54761.1104340318,4,86,86020000 = 1.229|86A03123 = .033,E SUNRISE BLVD|N FEDERAL HWY|NE 10TH AVE,29250,86020000,86A03123,Y,-80.13342943,26.13705342,10,0.129272879515514,On-System / Off-System,86020000,84,LPI-00035,1,1.229,1.219,1.239,E SUNRISE BLVD,On Corridor,441754-1,1,105,0.02,100,0,0.4,Verified Match,441754-1,1
45881,101326,46010002,URBAN GENERAL,PANAMA CITY,URBAN MINOR ART,DIVIDED,,SR   30,3,BAY,12000,2,35,0,LPI,Implement a Leading Pedestrian Interval (LPI),,LPI-00691,Potential Location,0.870000005,1,5408.8083328125,0.0045859874616974,0.00168571685235909,0.00682872379570558,0.0109288897546113,0.0371506865561523,12854.8101075716,,1179420.65432742,0.57052615704998,0.057052615704998,19.2767091437491,104264.025045913,5408.8083328125,98855.2167131006,3,46,46010002 = .188|46010005 = .172|46A00439 = 0,FRONT BEACH RD|HUTCHISON BLVD|LANTANA ST,16450,46010005,46010002,N,,,10,0.129670532091873,On-System / On-System,46010005,85,LPI-00691,1,0.188,0.178,0.198,FRONT BEACH RD,On Corridor,217986-2,1,105,0.02,100,0.8,1.2,Verified Match,217986-2,1
45881,101326,46010005,URBAN GENERAL,PANAMA CITY,URBAN MINOR ART,DIVIDED,,SR   30,3,BAY,12000,2,35,0,LPI,Implement a Leading Pedestrian Interval (LPI),,LPI-00691,Potential Location,0.870000005,1,5408.8083328125,0.0045859874616974,0.00168571685235909,0.00682872379570558,0.0109288897546113,0.0371506865561523,12854.8101075716,,1179420.65432742,0.57052615704998,0.057052615704998,19.2767091437491,104264.025045913,5408.8083328125,98855.2167131006,3,46,46010002 = .188|46010005 = .172|46A00439 = 0,FRONT BEACH RD|HUTCHISON BLVD|LANTANA ST,16450,46010005,46010002,N,,,10,0.129670532091873,On-System / On-System,46010005,85,LPI-00691,2,0.172,0.16199999999999998,0.182,HUTCHISON BLVD,Off Corridor,,0,0,0,0,83.4,49.1,No Match - Angle Mismatch,,0
106265,230497,87220000,URBAN GENERAL,MIAMI,URBAN PRIN ART OTHER,DIVIDED,,SR  948,6,MIAMI-DADE,45500,6,40,1,LPI,Implement a Leading Pedestrian Interval (LPI),,LPI-00785,Potential Location,0.870000005,1,5408.8083328125,0.0039962148400984,0.00168590313566651,0.00668741577147716,0.0120979160198291,0.0393408618750624,7442.0479567186,,1353482.87047533,0.602117182860451,0.0602117182860451,11.1598843308466,60361.6753619066,5408.8083328125,54952.8670290941,6,87,87220000 = 2.943|87A15178 = 0,LA VILLA DR|NW 36TH ST,26000,87220000,87A15178,Y,-80.27661119,25.80810495,10,0.129684861577611,On-System / Off-System,87220000,86,LPI-00785,1,2.943,2.9330000000000003,2.953,LA VILLA DR,Off Corridor,,0,0,0,0,,,Unmatched,,0
94100,201956,86020000,URBAN GENERAL,MIAMI,URBAN PRIN ART OTHER,DIVIDED,US    1,SR    5,4,BROWARD,53000,6,45,1,LPI,Implement a Leading Pedestrian Interval (LPI),,LPI-01454,Potential Location,0.870000005,1,5408.8083328125,0.00400531717963843,0.00168974318515996,0.00670264796780118,0.012125471930546,0.0394304701411124,7458.99900917342,,1350406.99406002,0.603488649425834,0.0603488649425834,11.1853036489942,60499.163581718,5408.8083328125,55090.3552489055,4,86,86020000 = 3.165,N FEDERAL HWY,27000,86020000,86A17785,Y,-80.11834339,26.15426957,10,0.129980250011545,On-System / Off-System,86020000,87,LPI-01454,1,3.165,3.1550000000000002,3.175,N FEDERAL HWY,Off Corridor,,0,0,0,0,,,Unmatched,,0
111913,228624,87220000,URBAN GENERAL,MIAMI,URBAN PRIN ART OTHER,DIVIDED,,SR  948,6,MIAMI-DADE,70500,6,40,1,LPI,Implement a Leading Pedestrian Interval (LPI),,LPI-01601,Potential Location,0.870000005,1,5408.8083328125,0.00401632689694847,0.00169438790965014,0.0067210720416122,0.0121588021294338,0.0395388556472247,7479.50212211647,,1346705.20393198,0.605147504176158,0.0605147504176158,11.2160495364431,60665.4621939515,5408.8083328125,55256.653861139,6,87,87220000 = .71,NW 36TH ST,34750,87220000,87A07863,Y,-80.31208,25.80937,10,0.130337536524531,On-System / Off-System,87220000,88,LPI-01601,1,0.71,0.7,0.72,NW 36TH ST,Off Corridor,,0,0,0,0,0.2,286.9,No Match - Low Overlap,,0
94652,218321,87001000,URBAN GENERAL,MIAMI,URBAN PRIN ART OTHER,DIVIDED,,SR   94,6,MIAMI-DADE,90500,8,45,1,LPI,Implement a Leading Pedestrian Interval (LPI),,LPI-00400,Potential Location,0.870000005,1,5408.8083328125,0.00402468148816374,0.00169791250281908,0.006735052927849,0.0121840943489332,0.0396211026815244,7495.06066212762,,1343909.66060777,0.606406306099421,0.0606406306099421,11.2393806823711,60791.6558904608,5408.8083328125,55382.8475576483,6,87,87001000 = 5.055,SW 88TH ST,42250,87001000,87A30387,Y,-80.39906,25.68591038,10,0.130608659086416,On-System / Off-System,87001000,89,LPI-00400,1,5.055,5.045,5.0649999999999995,SW 88TH ST,On Corridor,437784-1,1,106,0.02,100,0,0.1,Verified Match,437784-1,1
98028,207923,86100000,URBAN GENERAL,MIAMI,URBAN PRIN ART OTHER,DIVIDED,US  441,SR    7,4,BROWARD,44500,6,40,1,LPI,Implement a Leading Pedestrian Interval (LPI),,LPI-02552,Potential Location,0.870000005,1,5408.8083328125,0.00402910209924005,0.0016997774481169,0.00674245054419702,0.0121974770582462,0.0396646215254093,7503.29305226286,,1342435.16286983,0.607072367858934,0.0607072367858934,11.2517257414476,60858.4279488627,5408.8083328125,55449.6196160502,4,86,86100000 = 11.041|86A01975 = .008,NW 40TH AVE|NW 8TH ST,21250,86100000,86A01975,Y,-80.20232941,26.13207,10,0.130752116422535,On-System / Off-System,86100000,90,LPI-02552,1,11.041,11.031,11.051,NW 40TH AVE,On Corridor,448410-1,1,106,0.02,100,0,0.5,Verified Match,448410-1,1
84785,198076,86018000,URBAN GENERAL,MIAMI,URBAN PRIN ART OTHER,DIVIDED,,SR  824,4,BROWARD,55000,6,40,1,LPI,Implement a Leading Pedestrian Interval (LPI),,LPI-00028,Potential Location,0.870000005,1,5408.8083328125,0.00403390858057214,0.00170180518242887,0.00675049389030119,0.0122120279294664,0.0397119390810856,7512.24403863566,,1340835.62499707,0.607796569413393,0.0607796569413393,11.2651483870887,60931.0284664549,5408.8083328125,55522.2201336424,4,86,86018000 = 4.92|86A21331 = .248,PEMBROKE RD|SW 31ST AVE|W PEMBROKE RD,27000,86018000,86A21331,Y,-80.16877242,25.99597636,10,0.130908095990994,On-System / Off-System,86018000,91,LPI-00028,1,4.92,4.91,4.93,PEMBROKE RD,Off Corridor,,0,0,0,0,0.6,291.9,No Match - Low Overlap,,0
101879,225385,87044000,URBAN GENERAL,MIAMI,URBAN PRIN ART OTHER,DIVIDED,,SR  976,6,MIAMI-DADE,71000,7,40,1,LPI,Implement a Leading Pedestrian Interval (LPI),,LPI-00435,Potential Location,0.870000005,1,5408.8083328125,0.00411852280199094,0.00173750180708993,0.00689209050145671,0.0124681842638398,0.0405449264280373,7669.81892357442,,1313288.42715107,0.620545552806228,0.0620545552806228,11.5014432214664,62209.1019356371,5408.8083328125,56800.2936028246,6,87,87044000 = 4.05,SW 40TH ST,35750,87044000,87A40448,Y,-80.32127969,25.73307827,10,0.133653990301302,On-System / Off-System,87044000,92,LPI-00435,1,4.05,4.04,4.06,SW 40TH ST,Off Corridor,,0,0,0,0,,,Unmatched,,0
112024,272034,93190000,URBAN GENERAL,MIAMI,URBAN PRIN ART OTHER,DIVIDED,,SR  706,4,PALM BEACH,66500,6,45,1,LPI,Implement a Leading Pedestrian Interval (LPI),,LPI-01123,Potential Location,0.870000005,1,5408.8083328125,0.00412473885232569,0.0017401242033249,0.00690249267318878,0.0124870023849704,0.0406061205298094,7681.39491399126,,1311309.27955907,0.62148213676526,0.062148213676526,11.5188022488226,62302.9935874509,5408.8083328125,56894.1852546384,4,93,93190000 = 13.32,W INDIANTOWN RD,31500,93190000,93A04222,Y,-80.13781,26.93443993,10,0.133855713096366,On-System / Off-System,93190000,93,LPI-01123,1,13.32,13.31,13.33,W INDIANTOWN RD,On Corridor,"439758-1, 454564-1, 449935-1",5,105,0.02,100,0,0.5,Verified Match,"439758-1, 454564-1, 449935-1",5
87295,195558,86014000,URBAN GENERAL,MIAMI,URBAN PRIN ART OTHER,DIVIDED,,SR  870,4,BROWARD,73000,6,45,1,LPI,Implement a Leading Pedestrian Interval (LPI),,LPI-00839,Potential Location,0.870000005,1,5408.8083328125,0.00423600572247121,0.00178706491416754,0.00708869082619792,0.0128238454488875,0.0417014907100467,7888.60434009824,,1276865.20915677,0.638246924715468,0.0638246924715467,11.8295276353107,63983.6476471045,5408.8083328125,58574.839314292,4,86,86014000 = 2.28|86A08714 = 0,NW 49TH AVE|W COMMERCIAL BLVD,39000,86014000,86A08714,Y,-80.21489,26.19391345,10,0.137466537146216,On-System / Off-System,86014000,94,LPI-00839,1,2.28,2.27,2.2899999999999996,NW 49TH AVE,On Corridor,"441944-1, 452076-1",4,105,0.02,100,0,0.3,Verified Match,"441944-1, 452076-1",4
65802,143801,72291000,URBAN GENERAL,JACKSONVILLE,URBAN MINOR ART,DIVIDED,,SR  111,2,DUVAL,11000,4,35,1,LPI,Implement a Leading Pedestrian Interval (LPI),,LPI-02196,Potential Location,0.870000005,1,5408.8083328125,0.00431753536027524,0.00182146023011612,0.0072251255794606,0.0130706636883333,0.0425041117772096,8027.94468638442,,1252753.68502545,0.650531148111471,0.0650531148111471,12.0384784719914,65113.822673691,5408.8083328125,59705.0143408785,2,72,72291000 = 10.725|72A04360 = .057,EDGEWOOD AVE W|KENYA ST,5900,72291000,72A04360,Y,-81.66453169,30.39170846,10,0.140112330782483,On-System / Off-System,72291000,95,LPI-02196,1,10.725,10.715,10.735,EDGEWOOD AVE W,Off Corridor,,0,0,0,0,,,Unmatched,,0
62696,139235,72050000,URBAN GENERAL,JACKSONVILLE,URBAN PRIN ART OTHER,DIVIDED,US    1,SR    5,2,DUVAL,11400,4,35,1,LPI,Implement a Leading Pedestrian Interval (LPI),,LPI-01372,Potential Location,0.870000005,1,5408.8083328125,0.00436222649445052,0.00184031430234631,0.00729991339930705,0.0132059591140592,0.0429440750441961,8111.04254736131,,1239919.18798655,0.657264845093537,0.0657264845093537,12.1630896706878,65787.8207635619,5408.8083328125,60379.0124307494,2,72,72050000 = 10.085|72A06156 = .482,12TH ST W|MAIN ST N,11950,72050000,72A06156,Y,-81.6537773,30.35082,10,0.141562644086741,On-System / Off-System,72050000,96,LPI-01372,1,10.085,10.075000000000001,10.095,12TH ST W,Off Corridor,,0,0,0,0,,,Unmatched,,0
110095,250404,90040000,URBAN GENERAL,MARATHON,URBAN PRIN ART OTHER,DIVIDED,US    1,SR    5,6,MONROE,18700,4,35,1,LPI,Implement a Leading Pedestrian Interval (LPI),,LPI-02145,Potential Location,0.870000005,1,5408.8083328125,0.0044964755742631,0.00189695063289225,0.00752457084380591,0.0136123772267731,0.0442656943056948,8360.6627813609,,1202899.52507947,0.677492405665924,0.0677492405665923,12.5374131034681,67812.4644659508,5408.8083328125,62403.6561331383,6,90,90040000 = .805|90A01344 = 0,33RD STREET GULF|OVERSEAS HWY,10500,90040000,90A01344,Y,-81.09470851,24.71115661,10,0.14591928506553,On-System / Off-System,90040000,97,LPI-02145,1,0.805,0.795,0.8150000000000001,33RD STREET GULF,On Corridor,433891-4,1,106,0.02,100,0,0.3,Verified Match,433891-4,1
21814,65579,15100000,URBAN GENERAL,TAMPA-ST PETERSBURG,URBAN MINOR ART,DIVIDED,,SR  699,7,PINELLAS,22500,4,35,1,LPI,Implement a Leading Pedestrian Interval (LPI),,LPI-01168,Potential Location,0.870000005,1,5408.8083328125,0.00458557077945266,0.00193453767258159,0.0076736661012403,0.0138820990393586,0.0451427948374085,8526.32474342951,,1179527.82607754,0.690916547285343,0.0690916547285343,12.7858350896551,69156.1313748927,5408.8083328125,63747.3230420802,7,15,15100000 = .956,GULF BLVD,11500,15100000,15A20700,Y,-82.74029015,27.72209043,10,0.148810595922068,On-System / Off-System,15100000,98,LPI-01168,1,0.956,0.946,0.966,GULF BLVD,On Corridor,"457153-1, 456312-2",2,106,0.02,100,0,1,Verified Match,"457153-1, 456312-2",2
84806,193816,86005000,URBAN GENERAL,MIAMI,URBAN MINOR ART,DIVIDED,,SR  838,4,BROWARD,23500,6,35,1,LPI,Implement a Leading Pedestrian Interval (LPI),,LPI-00711,Potential Location,0.870000005,1,5408.8083328125,0.00541608573423483,0.00203103215033806,0.0113737800418931,0.017805381851297,0.0693258973982058,12493.0015664734,,998656.33563067,1.01077700015157,0.101077700015157,18.7341513032123,101329.433676985,5408.8083328125,95920.6253441726,4,86,86005000 = 1.039|86A02561 = .187,E SUNRISE BLVD|N BIRCH RD,10750,86005000,86A02561,Y,-80.10539446,26.1380433,10,0.156233248342668,On-System / Off-System,86005000,99,LPI-00711,1,1.039,1.029,1.049,E SUNRISE BLVD,On Corridor,"441754-1, 441456-1",2,106,0.02,100,0,0.4,Verified Match,"441754-1, 441456-1",2
94154,202112,86030000,URBAN GENERAL,MIAMI,URBAN MINOR ART,DIVIDED,,SR  A1A,4,BROWARD,26500,6,35,1,LPI,Implement a Leading Pedestrian Interval (LPI),,LPI-00369,Potential Location,0.870000005,1,5408.8083328125,0.0048905679753809,0.00206320836461382,0.00818405984630148,0.0148054303942195,0.0481453492638865,9107.57876257742,,1105967.31505224,0.736871046665595,0.0736871046665595,13.6574671536052,73870.6221455327,5408.8083328125,68461.8138127202,4,86,86030000 = 1.939|86A09829 = 0,CROCUS TER|S OCEAN DR,11250,86030000,86A09829,Y,-80.11805133,26.00317844,10,0.158708341843691,On-System / Off-System,86030000,100,LPI-00369,1,1.939,1.929,1.949,CROCUS TER,On Corridor,"446996-1, 448577-1, 453431-2",5,106,0.02,100,0.4,0.4,Verified Match,"446996-1, 448577-1, 453431-2",5
99027,219880,87019000,URBAN GENERAL,MIAMI,URBAN PRIN ART OTHER,DIVIDED,,SR  817,6,MIAMI-DADE,43000,6,45,1,LPI,Implement a Leading Pedestrian Interval (LPI),,LPI-02579,Potential Location,0.870000005,1,5408.8083328125,0.00561074573984975,0.00209419263069197,0.00757086340740765,0.0116688938023317,0.0383964462357978,7451.90518942516,,964008.81159112,0.602914706502141,0.0602914706502141,11.1746659578217,60441.6263490623,5408.8083328125,55032.8180162498,6,87,87019000 = 2.053,NW 27TH AVE,20750,87019000,87A41411,N,,,10,0.161091747018296,On-System / Off-System,87019000,101,LPI-02579,1,2.053,2.043,2.0629999999999997,NW 27TH AVE,On Corridor,438076-1,4,106,0.02,100,0,0.4,Verified Match,438076-1,4
70266,144425,72160000,URBAN GENERAL,JACKSONVILLE,URBAN MINOR ART,DIVIDED,,SR   13,2,DUVAL,21500,4,40,1,LPI,Implement a Leading Pedestrian Interval (LPI),,LPI-02343,Potential Location,0.870000005,1,5408.8083328125,0.00509577045059588,0.00214977815884514,0.00852745336341904,0.0154266488250461,0.0501654714437177,9474.98049194623,,1061430.92300793,0.767789288360876,0.0767789288360876,14.2084123808537,76850.5792815979,5408.8083328125,71441.7709487854,2,72,72160000 = 12.114|72A01260 = .016,BROOKWOOD RD|HENDRICKS AVE,10750,72160000,72A01260,Y,-81.64787883,30.29476896,10,0.165367557040686,On-System / Off-System,72160000,102,LPI-02343,1,12.114,12.104000000000001,12.124,BROOKWOOD RD,Off Corridor,,0,0,0,0,,,Unmatched,,0
95324,202650,86020000,URBAN GENERAL,MIAMI,URBAN PRIN ART OTHER,DIVIDED,US    1,SR    5,4,BROWARD,50500,6,45,1,LPI,Implement a Leading Pedestrian Interval (LPI),,LPI-02085,Potential Location,0.870000005,1,5408.8083328125,0.00526470506939765,0.00222104745115214,0.00881015488957014,0.0159380719874343,0.0518285535777186,9804.32463522711,,1027371.57381379,0.79324298412815,0.079324298412815,14.7022875299299,79521.85530329,5408.8083328125,74113.0469704775,4,86,86020000 = 5.436,N FEDERAL HWY,21500,86020000,86A15044,Y,-80.11739988,26.18564494,10,0.170849810505926,On-System / Off-System,86020000,103,LPI-02085,1,5.436,5.426,5.446,N FEDERAL HWY,On Corridor,"444120-1, 457344-1, 457345-1",5,106,0.02,100,0,0.7,Verified Match,"444120-1, 457344-1, 457345-1",5
43199,96113,34050000,SUBURBAN COMMERCIAL,,RURAL PRIN ART OTHER,DIVIDED,US   19,SR   55,2,LEVY,7100,4,35,1,LPI,Implement a Leading Pedestrian Interval (LPI),,LPI-02286,Potential Location,0.870000005,1,5408.8083328125,0.00458905553513444,0.00222896983135101,0.00949100122039168,0.0183443025157712,0.0666977503345108,21905.3337202746,,1178632.13713626,0.972209294555381,0.0972209294555381,32.8486180106056,177671.878817138,5408.8083328125,172263.070484326,2,34,34050000 = 35.657|34110000 = 19.323,S MAIN ST|SE 4TH AVE|SW 4TH AVE,8100,34050000,34110000,Y,-82.85968473,29.47478,10,0.171459224390817,On-System / On-System,34050000,104,LPI-02286,1,35.657,35.647,35.666999999999994,S MAIN ST,On Corridor,"449286-3, 210428-5",3,106,0.02,100,0.5,0.8,Verified Match,"449286-3, 210428-5",3
43199,96113,34110000,SUBURBAN COMMERCIAL,,RURAL PRIN ART OTHER,DIVIDED,US   19,SR   55,2,LEVY,7100,4,35,1,LPI,Implement a Leading Pedestrian Interval (LPI),,LPI-02286,Potential Location,0.870000005,1,5408.8083328125,0.00458905553513444,0.00222896983135101,0.00949100122039168,0.0183443025157712,0.0666977503345108,21905.3337202746,,1178632.13713626,0.972209294555381,0.0972209294555381,32.8486180106056,177671.878817138,5408.8083328125,172263.070484326,2,34,34050000 = 35.657|34110000 = 19.323,S MAIN ST|SE 4TH AVE|SW 4TH AVE,8100,34050000,34110000,Y,-82.85968473,29.47478,10,0.171459224390817,On-System / On-System,34050000,104,LPI-02286,2,19.323,19.313,19.333000000000002,SE 4TH AVE,Off Corridor,,0,0,0,0,88.8,36.1,No Match - Angle Mismatch,,0
31777,73740,16003000,SUBURBAN COMMERCIAL,LAKELAND,URBAN PRIN ART OTHER,DIVIDED,US   92,SR  546,1,POLK,30000,6,40,1,LPI,Implement a Leading Pedestrian Interval (LPI),,LPI-02460,Potential Location,0.870000005,1,5408.8083328125,0.00467338317511976,0.00226992897077245,0.0096654061121795,0.0186813940428813,0.0679233759202065,12218.1125557225,,1157364.6179085,0.990074433635517,0.0990074433635517,18.3219355285166,99099.837559894,5408.8083328125,93691.0292270815,1,16,16003000 = 1.044|16100000 = 3.475,MARTIN LUTHER KING JR AVE|W MEMORIAL BLVD,21300,16100000,16003000,Y,-81.96135023,28.05488,10,0.174609927544417,On-System / On-System,16100000,105,LPI-02460,1,1.044,1.034,1.054,MARTIN LUTHER KING JR AVE,On Corridor,451469-1,1,107,0.02,100,0.1,2.2,Verified Match,451469-1,1
31777,73740,16100000,SUBURBAN COMMERCIAL,LAKELAND,URBAN PRIN ART OTHER,DIVIDED,US   92,SR  546,1,POLK,30000,6,40,1,LPI,Implement a Leading Pedestrian Interval (LPI),,LPI-02460,Potential Location,0.870000005,1,5408.8083328125,0.00467338317511976,0.00226992897077245,0.0096654061121795,0.0186813940428813,0.0679233759202065,12218.1125557225,,1157364.6179085,0.990074433635517,0.0990074433635517,18.3219355285166,99099.837559894,5408.8083328125,93691.0292270815,1,16,16003000 = 1.044|16100000 = 3.475,MARTIN LUTHER KING JR AVE|W MEMORIAL BLVD,21300,16100000,16003000,Y,-81.96135023,28.05488,10,0.174609927544417,On-System / On-System,16100000,105,LPI-02460,2,3.475,3.4650000000000003,3.485,W MEMORIAL BLVD,On Corridor,"449049-1, 445930-1",3,105,0.02,100,0.1,0.7,Verified Match,"449049-1, 445930-1",3
117660,264805,93080000,URBAN GENERAL,MIAMI,URBAN MINOR ART,DIVIDED,,SR  A1A,4,PALM BEACH,16800,4,35,1,LPI,Implement a Leading Pedestrian Interval (LPI),,LPI-00226,Potential Location,0.870000005,1,5408.8083328125,0.00475020125510343,0.00230202060824243,0.0102677427129543,0.0136294236011814,0.0439941716241887,8720.90193840635,,1138648.24716668,0.706683786720771,0.0706683786720771,13.0776175401298,70734.3267243891,5408.8083328125,65325.5183915766,4,93,93080000 = .832,E BLUE HERON BLVD,8500,93080000,93A13359,Y,-80.04146523,26.78350201,10,0.177078515137053,On-System / Off-System,93080000,106,LPI-00226,1,0.832,0.822,0.842,E BLUE HERON BLVD,On Corridor,453590-1,2,105,0.02,100,0.2,0.9,Verified Match,453590-1,2
118520,265232,93012000,URBAN GENERAL,MIAMI,URBAN MINOR ART,DIVIDED,,SR  708,4,PALM BEACH,30000,4,35,1,LPI,Implement a Leading Pedestrian Interval (LPI),,LPI-02263,Potential Location,0.870000005,1,5408.8083328125,0.00475879823393847,0.00231141628505583,0.00984205998382729,0.0190228324208605,0.069164806150083,12441.4220434094,,1136591.22890278,1.00816994663221,0.100816994663221,18.6568041113395,100911.077541064,5408.8083328125,95502.2692082513,4,93,93012000 = 3.121|93A09912 = 1.152,AVENUE H W|W BLUE HERON BLVD,14750,93012000,93A09912,Y,-80.06384957,26.78353011,10,0.177801259535112,On-System / Off-System,93012000,107,LPI-02263,1,3.121,3.111,3.131,AVENUE H W,Off Corridor,,0,0,0,0,,,Unmatched,,0
110643,270506,93310000,URBAN GENERAL,MIAMI,URBAN PRIN ART OTHER,DIVIDED,,SR  710,4,PALM BEACH,8700,4,35,1,LPI,Implement a Leading Pedestrian Interval (LPI),,LPI-01913,Potential Location,0.870000005,1,5408.8083328125,0.00482990205584778,0.00234595242712607,0.00998911561550337,0.0193070630232461,0.0701982355616967,12627.3161733526,,1119858.80257423,1.02323356833157,0.102323356833157,18.9355656834249,102418.845455027,5408.8083328125,97010.0371222144,4,93,93310000 = 23.273|93A10388 = .327,AVENUE J|DR MARTIN LUTHER KING JR BLVD,3500,93310000,93A10388,Y,-80.06677501,26.7692799,10,0.180457885950385,On-System / Off-System,93310000,108,LPI-01913,1,23.273,23.262999999999998,23.283,AVENUE J,Off Corridor,,0,0,0,0,,,Unmatched,,0
117717,265057,93010000,URBAN GENERAL,MIAMI,URBAN MINOR ART,DIVIDED,US    1,SR    5,4,PALM BEACH,21500,4,35,1,LPI,Implement a Leading Pedestrian Interval (LPI),,LPI-00227,Potential Location,0.870000005,1,5408.8083328125,0.00483011490890244,0.00234605581289547,0.00998955583432095,0.0193079138825996,0.0702013291873434,12627.8726572706,,1119809.45274065,1.0232786620805,0.10232786620805,18.9364001709467,102423.359038089,5408.8083328125,97014.5507052762,4,93,93010000 = 17.674|93A22179 = .097,E CENTRAL BLVD|S DIXIE HWY|W CENTRAL BLVD,9350,93010000,93A22179,Y,-80.05341002,26.57643946,10,0.180465838702184,On-System / Off-System,93010000,109,LPI-00227,1,17.674,17.663999999999998,17.684,E CENTRAL BLVD,On Corridor,233752-1,3,106,0.02,100,0.1,0.8,Verified Match,233752-1,3
118008,283329,94005000,URBAN GENERAL,PORT SAINT LUCIE,URBAN PRIN ART OTHER,DIVIDED,,SR  615,4,ST. LUCIE,21000,4,35,1,LPI,Implement a Leading Pedestrian Interval (LPI),,LPI-02014,Potential Location,0.870000005,1,5408.8083328125,0.00487188684064779,0.00236634503688607,0.010075947784067,0.019474893111057,0.0708084462407787,12737.0813706609,,1110208.12053453,1.03212820856854,0.103212820856854,19.1001664643708,103309.139530595,5408.8083328125,97900.3311977823,4,94,94005000 = 3.501|94A01976 = .49,AVENUE M|N 25TH ST,9650,94005000,94A01976,Y,-80.34983957,27.46204,10,0.182026548299949,On-System / Off-System,94005000,110,LPI-02014,1,3.501,3.491,3.5109999999999997,AVENUE M,Off Corridor,,0,0,0,0,,,Unmatched,,0
39662,97667,38020000,URBAN GENERAL,PERRY,URBAN PRIN ART OTHER,DIVIDED,US   19,SR   20,2,TAYLOR,11900,4,40,1,LPI,Implement a Leading Pedestrian Interval (LPI),,LPI-00966,Potential Location,0.870000005,1,5408.8083328125,0.00493154214087925,0.00239532046842707,0.0101993257913639,0.0197133593631511,0.0716754817975519,12893.0444375572,,1096778.28522989,1.04476641634582,0.104476641634582,19.3340442620644,104574.13971162,5408.8083328125,99165.3313788071,2,38,38020000 = 1.036|38030000 = .005|38090000 = 24.694,S BYRON BUTLER PKWY|W HAMPTON SPRINGS AVE,17250,38020000,38090000,Y,-83.58921864,30.11163,10,0.184255427734983,On-System / On-System,38020000,111,LPI-00966,1,1.036,1.026,1.046,S BYRON BUTLER PKWY,On Corridor,210878-4,2,106,0.02,100,0.1,0.5,Verified Match,210878-4,2
39662,97667,38030000,URBAN GENERAL,PERRY,URBAN PRIN ART OTHER,DIVIDED,US   19,SR   20,2,TAYLOR,11900,4,40,1,LPI,Implement a Leading Pedestrian Interval (LPI),,LPI-00966,Potential Location,0.870000005,1,5408.8083328125,0.00493154214087925,0.00239532046842707,0.0101993257913639,0.0197133593631511,0.0716754817975519,12893.0444375572,,1096778.28522989,1.04476641634582,0.104476641634582,19.3340442620644,104574.13971162,5408.8083328125,99165.3313788071,2,38,38020000 = 1.036|38030000 = .005|38090000 = 24.694,S BYRON BUTLER PKWY|W HAMPTON SPRINGS AVE,17250,38020000,38090000,Y,-83.58921864,30.11163,10,0.184255427734983,On-System / On-System,38020000,111,LPI-00966,2,0.005,0,0.015,W HAMPTON SPRINGS AVE,Off Corridor,,0,0,0,0,89.9,13.8,No Match - Angle Mismatch,,0
39662,97667,38090000,URBAN GENERAL,PERRY,URBAN PRIN ART OTHER,DIVIDED,US   19,SR   20,2,TAYLOR,11900,4,40,1,LPI,Implement a Leading Pedestrian Interval (LPI),,LPI-00966,Potential Location,0.870000005,1,5408.8083328125,0.00493154214087925,0.00239532046842707,0.0101993257913639,0.0197133593631511,0.0716754817975519,12893.0444375572,,1096778.28522989,1.04476641634582,0.104476641634582,19.3340442620644,104574.13971162,5408.8083328125,99165.3313788071,2,38,38020000 = 1.036|38030000 = .005|38090000 = 24.694,S BYRON BUTLER PKWY|W HAMPTON SPRINGS AVE,17250,38020000,38090000,Y,-83.58921864,30.11163,10,0.184255427734983,On-System / On-System,38020000,111,LPI-00966,3,24.694,24.683999999999997,24.704,,Off Corridor,,0,0,0,0,89.6,62.6,No Match - Angle Mismatch,,0
45151,96877,46090000,URBAN GENERAL,PANAMA CITY,URBAN PRIN ART OTHER,DIVIDED,US   98,SR   30A,3,BAY,47000,5,45,1,LPI,Implement a Leading Pedestrian Interval (LPI),,LPI-00286,Potential Location,0.870000005,1,5408.8083328125,0.00494784658483395,0.00240323976977649,0.0102330463459066,0.0197785347897648,0.0719124520682117,23617.9819153863,,1093164.11494881,1.04822057632143,0.104822057632143,35.4168567357572,191562.98983439,5408.8083328125,186154.181501578,3,46,46090000 = .577|46160000 = 6.087,BACK BEACH RD|N ARNOLD RD|S ARNOLD RD,53000,46160000,46090000,Y,-85.8877408,30.23004169,10,0.184864604785292,On-System / On-System,46160000,112,LPI-00286,1,0.577,0.567,0.587,BACK BEACH RD,Off Corridor,,0,0,0,0,88.1,108.3,No Match - Angle Mismatch,,0
45151,96877,46160000,URBAN GENERAL,PANAMA CITY,URBAN PRIN ART OTHER,DIVIDED,US   98,SR   30A,3,BAY,47000,5,45,1,LPI,Implement a Leading Pedestrian Interval (LPI),,LPI-00286,Potential Location,0.870000005,1,5408.8083328125,0.00494784658483395,0.00240323976977649,0.0102330463459066,0.0197785347897648,0.0719124520682117,23617.9819153863,,1093164.11494881,1.04822057632143,0.104822057632143,35.4168567357572,191562.98983439,5408.8083328125,186154.181501578,3,46,46090000 = .577|46160000 = 6.087,BACK BEACH RD|N ARNOLD RD|S ARNOLD RD,53000,46160000,46090000,Y,-85.8877408,30.23004169,10,0.184864604785292,On-System / On-System,46160000,112,LPI-00286,2,6.087,6.077,6.0969999999999995,N ARNOLD RD,On Corridor,456872-1,1,105,0.02,100,0,0.8,Verified Match,456872-1,1
85317,182551,79080000,URBAN GENERAL,DAYTONA BEACH-PORT ORANGE,URBAN PRIN ART OTHER,DIVIDED,,SR  A1A,5,VOLUSIA,18500,4,35,1,LPI,Implement a Leading Pedestrian Interval (LPI),,LPI-00705,Potential Location,0.870000005,1,5408.8083328125,0.0049667727742522,0.00241243249035107,0.0102721891467489,0.0198541903885043,0.0721875270257792,12985.151553073,,1088998.54667236,1.05223016328809,0.105223016328809,19.4721654836934,105321.210926105,5408.8083328125,99912.4025932923,5,79,79080000 = 6.667|79A11969 = .013,E GRANADA BLVD|OCEAN SHORE BLVD|S ATLANTIC AVE,16800,79080000,79A11969,Y,-81.03972815,29.29205407,10,0.18557173716438,On-System / Off-System,79080000,113,LPI-00705,1,6.667,6.657,6.677,E GRANADA BLVD,On Corridor,442874-2,1,106,0.02,100,23.1,239,Verified Match,442874-2,1
111352,269723,93310000,URBAN GENERAL,MIAMI,URBAN PRIN ART OTHER,DIVIDED,,SR  710,4,PALM BEACH,21000,4,35,1,LPI,Implement a Leading Pedestrian Interval (LPI),,LPI-01996,Potential Location,0.870000005,1,5408.8083328125,0.00496879955850615,0.00241341692841727,0.0102763809050923,0.0198622922611453,0.0722169844923791,12990.4503863192,,1088554.34177317,1.05265954542885,0.105265954542885,19.4801114639478,105364.189210317,5408.8083328125,99955.3808775049,4,93,93310000 = 22.799|93A10367 = .095,AVENUE O|DR MARTIN LUTHER KING JR BLVD,8600,93310000,93A10367,Y,-80.07443999,26.76958013,10,0.185647463172385,On-System / Off-System,93310000,114,LPI-01996,1,22.799,22.788999999999998,22.809,AVENUE O,Off Corridor,,0,0,0,0,,,Unmatched,,0
113409,281895,94010000,URBAN GENERAL,PORT SAINT LUCIE,URBAN PRIN ART OTHER,DIVIDED,US    1,SR    5,4,ST. LUCIE,30000,4,40,1,LPI,Implement a Leading Pedestrian Interval (LPI),,LPI-02126,Potential Location,0.870000005,1,5408.8083328125,0.00497775947953809,0.00241776889006136,0.0102949116508629,0.019898108672751,0.0723472087991956,13013.8752414095,,1086594.95402426,1.05455773960825,0.105455773960825,19.5152387131667,105554.185768601,5408.8083328125,100145.377435789,4,94,94010000 = 11.464|94A02121 = .384,GARDENIA AVE|S US HWY 1,17000,94010000,94A02121,Y,-80.32591499,27.42106,10,0.185982229465575,On-System / Off-System,94010000,115,LPI-02126,1,11.464,11.454,11.474,GARDENIA AVE,On Corridor,441714-1,2,106,0.02,100,0,1.4,Verified Match,441714-1,2
1693,2476,03010000,URBAN GENERAL,BONITA SPRINGS,URBAN PRIN ART OTHER,DIVIDED,US   41,SR   45,1,COLLIER,41000,6,45,1,LPI,Implement a Leading Pedestrian Interval (LPI),,LPI-01955,Potential Location,0.870000005,1,5408.8083328125,0.00500103860957366,0.00242907589607863,0.0103430571243455,0.0199911647276204,0.0726855497914171,13095.078495189,,1081537.00762442,1.05948951400419,0.105948951400419,19.6370088125719,106212.816896951,5408.8083328125,100804.008564139,1,3,03010000 = 10.276|03A05679 = .414,9TH ST N|FLEISCHMANN BLVD|ORCHID DR,17750,3010000,03A05679,Y,-81.79910563,26.16749992,10,0.186851999192664,On-System / Off-System,3010000,116,LPI-01955,1,10.276,10.266,10.286,9TH ST N,On Corridor,"452524-1, 413627-1, 412666-1, 437908-1",7,106,0.02,100,0,1.2,Verified Match,"452524-1, 413627-1, 412666-1, 437908-1",7
87564,179579,79030000,URBAN GENERAL,DAYTONA BEACH-PORT ORANGE,URBAN PRIN ART OTHER,DIVIDED,US    1,SR    5,5,VOLUSIA,24500,4,35,0,LPI,Implement a Leading Pedestrian Interval (LPI),,LPI-00822,Potential Location,0.870000005,1,5408.8083328125,0.00661192678434775,0.00243041144356162,0.00984543070491233,0.0157569159303703,0.0535626452425175,10150.9574859509,,818038.146704322,0.822565959997965,0.0822565959997965,15.2220883350103,82333.3582292114,5408.8083328125,76924.5498963989,5,79,79030000 = 3.166|79A01245 = .094,15TH ST|RIDGEWOOD AVE,12000,79030000,79A01245,N,,,10,0.186954733618383,On-System / Off-System,79030000,117,LPI-00822,1,3.166,3.156,3.1759999999999997,15TH ST,On Corridor,452908-1,1,106,0.02,100,0.6,0.6,Verified Match,452908-1,1
93092,205529,86190000,URBAN GENERAL,MIAMI,URBAN PRIN ART OTHER,DIVIDED,,SR  823,4,BROWARD,40500,6,45,1,LPI,Implement a Leading Pedestrian Interval (LPI),,LPI-01334,Potential Location,0.870000005,1,5408.8083328125,0.00500706492830637,0.00243200296517738,0.0103555206471791,0.0200152543497753,0.0727731368557256,13110.8582407584,,1080235.30955929,1.06076621310688,0.106076621310688,19.6606716720897,106340.80476869,5408.8083328125,100931.996435877,4,86,86190000 = 7.009|86A03364 = .012,COUNTRY GLEN DR|S FLAMINGO RD|SW 49TH ST,19750,86190000,86A03364,Y,-80.3133625,26.0586,10,0.187077158362766,On-System / Off-System,86190000,118,LPI-01334,1,7.009,6.9990000000000006,7.019,COUNTRY GLEN DR,Off Corridor,,0,0,0,0,,,Unmatched,,0
118340,266015,93020000,URBAN GENERAL,MIAMI,URBAN MINOR ART,DIVIDED,US    1,SR    5,4,PALM BEACH,25500,4,35,1,LPI,Implement a Leading Pedestrian Interval (LPI),,LPI-00270,Potential Location,0.870000005,1,5408.8083328125,0.00501317729922051,0.00243497183104996,0.0103681621415697,0.0200396879571438,0.0728619746102617,13106.4717375971,,1078918.22091621,1.06206114269947,0.106206114269947,19.6540937961902,106305.226298712,5408.8083328125,100896.4179659,4,93,93020000 = 13.227|93A10180 = .566,BROADWAY|E 20TH ST|W 20TH ST,10500,93020000,93A10180,Y,-80.05494008,26.77889,10,0.18730553266944,On-System / Off-System,93020000,119,LPI-00270,1,13.227,13.217,13.237,BROADWAY,On Corridor,"438386-2, 453589-1",3,106,0.02,100,0,0.8,Verified Match,"438386-2, 453589-1",3
118339,266015,93020000,URBAN GENERAL,MIAMI,URBAN MINOR ART,DIVIDED,US    1,SR    5,4,PALM BEACH,25500,4,35,1,LPI,Implement a Leading Pedestrian Interval (LPI),,LPI-00271,Potential Location,0.870000005,1,5408.8083328125,0.00501323593171806,0.00243500030969163,0.0103682834042351,0.0200399223348418,0.0728628267803114,13106.6250266444,,1078905.60238582,1.06207356422252,0.106207356422252,19.6543236641039,106306.469610199,5408.8083328125,100897.661277387,4,93,93020000 = 13.329|93A10194 = .497,BROADWAY|E 22ND ST|W 22ND ST,10500,93020000,93A10194,Y,-80.05490965,26.78037,10,0.187307723334269,On-System / Off-System,93020000,120,LPI-00271,1,13.329,13.319,13.339,BROADWAY,On Corridor,"438386-2, 453589-1",3,106,0.02,100,0,0.8,Verified Match,"438386-2, 453589-1",3
58600,116090,55090000,URBAN GENERAL,TALLAHASSEE,URBAN MINOR ART,DIVIDED,,SR  366,3,LEON,29500,4,40,1,LPI,Implement a Leading Pedestrian Interval (LPI),,LPI-00348,Potential Location,0.870000005,1,5408.8083328125,0.00504462737483657,0.00245024758206348,0.0104332066161393,0.0201654065711,0.0733190728683633,13188.6949470717,,1072191.845089,1.0687239637515,0.10687239637515,19.7773933922671,106972.130181405,5408.8083328125,101563.321848593,3,55,55090000 = 2.565|55A04950 = .014,CHAPEL DR|W PENSACOLA ST,14250,55090000,55A04950,Y,-84.3108,30.4404311,10,0.188480590484906,On-System / Off-System,55090000,121,LPI-00348,1,2.565,2.555,2.5749999999999997,CHAPEL DR,On Corridor,219485-2,1,104,0.02,100,0,0.9,Verified Match,219485-2,1
79102,185706,79270000,SUBURBAN COMMERCIAL,DAYTONA BEACH-PORT ORANGE,URBAN PRIN ART OTHER,DIVIDED,,SR  483,5,VOLUSIA,28500,4,45,1,LPI,Implement a Leading Pedestrian Interval (LPI),,LPI-00834,Potential Location,0.870000005,1,5408.8083328125,0.00506848749471059,0.00246183678314514,0.0104825536822424,0.0202607850762587,0.0736658580197142,24193.847552865,,1067144.45649852,1.07377882310831,0.107377882310831,36.2804085351741,196233.776002892,5408.8083328125,190824.967670079,5,79,79270000 = 1.286,AEROSPACE BLVD|S CLYDE MORRIS BLVD,16500,79270000,79A11744,Y,-81.04439117,29.18850859,10,0.189372067525475,On-System / Off-System,79270000,122,LPI-00834,1,1.286,1.276,1.296,AEROSPACE BLVD,On Corridor,"448773-3, 452641-1, 448773-1",4,106,0.02,100,0.8,0.1,Verified Match,"448773-3, 452641-1, 448773-1",4
58569,132875,70060000,URBAN GENERAL,PALM BAY-MELBOURNE,URBAN PRIN ART OTHER,DIVIDED,,SR  A1A,5,BREVARD,33000,4,35,1,LPI,Implement a Leading Pedestrian Interval (LPI),,LPI-02427,Potential Location,0.870000005,1,5408.8083328125,0.0050699705662755,0.00246255713219096,0.010485620943888,0.0202667135103844,0.0736874131166633,13254.9522929642,,1066832.29460756,1.07409301759754,0.107409301759754,19.8767510315257,107509.536608556,5408.8083328125,102100.728275743,5,70,70060000 = 36.015|70A03655 = 0,CANAVERAL PLAZA BLVD|MARION LN|N ATLANTIC AVE,13750,70060000,70A03655,Y,-80.60823626,28.35601563,10,0.189427478992669,On-System / Off-System,70060000,123,LPI-02427,1,36.015,36.005,36.025,CANAVERAL PLAZA BLVD,Off Corridor,,0,0,0,0,,,Unmatched,,0
94124,202067,86030000,URBAN GENERAL,MIAMI,URBAN MINOR ART,DIVIDED,,SR  A1A,4,BROWARD,25000,4,35,1,LPI,Implement a Leading Pedestrian Interval (LPI),,LPI-00044,Potential Location,0.870000005,1,5408.8083328125,0.00590535166610017,0.00249132023413601,0.00988223692873951,0.0178775294579205,0.0581354190191627,10980.3006977754,,915916.382061022,0.889770408065687,0.0889770408065687,16.4657479255372,89060.0745856357,5408.8083328125,83651.2662528232,4,86,86030000 = 3.064|86A09558 = 0,JOHNSON ST|N OCEAN DR,10250,86030000,86A09558,Y,-80.11704166,26.01948,10,0.191640025381233,On-System / Off-System,86030000,124,LPI-00044,1,3.064,3.0540000000000003,3.074,JOHNSON ST,Off Corridor,,0,0,0,0,,,Unmatched,,0
13474,32981,11002000,URBAN GENERAL,LEESBURG-EUSTIS-TAVARES,URBAN PRIN ART OTHER,DIVIDED,,SR   44,5,LAKE,27000,4,35,1,LPI,Implement a Leading Pedestrian Interval (LPI),,LPI-00294,Potential Location,0.870000005,1,5408.8083328125,0.00513134558815057,0.0024923678571017,0.0106125556482205,0.0205120541822434,0.0745794432641429,13415.4114073317,,1054072.12199908,1.08709555510524,0.108709555510524,20.117370974663,108811.003762038,5408.8083328125,103402.195429225,5,11,11002000 = 2.866|11A03992 = .803,S 9TH ST|SR-44,26000,11002000,11A03992,Y,-81.87931707,28.80660067,10,0.191720611766308,On-System / Off-System,11002000,125,LPI-00294,1,2.866,2.8560000000000003,2.876,S 9TH ST,Off Corridor,,0,0,0,0,,,Unmatched,,0
66018,146093,72291000,URBAN GENERAL,JACKSONVILLE,URBAN MINOR ART,DIVIDED,,SR  111,2,DUVAL,22500,4,35,1,LPI,Implement a Leading Pedestrian Interval (LPI),,LPI-02494,Potential Location,0.870000005,1,5408.8083328125,0.00514939929607426,0.00250113680095036,0.010649893998699,0.0205842221211904,0.0748418374963521,13462.6110969771,,1050376.5627451,1.09092030346799,0.109092030346799,20.1881502923936,109193.83552557,5408.8083328125,103785.027192757,2,72,72291000 = 3.909|72A06839 = .747,BROADWAY AVE|EDGEWOOD AVE N,11250,72291000,72A06839,Y,-81.73102984,30.33267268,10,0.192395145934456,On-System / Off-System,72291000,126,LPI-02494,1,3.909,3.899,3.9189999999999996,BROADWAY AVE,On Corridor,445429-1,1,106,0.02,100,0.1,0.8,Verified Match,445429-1,1
94986,198958,86030000,URBAN GENERAL,MIAMI,URBAN MINOR ART,DIVIDED,,SR  A1A,4,BROWARD,25000,4,35,1,LPI,Implement a Leading Pedestrian Interval (LPI),,LPI-00034,Potential Location,0.870000005,1,5408.8083328125,0.00593876888500363,0.00250541812336091,0.00993815855599826,0.0179786948667102,0.0584643958749459,11042.4360510601,,910762.55660843,0.894805443095156,0.0894805443095156,16.5589243414305,89564.047960341,5408.8083328125,84155.2396275285,4,86,86030000 = 2.905|86A09600 = 0,INDIANA ST|N OCEAN DR,10250,86030000,86A09600,Y,-80.11719691,26.01717,10,0.192724478440242,On-System / Off-System,86030000,127,LPI-00034,1,2.905,2.895,2.9149999999999996,INDIANA ST,Off Corridor,,0,0,0,0,,,Unmatched,,0
48920,111680,55010000,URBAN GENERAL,TALLAHASSEE,URBAN PRIN ART OTHER,DIVIDED,US   27,SR   63,3,LEON,40500,5,35,1,LPI,Implement a Leading Pedestrian Interval (LPI),,LPI-00088,Potential Location,0.870000005,1,5408.8083328125,0.0051803102686145,0.00251615070189847,0.0107138235100891,0.020707785723111,0.0752911003813403,13543.4248731113,,1044108.95339269,1.097468913433,0.1097468913433,20.3093363421533,109849.30764133,5408.8083328125,104440.499308518,3,55,55010000 = 7.89|55A03689 = .166,ALLEN RD|N MONROE ST,18500,55010000,55A03689,Y,-84.29400501,30.47404018,10,0.193550061436423,On-System / Off-System,55010000,128,LPI-00088,1,7.89,7.88,7.8999999999999995,ALLEN RD,On Corridor,"452939-1, 445053-1",2,105,0.02,100,0,0.4,Verified Match,"452939-1, 445053-1",2
66310,137182,72030000,URBAN GENERAL,JACKSONVILLE,URBAN PRIN ART OTHER,DIVIDED,US   17,SR   15,2,DUVAL,39500,6,45,1,LPI,Implement a Leading Pedestrian Interval (LPI),,LPI-02491,Potential Location,0.870000005,1,5408.8083328125,0.00525249544945241,0.00255121207544831,0.0108631155886402,0.0209963389524864,0.0763402463619276,13753.5111355731,,1029759.73703631,1.11276162523448,0.111276162523448,20.624375750957,111553.295420832,5408.8083328125,106144.48708802,2,72,72030000 = 6.633|72A09905 = .977,BIRKENHEAD RD|ROOSEVELT BLVD|WABASH AVE,19500,72030000,72A09905,Y,-81.71998076,30.27746479,10,0.196247090274758,On-System / Off-System,72030000,129,LPI-02491,1,6.633,6.623,6.643,BIRKENHEAD RD,Off Corridor,,0,0,0,0,,,Unmatched,,0
71415,154049,75020000,URBAN GENERAL,ORLANDO,URBAN PRIN ART OTHER,DIVIDED,US  441,SR  500,5,ORANGE,24500,4,40,1,LPI,Implement a Leading Pedestrian Interval (LPI),,LPI-02639,Potential Location,0.870000005,1,5408.8083328125,0.00525964803384738,0.00255468618786873,0.0108779084336389,0.021024930711925,0.0764442026737591,13750.845858982,,1028359.36891694,1.11427692810576,0.111427692810576,20.620378977671,111531.677640179,5408.8083328125,106122.869307366,5,75,75020000 = .5|75A07913 = 0,COUNTRY CLUB DR|ORANGE BLOSSOM TRL N,31750,75020000,75A07913,Y,-81.39726484,28.55989973,10,0.196514329701992,On-System / Off-System,75020000,130,LPI-02639,1,0.5,0.49,0.51,COUNTRY CLUB DR,Off Corridor,,0,0,0,0,,,Unmatched,,0
69303,139958,72100000,URBAN GENERAL,JACKSONVILLE,URBAN PRIN ART OTHER,DIVIDED,US   90,SR   10,2,DUVAL,30000,8,40,1,LPI,Implement a Leading Pedestrian Interval (LPI),,LPI-02150,Potential Location,0.870000005,1,5408.8083328125,0.00528858675326244,0.0025687421372989,0.0109377589669746,0.0211406104240803,0.0768648006525303,13848.0151962859,,1022732.26953796,1.1204077085621,0.11204077085621,20.7660913637135,112319.808007999,5408.8083328125,106910.999675187,2,72,72100000 = .586|72A08532 = .153,ATLANTIC BLVD|KINGMAN AVE|MERRILL AVE,13500,72100000,72A08532,Y,-81.64146978,30.30721065,10,0.197595556622821,On-System / Off-System,72100000,131,LPI-02150,1,0.586,0.576,0.596,ATLANTIC BLVD,On Corridor,437387-1,2,106,0.02,100,0,133,Verified Match,437387-1,2
78492,201996,86016000,URBAN GENERAL,MIAMI,URBAN MINOR ART,DIVIDED,,SR  848,4,BROWARD,40500,6,45,1,LPI,Implement a Leading Pedestrian Interval (LPI),,LPI-00874,Potential Location,0.870000005,1,5408.8083328125,0.00530211287441895,0.00257531196757492,0.010965733444821,0.0211946797759241,0.0770613905270663,13883.4329628956,,1020123.1963409,1.12327327002828,0.112327327002828,20.8192028433653,112607.077821708,5408.8083328125,107198.269488896,4,86,86016000 = 3.456|86A05694 = .736,SARAZEN DR|STIRLING RD|SW 37TH AVE,12500,86016000,86A05694,Y,-80.19611468,26.04693,10,0.198100928201952,On-System / Off-System,86016000,132,LPI-00874,1,3.456,3.446,3.4659999999999997,SARAZEN DR,On Corridor,446370-1,1,105,0.02,100,0,0.3,Verified Match,446370-1,1
103766,233247,87072000,URBAN GENERAL,MIAMI,URBAN MINOR ART,DIVIDED,,SR  985,6,MIAMI-DADE,45500,6,40,1,LPI,Implement a Leading Pedestrian Interval (LPI),,LPI-00323,Potential Location,0.870000005,1,5408.8083328125,0.00533428810118946,0.00259093993486345,0.0110322776638237,0.0213232971109885,0.0775290281979695,13967.6828863722,,1013970.04252665,1.13008971717764,0.113008971717764,20.9455416423559,113290.420170446,5408.8083328125,107881.611837633,6,87,87072000 = 5.529,SW 107TH AVE|SW 17TH ST,20250,87072000,87A44342,Y,-80.36820494,25.75307394,10,0.199303079578076,On-System / Off-System,87072000,133,LPI-00323,1,5.529,5.519,5.539,SW 107TH AVE,Off Corridor,,0,0,0,0,,,Unmatched,,0
34450,44659,12010000,URBAN GENERAL,CAPE CORAL,URBAN PRIN ART OTHER,DIVIDED,US   41,SR   45,1,LEE,45000,7,45,1,LPI,Implement a Leading Pedestrian Interval (LPI),,LPI-02350,Potential Location,0.870000005,1,5408.8083328125,0.00533495038922888,0.00259126161762545,0.0110336473959052,0.0213259445429175,0.0775386539525424,13969.417068917,,1013844.16689849,1.13023002547913,0.113023002547913,20.9481421733819,113304.485944329,5408.8083328125,107895.677611517,1,12,12010000 = 20.886|12A02238 = .171,CLEVELAND AVE|COURTNEY DR,23250,12010000,12A02238,Y,-81.87183,26.60210445,10,0.199327824406874,On-System / Off-System,12010000,134,LPI-02350,1,20.886,20.875999999999998,20.896,CLEVELAND AVE,On Corridor,456031-1,1,106,0.02,100,0.4,1.3,Verified Match,456031-1,1
100822,223093,87001000,URBAN GENERAL,MIAMI,URBAN PRIN ART OTHER,DIVIDED,,SR   94,6,MIAMI-DADE,41000,6,45,1,LPI,Implement a Leading Pedestrian Interval (LPI),,LPI-00732,Potential Location,0.870000005,1,5408.8083328125,0.00534181853090033,0.00259459757215159,0.0110478519616348,0.0213533992702743,0.0776384761479719,13987.4011040995,,1012540.63602585,1.13168506805123,0.113168506805123,20.9751105231703,113450.352579387,5408.8083328125,108041.544246574,6,87,87001000 = 8.641,SW 88TH ST|SW 90TH AVE,20750,87001000,87A43471,Y,-80.34162,25.6877653,10,0.19958443630337,On-System / Off-System,87001000,135,LPI-00732,1,8.641,8.631,8.651,SW 88TH ST,On Corridor,"451036-1, 437784-1",3,106,0.02,100,0,0.1,Verified Match,"451036-1, 437784-1",3
113592,280665,94010000,URBAN GENERAL,PORT SAINT LUCIE,URBAN PRIN ART OTHER,DIVIDED,US    1,SR    5,4,ST. LUCIE,31500,4,45,1,LPI,Implement a Leading Pedestrian Interval (LPI),,LPI-01923,Potential Location,0.870000005,1,5408.8083328125,0.00535197272922983,0.0025995296113402,0.0110688526899981,0.0213939896890512,0.0777860581896018,13992.2199294543,,1010619.56150715,1.13383627452914,0.113383627452914,20.9823366971862,113489.437569618,5408.8083328125,108080.629236806,4,94,94010000 = 10.756|94631002 = 3.565,EDWARDS RD|PLEASURE AVE|S US HWY 1,19150,94010000,94631002,Y,-80.32594,27.41079457,10,0.199963823947855,On-System / On-System,94010000,136,LPI-01923,1,10.756,10.746,10.766,EDWARDS RD,On Corridor,"451080-1, 441714-1",3,106,0.02,100,2.7,1.4,Verified Match,"451080-1, 441714-1",3
113592,280665,94631002,URBAN GENERAL,PORT SAINT LUCIE,URBAN PRIN ART OTHER,DIVIDED,US    1,SR    5,4,ST. LUCIE,31500,4,45,1,LPI,Implement a Leading Pedestrian Interval (LPI),,LPI-01923,Potential Location,0.870000005,1,5408.8083328125,0.00535197272922983,0.0025995296113402,0.0110688526899981,0.0213939896890512,0.0777860581896018,13992.2199294543,,1010619.56150715,1.13383627452914,0.113383627452914,20.9823366971862,113489.437569618,5408.8083328125,108080.629236806,4,94,94010000 = 10.756|94631002 = 3.565,EDWARDS RD|PLEASURE AVE|S US HWY 1,19150,94010000,94631002,Y,-80.32594,27.41079457,10,0.199963823947855,On-System / On-System,94010000,136,LPI-01923,2,3.565,3.555,3.5749999999999997,PLEASURE AVE,Off Corridor,,0,0,0,0,87.7,27.7,No Match - Angle Mismatch,,0
7478,23497,10130000,URBAN GENERAL,TAMPA-ST PETERSBURG,URBAN PRIN ART OTHER,DIVIDED,US   92,SR  600,7,HILLSBOROUGH,59500,8,40,1,LPI,Implement a Leading Pedestrian Interval (LPI),,LPI-02165,Potential Location,0.870000005,1,5408.8083328125,0.00536335299446917,0.00260505716874217,0.0110923891476522,0.0214394811908781,0.0779514599991599,14043.7884893611,,1008475.17185429,1.13624722805879,0.113624722805879,21.0596674490188,113907.704784513,5408.8083328125,108498.896451701,7,10,10130000 = 9.404,N DALE MABRY HWY,27000,10130000,10A13855,Y,-82.505545,27.95769,10,0.200389020687437,On-System / Off-System,10130000,137,LPI-02165,1,9.404,9.394,9.414,N DALE MABRY HWY,On Corridor,"445362-2, 451989-1, 458148-1",4,106,0.02,100,0,1,Verified Match,"445362-2, 451989-1, 458148-1",4
98431,220633,87001000,URBAN GENERAL,MIAMI,URBAN PRIN ART OTHER,DIVIDED,,SR   94,6,MIAMI-DADE,90500,6,45,1,LPI,Implement a Leading Pedestrian Interval (LPI),,LPI-00110,Potential Location,0.870000005,1,5408.8083328125,0.00538844324669003,0.00261724386267801,0.0111442803511089,0.0215397770302752,0.0783161240058698,14109.4866068815,,1003779.40068961,1.14156269574601,0.114156269574601,21.1581864852501,114440.575368622,5408.8083328125,109031.767035809,6,87,87001000 = 5.881,MILLS DR|SW 88TH ST,42250,87001000,87A24599,Y,-80.38578029,25.68632501,10,0.201326458718557,On-System / Off-System,87001000,138,LPI-00110,1,5.881,5.871,5.891,MILLS DR,On Corridor,437784-1,1,105,0.02,100,0,0.1,Verified Match,437784-1,1
119497,281255,94050000,URBAN GENERAL,PORT SAINT LUCIE,URBAN MINOR ART,DIVIDED,,SR  A1A,4,ST. LUCIE,17900,2,45,1,LPI,Implement a Leading Pedestrian Interval (LPI),,LPI-02012,Potential Location,0.870000005,1,5408.8083328125,0.00620876492028614,0.00261932270074572,0.0103899800462913,0.0187960656766475,0.0611223802816607,10078.1804897635,,871156.889052134,0.935486251973739,0.0935486251973739,15.1129540128289,81743.0715980008,5408.8083328125,76334.2632651883,4,94,94050000 = 1.783,NETTLES BLVD|S OCEAN DR,7550,94050000,94A03021,Y,-80.21254959,27.28666699,10,0.2014863693453,On-System / Off-System,94050000,139,LPI-02012,1,1.783,1.773,1.793,NETTLES BLVD,Off Corridor,,0,0,0,0,,,Unmatched,,0
118693,272674,93150000,URBAN GENERAL,MIAMI,URBAN PRIN ART OTHER,DIVIDED,,SR  809,4,PALM BEACH,31000,6,45,1,LPI,Implement a Leading Pedestrian Interval (LPI),,LPI-02003,Potential Location,0.870000005,1,5408.8083328125,0.00540696956512528,0.00262624236020371,0.0111825961460545,0.0216138341837086,0.0785853872022185,14157.9972489854,,1000340.07361519,1.14548756848698,0.114548756848698,21.2309316701565,114834.040130915,5408.8083328125,109425.231798103,4,93,93150000 = 7.027|93310000 = 20.545,BEELINE HWY|DR MARTIN LUTHER KING JR BLVD|MILITARY TRL,51350,93150000,93310000,Y,-80.10736942,26.77985957,10,0.202018650862541,On-System / On-System,93150000,140,LPI-02003,1,7.027,7.017,7.037,BEELINE HWY,Off Corridor,,0,0,0,0,,,Unmatched,,0
118693,272674,93310000,URBAN GENERAL,MIAMI,URBAN PRIN ART OTHER,DIVIDED,,SR  809,4,PALM BEACH,31000,6,45,1,LPI,Implement a Leading Pedestrian Interval (LPI),,LPI-02003,Potential Location,0.870000005,1,5408.8083328125,0.00540696956512528,0.00262624236020371,0.0111825961460545,0.0216138341837086,0.0785853872022185,14157.9972489854,,1000340.07361519,1.14548756848698,0.114548756848698,21.2309316701565,114834.040130915,5408.8083328125,109425.231798103,4,93,93150000 = 7.027|93310000 = 20.545,BEELINE HWY|DR MARTIN LUTHER KING JR BLVD|MILITARY TRL,51350,93150000,93310000,Y,-80.10736942,26.77985957,10,0.202018650862541,On-System / On-System,93150000,140,LPI-02003,2,20.545,20.535,20.555000000000003,DR MARTIN LUTHER KING JR BLVD,Off Corridor,,0,0,0,0,,,Unmatched,,0
98801,223849,87027000,URBAN GENERAL,MIAMI,URBAN MINOR ART,DIVIDED,,SR  968,6,MIAMI-DADE,43500,6,40,1,LPI,Implement a Leading Pedestrian Interval (LPI),,LPI-01275,Potential Location,0.870000005,1,5408.8083328125,0.00541338837251013,0.00262936006664778,0.0111958714067823,0.021639492741021,0.0786786787322779,14152.7852445938,,999153.942155548,1.1468474178398,0.11468474178398,21.2231158959933,114791.766106494,5408.8083328125,109382.957773682,6,87,87027000 = .014|87053000 = 1.51|87A16891 = .298,NW 72ND AVE|SW 72ND AVE|W FLAGLER ST,57550,87053000,87027000,Y,-80.31219778,25.77019055,10,0.202258474444386,On-System / On-System,87053000,141,LPI-01275,1,0.014,0.004,0.024,NW 72ND AVE,Off Corridor,,0,0,0,0,84.7,93.5,No Match - Angle Mismatch,,0
98801,223849,87053000,URBAN GENERAL,MIAMI,URBAN MINOR ART,DIVIDED,,SR  968,6,MIAMI-DADE,43500,6,40,1,LPI,Implement a Leading Pedestrian Interval (LPI),,LPI-01275,Potential Location,0.870000005,1,5408.8083328125,0.00541338837251013,0.00262936006664778,0.0111958714067823,0.021639492741021,0.0786786787322779,14152.7852445938,,999153.942155548,1.1468474178398,0.11468474178398,21.2231158959933,114791.766106494,5408.8083328125,109382.957773682,6,87,87027000 = .014|87053000 = 1.51|87A16891 = .298,NW 72ND AVE|SW 72ND AVE|W FLAGLER ST,57550,87053000,87027000,Y,-80.31219778,25.77019055,10,0.202258474444386,On-System / On-System,87053000,141,LPI-01275,2,1.51,1.5,1.52,SW 72ND AVE,On Corridor,437782-3,1,106,0.02,100,0.1,0.2,Verified Match,437782-3,1
106241,233043,87170000,URBAN GENERAL,MIAMI,URBAN PRIN ART OTHER,DIVIDED,,SR  826,6,MIAMI-DADE,55500,6,35,1,LPI,Implement a Leading Pedestrian Interval (LPI),,LPI-00321,Potential Location,0.870000005,1,5408.8083328125,0.00545651001673323,0.00265030486527043,0.0112850548073346,0.0218118673136427,0.0793054126295659,14287.7175237402,,991257.839942665,1.15598290617487,0.115598290617487,21.4254565200431,115886.187759921,5408.8083328125,110477.379427108,6,87,87170000 = 1.733|87A10898 = 1.88,NE 167TH ST|NE 8TH AVE,28750,87170000,87A10898,Y,-80.18428624,25.92875123,10,0.203869612861941,On-System / Off-System,87170000,142,LPI-00321,1,1.733,1.723,1.743,NE 167TH ST,On Corridor,"452561-1, 458153-1",5,106,0.02,100,1.1,0.3,Verified Match,"452561-1, 458153-1",5
88174,182450,79010000,URBAN GENERAL,DAYTONA BEACH-PORT ORANGE,URBAN PRIN ART OTHER,DIVIDED,US    1,SR    5,5,VOLUSIA,26000,4,35,1,LPI,Implement a Leading Pedestrian Interval (LPI),,LPI-01468,Potential Location,0.870000005,1,5408.8083328125,0.00628365251477396,0.00265091590467026,0.010515299755192,0.0190227761677727,0.0618596135458333,11683.7062369421,,860774.576585108,0.946769706249457,0.0946769706249457,17.5205549491455,94765.3236044373,5408.8083328125,89356.5152716248,5,79,79010000 = 17.986|79070004 = .122,LYTLE AVE|S DIXIE FWY,12700,79010000,79070004,Y,-80.92520437,29.02099874,10,0.203916615894505,On-System / On-System,79010000,143,LPI-01468,1,17.986,17.976,17.996000000000002,LYTLE AVE,Off Corridor,,0,0,0,0,,,Unmatched,,0
88174,182450,79070004,URBAN GENERAL,DAYTONA BEACH-PORT ORANGE,URBAN PRIN ART OTHER,DIVIDED,US    1,SR    5,5,VOLUSIA,26000,4,35,1,LPI,Implement a Leading Pedestrian Interval (LPI),,LPI-01468,Potential Location,0.870000005,1,5408.8083328125,0.00628365251477396,0.00265091590467026,0.010515299755192,0.0190227761677727,0.0618596135458333,11683.7062369421,,860774.576585108,0.946769706249457,0.0946769706249457,17.5205549491455,94765.3236044373,5408.8083328125,89356.5152716248,5,79,79010000 = 17.986|79070004 = .122,LYTLE AVE|S DIXIE FWY,12700,79010000,79070004,Y,-80.92520437,29.02099874,10,0.203916615894505,On-System / On-System,79010000,143,LPI-01468,2,0.122,0.112,0.132,S DIXIE FWY,Off Corridor,,0,0,0,0,,,Unmatched,,0
95712,206500,86220000,URBAN GENERAL,MIAMI,URBAN PRIN ART OTHER,DIVIDED,,SR  817,4,BROWARD,48500,6,45,1,LPI,Implement a Leading Pedestrian Interval (LPI),,LPI-01622,Potential Location,0.870000005,1,5408.8083328125,0.00546744349819812,0.00265561541341052,0.0113076672349097,0.0218555728408491,0.0794643208431295,14316.3465364685,,989275.579088299,1.15829920682119,0.115829920682119,21.4683877766559,116118.394698426,5408.8083328125,110709.586365614,4,86,86220000 = 10.641,N UNIVERSITY DR|NW 2ND ST,26750,86220000,86A21016,Y,-80.255151,26.12435042,10,0.204278116580736,On-System / Off-System,86220000,144,LPI-01622,1,10.641,10.631,10.651,N UNIVERSITY DR,On Corridor,"446998-1, 449243-3",2,106,0.02,100,0.5,0.3,Verified Match,"446998-1, 449243-3",2
91769,199444,86018000,URBAN GENERAL,MIAMI,URBAN PRIN ART OTHER,DIVIDED,,SR  824,4,BROWARD,55000,6,40,1,LPI,Implement a Leading Pedestrian Interval (LPI),,LPI-00038,Potential Location,0.870000005,1,5408.8083328125,0.00549807259423942,0.00267049240291629,0.0113710137744497,0.0219780096689207,0.0799094869094571,14396.5479602547,,983764.444740063,1.16478810015168,0.116478810015168,21.5886555601784,116768.900088112,5408.8083328125,111360.0917553,4,86,86018000 = 3.278|86A21041 = .511,PEMBROKE RD|S 52ND AVE|SW 52ND AVE,48000,86018000,86A21041,Y,-80.19515,25.99529034,10,0.205422500432888,On-System / Off-System,86018000,145,LPI-00038,1,3.278,3.2680000000000002,3.288,PEMBROKE RD,On Corridor,448400-1,2,105,0.02,100,0.5,0.3,Verified Match,448400-1,2
100900,229809,87080900,URBAN GENERAL,MIAMI,URBAN MINOR ART,DIVIDED,,SR  934,6,MIAMI-DADE,25000,4,40,1,LPI,Implement a Leading Pedestrian Interval (LPI),,LPI-00775,Potential Location,0.870000005,1,5408.8083328125,0.00633379573906499,0.00267207007741804,0.0105992113070916,0.019174576944435,0.0623532500843421,11776.9416125476,,853960.019495507,0.954324879871933,0.0954324879871933,17.6603680776488,95521.5460189227,5408.8083328125,90112.7376861102,6,87,87080900 = 38.195|87A14065 = 0,NW 10TH CT|NW 79TH ST,11550,87080900,87A14065,Y,-80.21401148,25.84694154,10,0.205543860014613,On-System / Off-System,87080900,146,LPI-00775,1,38.195,38.185,38.205,NW 10TH CT,On Corridor,"410646-5, 410646-7",7,105,0.02,100,0,0.3,Verified Match,"410646-5, 410646-7",7
113640,264233,93012000,URBAN GENERAL,MIAMI,URBAN MINOR ART,DIVIDED,,SR  708,4,PALM BEACH,30000,4,35,1,LPI,Implement a Leading Pedestrian Interval (LPI),,LPI-01774,Potential Location,0.870000005,1,5408.8083328125,0.00551226372917225,0.00267738523988366,0.0114003636216972,0.0220347373485613,0.080115742154674,14411.2853913647,,981231.776735892,1.16779454737733,0.116779454737733,21.610755394455,116888.433855901,5408.8083328125,111479.625523088,4,93,93012000 = 2.915|93511000 = 2.086,OLD DIXIE HWY|W BLUE HERON BLVD,42250,93012000,93511000,Y,-80.06683391,26.78225261,10,0.20595271868154,On-System / On-System,93012000,147,LPI-01774,1,2.915,2.9050000000000002,2.925,OLD DIXIE HWY,Off Corridor,,0,0,0,0,,,Unmatched,,0
113640,264233,93511000,URBAN GENERAL,MIAMI,URBAN MINOR ART,DIVIDED,,SR  708,4,PALM BEACH,30000,4,35,1,LPI,Implement a Leading Pedestrian Interval (LPI),,LPI-01774,Potential Location,0.870000005,1,5408.8083328125,0.00551226372917225,0.00267738523988366,0.0114003636216972,0.0220347373485613,0.080115742154674,14411.2853913647,,981231.776735892,1.16779454737733,0.116779454737733,21.610755394455,116888.433855901,5408.8083328125,111479.625523088,4,93,93012000 = 2.915|93511000 = 2.086,OLD DIXIE HWY|W BLUE HERON BLVD,42250,93012000,93511000,Y,-80.06683391,26.78225261,10,0.20595271868154,On-System / On-System,93012000,147,LPI-01774,2,2.086,2.076,2.0959999999999996,W BLUE HERON BLVD,Off Corridor,,0,0,0,0,,,Unmatched,,0
89575,198007,86030000,URBAN GENERAL,MIAMI,URBAN PRIN ART OTHER,DIVIDED,,SR  A1A,4,BROWARD,30000,6,35,1,LPI,Implement a Leading Pedestrian Interval (LPI),,LPI-00026,Potential Location,0.870000005,1,5408.8083328125,0.00553317624763089,0.00268146233539036,0.0119601732737252,0.0158759595412794,0.0512457246319046,10174.1717502381,,977523.232723403,0.823166374070626,0.0823166374070626,15.2568997882255,82521.6467074396,5408.8083328125,77112.8383746271,4,86,86030000 = .307,S OCEAN DR,14250,86030000,86A39474,Y,-80.12005424,25.97958494,10,0.206266341424887,On-System / Off-System,86030000,148,LPI-00026,1,0.307,0.297,0.317,S OCEAN DR,On Corridor,446996-1,1,106,0.02,100,0,0.4,Verified Match,446996-1,1
92446,222464,87002000,URBAN GENERAL,MIAMI,URBAN PRIN ART OTHER,DIVIDED,,SR  823,6,MIAMI-DADE,34500,6,45,1,LPI,Implement a Leading Pedestrian Interval (LPI),,LPI-00421,Potential Location,0.870000005,1,5408.8083328125,0.00554002035741141,0.00269086703074269,0.0114577693755554,0.0221456917663796,0.0805191595128318,14506.3869945671,,976315.606056686,1.17367489721251,0.117367489721251,21.7533670650045,117659.793047925,5408.8083328125,112250.984715113,6,87,87002000 = .887|87A14276 = .997,W 23RD ST|W 4TH AVE,15000,87002000,87A14276,Y,-80.29014498,25.84261,10,0.206989779556737,On-System / Off-System,87002000,149,LPI-00421,1,0.887,0.877,0.897,W 23RD ST,Off Corridor,,0,0,0,0,,,Unmatched,,0
103611,229038,87120000,URBAN GENERAL,MIAMI,URBAN PRIN ART OTHER,DIVIDED,US   41,SR   90,6,MIAMI-DADE,57000,6,45,1,LPI,Implement a Leading Pedestrian Interval (LPI),,LPI-00787,Potential Location,0.870000005,1,5408.8083328125,0.00559142598703818,0.00271583547941855,0.0115640855641017,0.0223511807637708,0.0812662936070663,14640.9911853383,,967339.69927367,1.18456538013061,0.118456538013061,21.9552156970195,118751.553610735,5408.8083328125,113342.745277922,6,87,87120000 = 6.553,SW 112TH AVE|SW 8TH ST,25250,87120000,87A44342,Y,-80.37620723,25.76123936,10,0.208910429528751,On-System / Off-System,87120000,150,LPI-00787,1,6.553,6.543,6.563,SW 112TH AVE,On Corridor,"437782-3, 452564-3",2,105,0.02,100,0,0.1,Verified Match,"437782-3, 452564-3",2
85672,194864,86010000,URBAN GENERAL,MIAMI,URBAN PRIN ART OTHER,DIVIDED,US    1,SR    5,4,BROWARD,33000,4,35,1,LPI,Implement a Leading Pedestrian Interval (LPI),,LPI-00017,Potential Location,0.870000005,1,5408.8083328125,0.00645194894490126,0.00272191596113022,0.0107969333124832,0.0195322673136659,0.0635164130114849,11996.6334788146,,838321.626380334,0.972127244932544,0.0972127244932544,17.9898117778542,97303.4438497862,5408.8083328125,91894.6355169736,4,86,86010000 = 5.058|86A19587 = .245,S FEDERAL HWY|SW 3RD ST,16500,86010000,86A19587,Y,-80.14355624,26.04677815,10,0.209378158909177,On-System / Off-System,86010000,151,LPI-00017,1,5.058,5.048,5.068,S FEDERAL HWY,On Corridor,"449815-1, 457345-1",3,106,0.02,100,0,0.4,Verified Match,"449815-1, 457345-1",3
104298,225055,87053000,URBAN GENERAL,MIAMI,URBAN MINOR ART,DIVIDED,,SR  968,6,MIAMI-DADE,43500,4,40,1,LPI,Implement a Leading Pedestrian Interval (LPI),,LPI-01045,Potential Location,0.870000005,1,5408.8083328125,0.00560444592865768,0.0027221594510623,0.0115910131706329,0.0224032267122186,0.0814555266221951,14652.2869199668,,965092.428701148,1.18732370548975,0.118732370548975,21.9721544607333,118843.172137057,5408.8083328125,113434.363804245,6,87,87053000 = 1.997|87064503 = .518,NW 67TH AVE|SW 67TH AVE|W FLAGLER ST,26100,87053000,87064503,Y,-80.30433972,25.77052201,10,0.209396888904673,On-System / On-System,87053000,152,LPI-01045,1,1.997,1.987,2.007,NW 67TH AVE,On Corridor,"458151-1, 437782-3",2,106,0.02,100,1.1,0.2,Verified Match,"458151-1, 437782-3",2
104298,225055,87064503,URBAN GENERAL,MIAMI,URBAN MINOR ART,DIVIDED,,SR  968,6,MIAMI-DADE,43500,4,40,1,LPI,Implement a Leading Pedestrian Interval (LPI),,LPI-01045,Potential Location,0.870000005,1,5408.8083328125,0.00560444592865768,0.0027221594510623,0.0115910131706329,0.0224032267122186,0.0814555266221951,14652.2869199668,,965092.428701148,1.18732370548975,0.118732370548975,21.9721544607333,118843.172137057,5408.8083328125,113434.363804245,6,87,87053000 = 1.997|87064503 = .518,NW 67TH AVE|SW 67TH AVE|W FLAGLER ST,26100,87053000,87064503,Y,-80.30433972,25.77052201,10,0.209396888904673,On-System / On-System,87053000,152,LPI-01045,2,0.518,0.508,0.528,SW 67TH AVE,Off Corridor,,0,0,0,0,89.1,5.1,No Match - Angle Mismatch,,0
100226,228836,87002000,URBAN GENERAL,MIAMI,URBAN PRIN ART OTHER,DIVIDED,,SR  934,6,MIAMI-DADE,29500,5,45,1,LPI,Implement a Leading Pedestrian Interval (LPI),,LPI-02522,Potential Location,0.870000005,1,5408.8083328125,0.00562596278432964,0.00273261049524583,0.0116355139403181,0.0224892382469697,0.0817682545586093,14731.4248145925,,961401.370780127,1.19188213519576,0.119188213519576,22.0908274060497,119485.051352565,5408.8083328125,114076.243019752,6,87,87002000 = .746|87080900 = 33.186,W 21ST ST|W 4TH AVE,48250,87080900,87002000,Y,-80.29002984,25.84052522,10,0.210200815411249,On-System / On-System,87080900,153,LPI-02522,1,0.746,0.736,0.756,W 21ST ST,Off Corridor,,0,0,0,0,85.9,18.3,No Match - Angle Mismatch,,0
100226,228836,87080900,URBAN GENERAL,MIAMI,URBAN PRIN ART OTHER,DIVIDED,,SR  934,6,MIAMI-DADE,29500,5,45,1,LPI,Implement a Leading Pedestrian Interval (LPI),,LPI-02522,Potential Location,0.870000005,1,5408.8083328125,0.00562596278432964,0.00273261049524583,0.0116355139403181,0.0224892382469697,0.0817682545586093,14731.4248145925,,961401.370780127,1.19188213519576,0.119188213519576,22.0908274060497,119485.051352565,5408.8083328125,114076.243019752,6,87,87002000 = .746|87080900 = 33.186,W 21ST ST|W 4TH AVE,48250,87080900,87002000,Y,-80.29002984,25.84052522,10,0.210200815411249,On-System / On-System,87080900,153,LPI-02522,2,33.186,33.176,33.196,W 4TH AVE,On Corridor,452566-1,3,105,0.02,100,0.1,0.2,Verified Match,452566-1,3
98882,225218,87030000,URBAN GENERAL,MIAMI,URBAN PRIN ART OTHER,DIVIDED,US    1,SR    5,6,MIAMI-DADE,72000,6,45,1,LPI,Implement a Leading Pedestrian Interval (LPI),,LPI-01666,Potential Location,0.870000005,1,5408.8083328125,0.00570770784820268,0.00277231524055559,0.0118045775951465,0.0228160061776206,0.0829563447483094,14945.4719579124,,947632.302959532,1.20920014546452,0.120920014546452,22.4118064396021,121221.165423901,5408.8083328125,115812.357091088,6,87,87030000 = 1.454|87064504 = .447,S DIXIE HWY|SW 67TH AVE,44350,87030000,87064504,Y,-80.30133316,25.69449697,10,0.213255026706392,On-System / On-System,87030000,154,LPI-01666,1,1.454,1.444,1.464,S DIXIE HWY,On Corridor,441639-1,1,106,0.02,100,0,0.2,Verified Match,441639-1,1
98882,225218,87064504,URBAN GENERAL,MIAMI,URBAN PRIN ART OTHER,DIVIDED,US    1,SR    5,6,MIAMI-DADE,72000,6,45,1,LPI,Implement a Leading Pedestrian Interval (LPI),,LPI-01666,Potential Location,0.870000005,1,5408.8083328125,0.00570770784820268,0.00277231524055559,0.0118045775951465,0.0228160061776206,0.0829563447483094,14945.4719579124,,947632.302959532,1.20920014546452,0.120920014546452,22.4118064396021,121221.165423901,5408.8083328125,115812.357091088,6,87,87030000 = 1.454|87064504 = .447,S DIXIE HWY|SW 67TH AVE,44350,87030000,87064504,Y,-80.30133316,25.69449697,10,0.213255026706392,On-System / On-System,87030000,154,LPI-01666,2,0.447,0.437,0.457,SW 67TH AVE,On Corridor,441639-1,1,106,0.02,100,1,17.1,Verified Match,441639-1,1
26079,63434,15110000,URBAN GENERAL,TAMPA-ST PETERSBURG,URBAN MINOR ART,DIVIDED,,SR  693,7,PINELLAS,29000,5,35,1,LPI,Implement a Leading Pedestrian Interval (LPI),,LPI-02219,Potential Location,0.870000005,1,5408.8083328125,0.00661440572521018,0.00279045241532304,0.0110687945807814,0.0200240798321792,0.0651157238620105,12298.702584779,,817731.563124007,0.996604912628152,0.0996604912628152,18.4427860534958,99753.4948864265,5408.8083328125,94344.686553614,7,15,15110000 = 1.121|15A14728 = .188,HUFFMAN WAY S|PASADENA AVE S,13500,15110000,15A14728,Y,-82.73815863,27.75349759,10,0.214650194049857,On-System / Off-System,15110000,155,LPI-02219,1,1.121,1.111,1.131,HUFFMAN WAY S,Off Corridor,,0,0,0,0,,,Unmatched,,0
102620,203676,86210000,URBAN GENERAL,MIAMI,URBAN MINOR ART,DIVIDED,,SR  736,4,BROWARD,29000,4,40,1,LPI,Implement a Leading Pedestrian Interval (LPI),,LPI-01499,Potential Location,0.870000005,1,5408.8083328125,0.00662433372630222,0.00279464079078375,0.0110854084701089,0.0200541353042352,0.0652134603790112,12317.1625247592,,816506.014987828,0.998100783167693,0.0998100783167693,18.4704680566396,99903.2215356995,5408.8083328125,94494.413202887,4,86,86210000 = 1.373|86A17391 = 0,DAVIE BLVD|SW 28TH AVE,14250,86210000,86A17391,Y,-80.17947234,26.10630976,10,0.214972376789995,On-System / Off-System,86210000,156,LPI-01499,1,1.373,1.363,1.383,DAVIE BLVD,On Corridor,448414-1,1,106,0.02,100,0.1,0.4,Verified Match,448414-1,1
83273,173313,78010000,URBAN GENERAL,ST. AUGUSTINE,URBAN PRIN ART OTHER,DIVIDED,US    1,SR    5,2,ST. JOHNS,31000,4,40,1,LPI,Implement a Leading Pedestrian Interval (LPI),,LPI-01302,Potential Location,0.870000005,1,5408.8083328125,0.00575625849825202,0.00279589698486527,0.0119049891668394,0.0230100826722334,0.083661984309822,15049.1863380483,,939639.582630796,1.21948578983585,0.121948578983585,22.5673335864968,122062.381952004,5408.8083328125,116653.573619191,2,78,78010000 = 18.682|78020000 = .001|78060000 = 20.753,N PONCE DE LEON BLVD|PICOLATA RD|SR-16,42800,78010000,78060000,Y,-81.3246283,29.91681537,10,0.215069007107675,On-System / On-System,78010000,157,LPI-01302,1,18.682,18.671999999999997,18.692,N PONCE DE LEON BLVD,Off Corridor,,0,0,0,0,,,Unmatched,,0
83273,173313,78020000,URBAN GENERAL,ST. AUGUSTINE,URBAN PRIN ART OTHER,DIVIDED,US    1,SR    5,2,ST. JOHNS,31000,4,40,1,LPI,Implement a Leading Pedestrian Interval (LPI),,LPI-01302,Potential Location,0.870000005,1,5408.8083328125,0.00575625849825202,0.00279589698486527,0.0119049891668394,0.0230100826722334,0.083661984309822,15049.1863380483,,939639.582630796,1.21948578983585,0.121948578983585,22.5673335864968,122062.381952004,5408.8083328125,116653.573619191,2,78,78010000 = 18.682|78020000 = .001|78060000 = 20.753,N PONCE DE LEON BLVD|PICOLATA RD|SR-16,42800,78010000,78060000,Y,-81.3246283,29.91681537,10,0.215069007107675,On-System / On-System,78010000,157,LPI-01302,2,0.001,0,0.011,PICOLATA RD,Off Corridor,,0,0,0,0,,,Unmatched,,0
83273,173313,78060000,URBAN GENERAL,ST. AUGUSTINE,URBAN PRIN ART OTHER,DIVIDED,US    1,SR    5,2,ST. JOHNS,31000,4,40,1,LPI,Implement a Leading Pedestrian Interval (LPI),,LPI-01302,Potential Location,0.870000005,1,5408.8083328125,0.00575625849825202,0.00279589698486527,0.0119049891668394,0.0230100826722334,0.083661984309822,15049.1863380483,,939639.582630796,1.21948578983585,0.121948578983585,22.5673335864968,122062.381952004,5408.8083328125,116653.573619191,2,78,78010000 = 18.682|78020000 = .001|78060000 = 20.753,N PONCE DE LEON BLVD|PICOLATA RD|SR-16,42800,78010000,78060000,Y,-81.3246283,29.91681537,10,0.215069007107675,On-System / On-System,78010000,157,LPI-01302,3,20.753,20.743,20.763,SR-16,Off Corridor,,0,0,0,0,,,Unmatched,,0
90758,200785,86018000,URBAN GENERAL,MIAMI,URBAN PRIN ART OTHER,DIVIDED,,SR  824,4,BROWARD,44000,6,40,1,LPI,Implement a Leading Pedestrian Interval (LPI),,LPI-00376,Potential Location,0.870000005,1,5408.8083328125,0.00576612157169255,0.00280068762053638,0.0119253877960005,0.0230495093476229,0.0838053351158497,15098.4266447312,,938032.309163547,1.22157532037179,0.122157532037179,22.6411729557393,122461.764947652,5408.8083328125,117052.956614839,4,86,86018000 = 2.538|86100000 = 1.55,PEMBROKE RD|S 60TH AVE,56000,86018000,86100000,Y,-80.20695153,25.99531858,10,0.215437517558088,On-System / On-System,86018000,158,LPI-00376,1,2.538,2.528,2.5479999999999996,PEMBROKE RD,On Corridor,448400-1,2,105,0.02,100,1.8,0.2,Verified Match,448400-1,2
90758,200785,86100000,URBAN GENERAL,MIAMI,URBAN PRIN ART OTHER,DIVIDED,,SR  824,4,BROWARD,44000,6,40,1,LPI,Implement a Leading Pedestrian Interval (LPI),,LPI-00376,Potential Location,0.870000005,1,5408.8083328125,0.00576612157169255,0.00280068762053638,0.0119253877960005,0.0230495093476229,0.0838053351158497,15098.4266447312,,938032.309163547,1.22157532037179,0.122157532037179,22.6411729557393,122461.764947652,5408.8083328125,117052.956614839,4,86,86018000 = 2.538|86100000 = 1.55,PEMBROKE RD|S 60TH AVE,56000,86018000,86100000,Y,-80.20695153,25.99531858,10,0.215437517558088,On-System / On-System,86018000,158,LPI-00376,2,1.55,1.54,1.56,S 60TH AVE,Off Corridor,,0,0,0,0,81.4,27.9,No Match - Angle Mismatch,,0
94830,201493,86020000,URBAN GENERAL,MIAMI,URBAN PRIN ART OTHER,DIVIDED,US    1,SR    5,4,BROWARD,40000,6,45,1,LPI,Implement a Leading Pedestrian Interval (LPI),,LPI-01568,Potential Location,0.870000005,1,5408.8083328125,0.00576826958506754,0.00280173094131852,0.0119298302782079,0.0230580958218674,0.0838365545375158,15104.0511571476,,937683.000602886,1.22203038537416,0.122203038537416,22.6496073152529,122507.384781671,5408.8083328125,117098.576448858,4,86,86020000 = 14.766|86120000 = 6.951,E HILLSBORO BEACH BLVD|E HILLSBORO BLVD|N FEDERAL HWY|S FEDERAL HWY,59000,86020000,86120000,Y,-80.09077332,26.31799823,10,0.215517773005954,On-System / On-System,86020000,159,LPI-01568,1,14.766,14.756,14.776,E HILLSBORO BEACH BLVD,On Corridor,439891-5,1,106,0.02,100,3.1,11.9,Verified Match,439891-5,1
94830,201493,86120000,URBAN GENERAL,MIAMI,URBAN PRIN ART OTHER,DIVIDED,US    1,SR    5,4,BROWARD,40000,6,45,1,LPI,Implement a Leading Pedestrian Interval (LPI),,LPI-01568,Potential Location,0.870000005,1,5408.8083328125,0.00576826958506754,0.00280173094131852,0.0119298302782079,0.0230580958218674,0.0838365545375158,15104.0511571476,,937683.000602886,1.22203038537416,0.122203038537416,22.6496073152529,122507.384781671,5408.8083328125,117098.576448858,4,86,86020000 = 14.766|86120000 = 6.951,E HILLSBORO BEACH BLVD|E HILLSBORO BLVD|N FEDERAL HWY|S FEDERAL HWY,59000,86020000,86120000,Y,-80.09077332,26.31799823,10,0.215517773005954,On-System / On-System,86020000,159,LPI-01568,2,6.951,6.941,6.960999999999999,E HILLSBORO BLVD,On Corridor,439891-5,1,106,0.02,100,1,0.1,Verified Match,439891-5,1
106146,227408,87002000,URBAN GENERAL,MIAMI,URBAN PRIN ART OTHER,DIVIDED,,SR  932,6,MIAMI-DADE,47000,5,40,1,LPI,Implement a Leading Pedestrian Interval (LPI),,LPI-01752,Potential Location,0.870000005,1,5408.8083328125,0.00577076345974756,0.00280294225187738,0.0119349880644779,0.0230680648429909,0.083872800738831,20326.0168075682,,937277.774516357,1.22255872244152,0.122255872244152,30.4803191001369,164862.203935604,5408.8083328125,159453.395602792,6,87,87002000 = 2.542|87038000 = 3.156,NW 103RD ST|W 49TH ST|W 4TH AVE,78250,87038000,87002000,Y,-80.29078724,25.86659517,10,0.215610950744835,On-System / On-System,87038000,160,LPI-01752,1,2.542,2.532,2.5519999999999996,NW 103RD ST,Off Corridor,,0,0,0,0,88.6,39.8,No Match - Angle Mismatch,,0
106146,227408,87038000,URBAN GENERAL,MIAMI,URBAN PRIN ART OTHER,DIVIDED,,SR  932,6,MIAMI-DADE,47000,5,40,1,LPI,Implement a Leading Pedestrian Interval (LPI),,LPI-01752,Potential Location,0.870000005,1,5408.8083328125,0.00577076345974756,0.00280294225187738,0.0119349880644779,0.0230680648429909,0.083872800738831,20326.0168075682,,937277.774516357,1.22255872244152,0.122255872244152,30.4803191001369,164862.203935604,5408.8083328125,159453.395602792,6,87,87002000 = 2.542|87038000 = 3.156,NW 103RD ST|W 49TH ST|W 4TH AVE,78250,87038000,87002000,Y,-80.29078724,25.86659517,10,0.215610950744835,On-System / On-System,87038000,160,LPI-01752,2,3.156,3.1460000000000004,3.166,W 49TH ST,On Corridor,451122-1,5,106,0.02,100,0.9,31.4,Verified Match,451122-1,5
91520,200774,86040000,URBAN GENERAL,MIAMI,URBAN PRIN ART OTHER,DIVIDED,,SR  820,4,BROWARD,41000,6,35,1,LPI,Implement a Leading Pedestrian Interval (LPI),,LPI-02544,Potential Location,0.870000005,1,5408.8083328125,0.00577474503466118,0.00280487615969257,0.011943222685322,0.0230839808008924,0.083930669310587,15121.0069392041,,936631.539634693,1.2234022345996,0.12234022345996,22.6750337257773,122644.911362789,5408.8083328125,117236.103029976,4,86,86040000 = 13.995|86100000 = 2.573,HOLLYWOOD BLVD|S 60TH AVE|SR-7,74500,86040000,86100000,Y,-80.20743367,26.01006878,10,0.215759712890187,On-System / On-System,86040000,161,LPI-02544,1,13.995,13.985,14.004999999999999,HOLLYWOOD BLVD,Off Corridor,,0,0,0,0,,,Unmatched,,0
91520,200774,86100000,URBAN GENERAL,MIAMI,URBAN PRIN ART OTHER,DIVIDED,,SR  820,4,BROWARD,41000,6,35,1,LPI,Implement a Leading Pedestrian Interval (LPI),,LPI-02544,Potential Location,0.870000005,1,5408.8083328125,0.00577474503466118,0.00280487615969257,0.011943222685322,0.0230839808008924,0.083930669310587,15121.0069392041,,936631.539634693,1.2234022345996,0.12234022345996,22.6750337257773,122644.911362789,5408.8083328125,117236.103029976,4,86,86040000 = 13.995|86100000 = 2.573,HOLLYWOOD BLVD|S 60TH AVE|SR-7,74500,86040000,86100000,Y,-80.20743367,26.01006878,10,0.215759712890187,On-System / On-System,86040000,161,LPI-02544,2,2.573,2.563,2.5829999999999997,S 60TH AVE,Off Corridor,,0,0,0,0,,,Unmatched,,0
50375,115021,55010000,URBAN GENERAL,TALLAHASSEE,URBAN PRIN ART OTHER,DIVIDED,US   27,SR   63,3,LEON,29500,4,35,0,LPI,Implement a Leading Pedestrian Interval (LPI),,LPI-01976,Potential Location,0.870000005,1,5408.8083328125,0.00751756353094001,0.00280590618024956,0.0101438292320087,0.0156345795304511,0.0514455185323835,9968.93287433722,,719489.540800219,0.807815898281868,0.0807815898281868,14.9491293830134,80856.9755751353,5408.8083328125,75448.1672423228,3,55,55010000 = 9.173|55A04289 = 0,LAKE ELLA DR|N MONROE ST,15000,55010000,55A04289,N,,,10,0.215838945243771,On-System / Off-System,55010000,162,LPI-01976,1,9.173,9.163,9.183,LAKE ELLA DR,Off Corridor,,0,0,0,0,,,Unmatched,,0
94873,218747,87001000,URBAN GENERAL,MIAMI,URBAN PRIN ART OTHER,DIVIDED,,SR   94,6,MIAMI-DADE,54000,6,45,1,LPI,Implement a Leading Pedestrian Interval (LPI),,LPI-01385,Potential Location,0.870000005,1,5408.8083328125,0.00585268613395877,0.00284273326506569,0.0121044190497784,0.023395542753669,0.0850634723333326,15325.0935086118,,924158.276902843,1.23991436015241,0.123991436015241,22.9810761648096,124300.236257221,5408.8083328125,118891.427924408,6,87,87001000 = 5.96|87077502 = 1.007,SW 117TH AVE|SW 88TH ST,92500,87001000,87077502,Y,-80.38470313,25.68639124,10,0.218671798030891,On-System / On-System,87001000,163,LPI-01385,1,5.96,5.95,5.97,SW 117TH AVE,On Corridor,437784-1,1,105,0.02,100,0,0.1,Verified Match,437784-1,1
94873,218747,87077502,URBAN GENERAL,MIAMI,URBAN PRIN ART OTHER,DIVIDED,,SR   94,6,MIAMI-DADE,54000,6,45,1,LPI,Implement a Leading Pedestrian Interval (LPI),,LPI-01385,Potential Location,0.870000005,1,5408.8083328125,0.00585268613395877,0.00284273326506569,0.0121044190497784,0.023395542753669,0.0850634723333326,15325.0935086118,,924158.276902843,1.23991436015241,0.123991436015241,22.9810761648096,124300.236257221,5408.8083328125,118891.427924408,6,87,87001000 = 5.96|87077502 = 1.007,SW 117TH AVE|SW 88TH ST,92500,87001000,87077502,Y,-80.38470313,25.68639124,10,0.218671798030891,On-System / On-System,87001000,163,LPI-01385,2,1.007,0.9969999999999999,1.017,SW 88TH ST,Off Corridor,,0,0,0,0,79.8,52.5,No Match - Angle Mismatch,,0
36596,88704,29002000,URBAN GENERAL,LAKE CITY,URBAN PRIN ART OTHER,DIVIDED,,SR   10A,2,COLUMBIA,9300,4,45,1,LPI,Implement a Leading Pedestrian Interval (LPI),,LPI-00541,Potential Location,0.870000005,1,5408.8083328125,0.00590168207462209,0.00286653129338787,0.0122057515634229,0.0235913992541387,0.0857755837891096,15429.3823454728,,916485.887315245,1.25029434107521,0.125029434107521,23.1374647507385,125146.11214395,5408.8083328125,119737.303811138,2,29,29002000 = 2.749|29A01173 = .499,SE BAYA DR|SE DEFENDER DR,5050,29002000,29A01173,Y,-82.60751987,30.18305071,10,0.220502415664544,On-System / Off-System,29002000,164,LPI-00541,1,2.749,2.7390000000000003,2.759,SE BAYA DR,Off Corridor,,0,0,0,0,,,Unmatched,,0
106348,227590,87030000,URBAN GENERAL,MIAMI,URBAN PRIN ART OTHER,DIVIDED,US    1,SR    5,6,MIAMI-DADE,42500,4,35,1,LPI,Implement a Leading Pedestrian Interval (LPI),,LPI-02573,Potential Location,0.870000005,1,5408.8083328125,0.00598242619455957,0.00290574986592893,0.0123727450842027,0.0239141660089018,0.0869491261686556,15640.4801109762,,904116.182449736,1.26740029747145,0.126740029747145,23.4540209808541,126858.304119203,5408.8083328125,121449.49578639,6,87,87030000 = 16.103|87080000 = 0|87080900 = 40.027,BISCAYNE BLVD|NE 79TH ST,60900,87030000,87080900,Y,-80.18462493,25.84792406,10,0.223519229052965,On-System / On-System,87030000,165,LPI-02573,1,16.103,16.093,16.113000000000003,BISCAYNE BLVD,On Corridor,"445996-1, 447214-1",3,106,0.02,100,0.5,0.3,Verified Match,"445996-1, 447214-1",3
106348,227590,87080000,URBAN GENERAL,MIAMI,URBAN PRIN ART OTHER,DIVIDED,US    1,SR    5,6,MIAMI-DADE,42500,4,35,1,LPI,Implement a Leading Pedestrian Interval (LPI),,LPI-02573,Potential Location,0.870000005,1,5408.8083328125,0.00598242619455957,0.00290574986592893,0.0123727450842027,0.0239141660089018,0.0869491261686556,15640.4801109762,,904116.182449736,1.26740029747145,0.126740029747145,23.4540209808541,126858.304119203,5408.8083328125,121449.49578639,6,87,87030000 = 16.103|87080000 = 0|87080900 = 40.027,BISCAYNE BLVD|NE 79TH ST,60900,87030000,87080900,Y,-80.18462493,25.84792406,10,0.223519229052965,On-System / On-System,87030000,165,LPI-02573,2,0,0,0.01,NE 79TH ST,On Corridor,410646-5,8,53,0.01,100,0,0.3,Verified Parallel Fallback,410646-5,8
106348,227590,87080900,URBAN GENERAL,MIAMI,URBAN PRIN ART OTHER,DIVIDED,US    1,SR    5,6,MIAMI-DADE,42500,4,35,1,LPI,Implement a Leading Pedestrian Interval (LPI),,LPI-02573,Potential Location,0.870000005,1,5408.8083328125,0.00598242619455957,0.00290574986592893,0.0123727450842027,0.0239141660089018,0.0869491261686556,15640.4801109762,,904116.182449736,1.26740029747145,0.126740029747145,23.4540209808541,126858.304119203,5408.8083328125,121449.49578639,6,87,87030000 = 16.103|87080000 = 0|87080900 = 40.027,BISCAYNE BLVD|NE 79TH ST,60900,87030000,87080900,Y,-80.18462493,25.84792406,10,0.223519229052965,On-System / On-System,87030000,165,LPI-02573,3,40.027,40.017,40.037,,On Corridor,410646-5,8,53,0.01,100,0.7,0.3,Verified Parallel Fallback,410646-5,8
114959,251841,90060000,URBAN GENERAL,KEY LARGO,URBAN PRIN ART OTHER,DIVIDED,US    1,SR    5,6,MONROE,29500,2,45,1,LPI,Implement a Leading Pedestrian Interval (LPI),,LPI-00248,Potential Location,0.870000005,1,5408.8083328125,0.0060160907703357,0.00292210123130591,0.0124423695477398,0.0240487368715497,0.0874384101734019,13730.7910405019,,899056.968934444,1.27453226901031,0.127453226901031,20.5903053399014,111369.015097612,5408.8083328125,105960.2067648,6,90,90060000 = 16.146|90A00687 = .328,OVERSEAS HWY|WOODS AVE,15000,90060000,90A00687,Y,-80.53954974,24.99381065,10,0.224777026438033,On-System / Off-System,90060000,166,LPI-00248,1,16.146,16.136,16.156000000000002,OVERSEAS HWY,On Corridor,"447810-1, 433891-4",4,106,0.02,100,0.1,0.7,Verified Match,"447810-1, 433891-4",4
100690,224420,87030000,URBAN GENERAL,MIAMI,URBAN PRIN ART OTHER,DIVIDED,US    1,SR    5,6,MIAMI-DADE,48500,5,35,1,LPI,Implement a Leading Pedestrian Interval (LPI),,LPI-01648,Potential Location,0.870000005,1,5408.8083328125,0.00602437234039414,0.00292612370819144,0.0124594973403606,0.0240818416412119,0.0875587752655012,15750.1442904113,,897821.055406186,1.27628675189305,0.127628675189305,23.6184702782587,127747.77884933,5408.8083328125,122338.970516517,6,87,87030000 = 19.35|87066000 = 2.967,BISCAYNE BLVD|NE 123RD ST,68250,87030000,87066000,Y,-80.16374949,25.88940504,10,0.22508644774882,On-System / On-System,87030000,167,LPI-01648,1,19.35,19.34,19.360000000000003,BISCAYNE BLVD,On Corridor,451123-1,5,106,0.02,100,0,222.4,Verified Match,451123-1,5
100690,224420,87066000,URBAN GENERAL,MIAMI,URBAN PRIN ART OTHER,DIVIDED,US    1,SR    5,6,MIAMI-DADE,48500,5,35,1,LPI,Implement a Leading Pedestrian Interval (LPI),,LPI-01648,Potential Location,0.870000005,1,5408.8083328125,0.00602437234039414,0.00292612370819144,0.0124594973403606,0.0240818416412119,0.0875587752655012,15750.1442904113,,897821.055406186,1.27628675189305,0.127628675189305,23.6184702782587,127747.77884933,5408.8083328125,122338.970516517,6,87,87030000 = 19.35|87066000 = 2.967,BISCAYNE BLVD|NE 123RD ST,68250,87030000,87066000,Y,-80.16374949,25.88940504,10,0.22508644774882,On-System / On-System,87030000,167,LPI-01648,2,2.967,2.9570000000000003,2.977,NE 123RD ST,Off Corridor,,0,0,0,0,71.3,240.2,No Match - Angle Mismatch,,0
90448,194813,86015000,URBAN GENERAL,MIAMI,URBAN PRIN ART OTHER,DIVIDED,,SR  818,4,BROWARD,29500,6,45,1,LPI,Implement a Leading Pedestrian Interval (LPI),,LPI-00713,Potential Location,0.870000005,1,5408.8083328125,0.00602761356866496,0.00292769801906584,0.0124662007897389,0.0240947981355205,0.0876058835718464,15783.1360608238,,897338.270145689,1.27697341873038,0.127697341873038,23.6679438027259,128015.371660722,5408.8083328125,122606.563327909,4,86,86015000 = 10.069|86A03706 = .017,GRIFFIN RD|NW 10TH ST,10450,86015000,86A03706,Y,-80.15305,26.06327301,10,0.22520754858997,On-System / Off-System,86015000,168,LPI-00713,1,10.069,10.059000000000001,10.079,GRIFFIN RD,On Corridor,"457344-1, 457345-1",2,105,0.02,100,0,0.4,Verified Match,"457344-1, 457345-1",2
79858,179091,79060000,SUBURBAN COMMERCIAL,DAYTONA BEACH-PORT ORANGE,URBAN PRIN ART OTHER,DIVIDED,US   92,SR  600,5,VOLUSIA,36500,6,45,1,LPI,Implement a Leading Pedestrian Interval (LPI),,LPI-01472,Potential Location,0.870000005,1,5408.8083328125,0.00603966702789681,0.00293355255640702,0.0124911295349684,0.0241429806647615,0.0877810696440911,21273.1598474695,,895547.437934837,1.27952699103018,0.127952699103018,31.9006279763411,172544.382420385,5408.8083328125,167135.574087573,5,79,79060000 = 18.685|79270000 = 2.172,N CLYDE MORRIS BLVD|S CLYDE MORRIS BLVD|W INTERNATIONAL SPEEDWAY BLVD,65250,79060000,79270000,Y,-81.05386528,29.19766554,10,0.225657897633536,On-System / On-System,79060000,169,LPI-01472,1,18.685,18.674999999999997,18.695,N CLYDE MORRIS BLVD,Off Corridor,,0,0,0,0,83.5,10,No Match - Angle Mismatch,,0
79858,179091,79270000,SUBURBAN COMMERCIAL,DAYTONA BEACH-PORT ORANGE,URBAN PRIN ART OTHER,DIVIDED,US   92,SR  600,5,VOLUSIA,36500,6,45,1,LPI,Implement a Leading Pedestrian Interval (LPI),,LPI-01472,Potential Location,0.870000005,1,5408.8083328125,0.00603966702789681,0.00293355255640702,0.0124911295349684,0.0241429806647615,0.0877810696440911,21273.1598474695,,895547.437934837,1.27952699103018,0.127952699103018,31.9006279763411,172544.382420385,5408.8083328125,167135.574087573,5,79,79060000 = 18.685|79270000 = 2.172,N CLYDE MORRIS BLVD|S CLYDE MORRIS BLVD|W INTERNATIONAL SPEEDWAY BLVD,65250,79060000,79270000,Y,-81.05386528,29.19766554,10,0.225657897633536,On-System / On-System,79060000,169,LPI-01472,2,2.172,2.1620000000000004,2.182,S CLYDE MORRIS BLVD,On Corridor,"448773-2, 448773-3, 452641-1, 448773-1",6,106,0.02,100,7.1,0.6,Verified Match,"448773-2, 448773-3, 452641-1, 448773-1",6
62291,137585,72050000,URBAN GENERAL,JACKSONVILLE,URBAN PRIN ART OTHER,NOT DIVIDED,US   17,SR    5,2,DUVAL,16300,4,35,1,LPI,Implement a Leading Pedestrian Interval (LPI),,LPI-01009,Potential Location,0.870000005,1,5408.8083328125,0.00699224401469347,0.00294985294369881,0.0117010833433386,0.0211679262163572,0.0688353647102754,11893.9832735428,,773543.989804482,1.05353451615139,0.105353451615139,17.8358804374445,96470.8587330974,5408.8083328125,91062.0504002848,2,72,72050000 = 10.902|72A05366 = .652,30TH ST W|MAIN ST N,8300,72050000,72A05366,Y,-81.65336664,30.36269,10,0.226911773627284,On-System / Off-System,72050000,170,LPI-01009,1,10.902,10.892,10.911999999999999,30TH ST W,Off Corridor,,0,0,0,0,,,Unmatched,,0
106721,232325,87170000,URBAN GENERAL,MIAMI,URBAN PRIN ART OTHER,DIVIDED,,SR  826,6,MIAMI-DADE,57500,6,35,1,LPI,Implement a Leading Pedestrian Interval (LPI),,LPI-01986,Potential Location,0.870000005,1,5408.8083328125,0.00699830697648421,0.00295241075570428,0.0117112293309603,0.0211862808858409,0.0688950517270919,13032.7668102928,,772873.83234077,1.05444803397246,0.105444803397246,19.5435679747882,105707.413314922,5408.8083328125,100298.604982109,6,87,87170000 = 1.174|87A10788 = .008,NE 167TH ST|NE 3RD CT,30250,87170000,87A10788,Y,-80.19324,25.92842135,10,0.227108528404503,On-System / Off-System,87170000,171,LPI-01986,1,1.174,1.164,1.184,NE 167TH ST,On Corridor,"452561-1, 458153-1",5,105,0.02,100,0,0.3,Verified Match,"452561-1, 458153-1",5
65277,143054,72291000,URBAN GENERAL,JACKSONVILLE,URBAN MINOR ART,DIVIDED,,SR  111,2,DUVAL,16400,4,35,1,LPI,Implement a Leading Pedestrian Interval (LPI),,LPI-01435,Potential Location,0.870000005,1,5408.8083328125,0.0071891561696765,0.00303292525908227,0.012030603527693,0.0217640469980441,0.0707738725735106,13367.3828367356,,752356.494302709,1.08320363975298,0.108320363975298,20.0453486905357,108421.449031501,5408.8083328125,103012.640698689,2,72,72291000 = .909|72A02929 = 0,CASSAT AVE|SHELBY AVE,7950,72291000,72A02929,Y,-81.73033074,30.2893,10,0.233301951979481,On-System / Off-System,72291000,172,LPI-01435,1,0.909,0.899,0.919,CASSAT AVE,On Corridor,445146-1,5,106,0.02,100,0.1,0.8,Verified Match,445146-1,5
78739,158091,75260000,URBAN GENERAL,ORLANDO,URBAN PRIN ART OTHER,DIVIDED,,SR  434,5,ORANGE,30500,5,45,1,LPI,Implement a Leading Pedestrian Interval (LPI),,LPI-01021,Potential Location,0.870000005,1,5408.8083328125,0.00818538994411752,0.00306952122904407,0.0171893188826468,0.0269094694412864,0.104772991284704,18851.4807943193,,660788.107804146,1.52759839832093,0.152759839832093,28.2691466587299,152902.396009237,5408.8083328125,147493.587676424,5,75,75260000 = 6.788|75A03423 = .327,CALUMET DR|FOREST CITY RD|MAITLAND CROSSING WAY|SR-434,14500,75260000,75A03423,Y,-81.41525091,28.63785123,10,0.236117026700199,On-System / Off-System,75260000,173,LPI-01021,1,6.788,6.7780000000000005,6.798,CALUMET DR,On Corridor,239422-1,3,106,0.02,100,0.4,1.1,Verified Match,239422-1,3
62986,131678,70030101,URBAN GENERAL,TITUSVILLE,URBAN PRIN ART OTHER,1WAY,US    1,SR    5,5,BREVARD,11000,2,40,1,LPI,Implement a Leading Pedestrian Interval (LPI),,LPI-02368,Potential Location,0.870000005,1,5408.8083328125,0.00635303559939039,0.00308576014827533,0.013139232716921,0.0253956410063943,0.0923355969502308,21412.5709793974,,851373.842975396,1.34591534381761,0.134591534381761,32.1096849611652,173675.131581935,5408.8083328125,168266.323249122,5,70,70030101 = .66|70A05630 = .204,JULIA ST|S HOPKINS AVE,6000,70030101,70A05630,Y,-80.80832046,28.61137001,10,0.237366174381417,On-System / Off-System,70030101,174,LPI-02368,1,0.66,0.65,0.67,JULIA ST,On Corridor,454217-1,2,106,0.02,100,0.1,242.6,Verified Match,454217-1,2
106755,231885,87080000,URBAN GENERAL,MIAMI,URBAN PRIN ART OTHER,1WAY,,SR  934,6,MIAMI-DADE,18500,3,35,1,LPI,Implement a Leading Pedestrian Interval (LPI),,LPI-00806,Potential Location,0.870000005,1,5408.8083328125,0.00637389580347056,0.00309589224739999,0.0131823754117232,0.0254790276403668,0.0926387810527142,21482.8791956074,,848587.504343485,1.35033465932551,0.135033465932551,32.215117170817,174245.394196046,5408.8083328125,168836.585863233,6,87,87080000 = 3.401|87A13689 = .145,71ST ST|RUE NOTRE DAME,8000,87080000,87A13689,Y,-80.1324684,25.85429059,10,0.238145566651752,On-System / Off-System,87080000,175,LPI-00806,1,3.401,3.391,3.4109999999999996,71ST ST,Off Corridor,,0,0,0,0,,,Unmatched,,0
44010,87163,26070068,URBAN GENERAL,GAINESVILLE,URBAN MAJOR COLLECTOR,DIVIDED,,SR   26A,2,ALACHUA,14800,2,35,1,LPI,Implement a Leading Pedestrian Interval (LPI),,LPI-00945,Potential Location,0.870000005,1,5408.8083328125,0.00837656949866052,0.00312652736872082,0.0113029294923484,0.0174210888248766,0.057324019891223,9697.19675728252,,645706.853345801,0.900122225270349,0.0900122225270349,14.5416415984036,78652.9522502181,5408.8083328125,73244.1439174056,2,26,26070068 = .196|26A04307 = 0,SW 2ND AVE|SW 36TH ST,6600,26070068,26A04307,N,,,10,0.240502114536298,On-System / Off-System,26070068,176,LPI-00945,1,0.196,0.186,0.20600000000000002,SW 2ND AVE,On Corridor,207790-2,1,105,0.02,100,0.6,0.7,Verified Match,207790-2,1
110759,266787,93060000,URBAN GENERAL,MIAMI,URBAN MAJOR COLLECTOR,NOT DIVIDED,,SR  A1A,4,PALM BEACH,8000,2,35,1,LPI,Implement a Leading Pedestrian Interval (LPI),,LPI-00282,Potential Location,0.870000005,1,5408.8083328125,0.00648347137166223,0.00314911466623594,0.0134089976095742,0.025917045301268,0.0942313623222272,17116.888820351,,834245.733921671,1.37354867036471,0.137354867036471,25.6680016643302,138833.301288674,5408.8083328125,133424.492955862,4,93,93060000 = 13.088,CORDOVA AVE|N OCEAN BLVD,4150,93060000,93A17368,Y,-80.05353999,26.5090207,10,0.242239599027364,On-System / Off-System,93060000,177,LPI-00282,1,13.088,13.078,13.097999999999999,CORDOVA AVE,On Corridor,233752-1,3,106,0.02,100,0,0.7,Verified Match,233752-1,3
29304,74138,16030000,URBAN GENERAL,WINTER HAVEN,URBAN PRIN ART OTHER,DIVIDED,US   17,SR  555,1,POLK,36000,4,40,1,LPI,Implement a Leading Pedestrian Interval (LPI),,LPI-01214,Potential Location,0.870000005,1,5408.8083328125,0.00756667611918215,0.00319219148777997,0.0126623595681939,0.0229069296576803,0.0744903795139174,14069.3363865601,,714819.591537785,1.1400852783949,0.11400852783949,21.0979783520519,114114.921116076,5408.8083328125,108706.112783264,1,16,16030000 = 29.74|16A00189 = 0,6TH ST NW|AVENUE I NW,14250,16030000,16A00189,Y,-81.73293368,28.03073,10,0.245553200812044,On-System / Off-System,16030000,178,LPI-01214,1,29.74,29.729999999999997,29.75,6TH ST NW,On Corridor,"450875-1, 413656-1",3,106,0.02,100,0,2,Verified Match,"450875-1, 413656-1",3
18365,65617,15090000,URBAN GENERAL,TAMPA-ST PETERSBURG,URBAN MINOR ART,DIVIDED,US   92,SR  687,7,PINELLAS,32500,6,40,1,LPI,Implement a Leading Pedestrian Interval (LPI),,LPI-01161,Potential Location,0.870000005,1,5408.8083328125,0.00772321634856906,0.00325823189705257,0.0129243198583085,0.0233808307427384,0.0760314446939991,14382.746860714,,700331.065284042,1.16367148826955,0.116367148826955,21.5679598222031,116656.960808097,5408.8083328125,111248.152475285,7,15,15090000 = 6.618|15A04398 = .267,4TH ST N|KOGER BLVD N,15250,15090000,15A04398,Y,-82.63882759,27.86039,10,0.250633232489938,On-System / Off-System,15090000,179,LPI-01161,1,6.618,6.6080000000000005,6.628,4TH ST N,On Corridor,454084-1,2,106,0.02,100,0,1.1,Verified Match,454084-1,2
64923,135611,71130000,URBAN GENERAL,JACKSONVILLE,URBAN MINOR ART,DIVIDED,,SR  224,2,CLAY,30500,4,35,1,LPI,Implement a Leading Pedestrian Interval (LPI),,LPI-01004,Potential Location,0.870000005,1,5408.8083328125,0.00772994319929638,0.00326106978720316,0.0129355768225725,0.0234011952322449,0.0760976673861982,14372.9121488628,,699721.614164622,1.16468503548148,0.116468503548148,21.5532119668647,116577.192485252,5408.8083328125,111168.384152439,2,71,71130000 = 2.249|71A00488 = .009,KINGSLEY AVE|RAILROAD AVE,17500,71130000,71A00488,Y,-81.70994612,30.16567481,10,0.250851531740687,On-System / Off-System,71130000,180,LPI-01004,1,2.249,2.2390000000000003,2.259,KINGSLEY AVE,Off Corridor,,0,0,0,0,,,Unmatched,,0
31522,74927,16293000,URBAN GENERAL,WINTER HAVEN,URBAN MINOR ART,DIVIDED,,SR  549,1,POLK,29500,4,35,1,LPI,Implement a Leading Pedestrian Interval (LPI),,LPI-00909,Potential Location,0.870000005,1,5408.8083328125,0.00674189596083647,0.00327463518097772,0.0139434666462754,0.0269500724252658,0.0979873287944301,17626.0410503061,,802268.140035407,1.42829692643033,0.142829692643033,26.4315119273837,142962.981961666,5408.8083328125,137554.173628854,1,16,16293000 = 1.628|16A00644 = .27,1ST ST N|AVENUE F NE|AVENUE F NW,13500,16293000,16A00644,Y,-81.72685617,28.02766968,10,0.251895023609633,On-System / Off-System,16293000,181,LPI-00909,1,1.628,1.6179999999999999,1.638,1ST ST N,Off Corridor,,0,0,0,0,,,Unmatched,,0
48406,102085,48020000,URBAN GENERAL,PENSACOLA,URBAN PRIN ART OTHER,DIVIDED,US   90,SR   10A,3,ESCAMBIA,16700,4,35,1,LPI,Implement a Leading Pedestrian Interval (LPI),,LPI-02378,Potential Location,0.870000005,1,5408.8083328125,0.00901471236424038,0.00331362714758607,0.0134232771779853,0.0214830063145984,0.0730274027643783,13839.8329174038,,599997.882824104,1.12148784640972,0.112148784640972,20.753821450053,112253.442396749,5408.8083328125,106844.634063937,3,48,48020000 = 13.33|48A02194 = .345,N R ST|W CERVANTES ST,9500,48020000,48A02194,N,,,10,0.25489440577179,On-System / Off-System,48020000,182,LPI-02378,1,13.33,13.32,13.34,N R ST,On Corridor,"457655-2, 456593-2",4,106,0.02,100,0,1.5,Verified Match,"457655-2, 456593-2",4
15767,46563,13080000,URBAN GENERAL,215,URBAN MAJOR COLLECTOR,DIVIDED,,SR  789,1,MANATEE,10500,2,35,1,LPI,Implement a Leading Pedestrian Interval (LPI),,LPI-01159,Potential Location,0.870000005,1,5408.8083328125,0.00787943342495514,0.00332413597615295,0.0131857393720734,0.023853753532579,0.0775693285842654,12790.0400858007,,686446.352307786,1.18720900807566,0.118720900807566,19.1795818536169,103738.682149703,5408.8083328125,98329.8738168902,1,13,13080000 = 8.313|13A03737 = 0,EAST BAY DR|GULF DR,5600,13080000,13A03737,Y,-82.70732078,27.49127049,10,0.255702777231103,On-System / Off-System,13080000,183,LPI-01159,1,8.313,8.303,8.323,EAST BAY DR,On Corridor,446681-1,1,107,0.02,100,0.3,1.1,Verified Match,446681-1,1
117484,264446,93030000,URBAN GENERAL,MIAMI,URBAN PRIN ART OTHER,DIVIDED,,SR  806,4,PALM BEACH,41500,6,45,1,LPI,Implement a Leading Pedestrian Interval (LPI),,LPI-02236,Potential Location,0.870000005,1,5408.8083328125,0.00852456239948368,0.00333675728208361,0.0111549987970386,0.017243971939527,0.0541431491830063,10719.8193507154,,634496.890202846,0.867313334416039,0.0867313334416039,16.0751374752365,86947.3375271656,5408.8083328125,81538.5291943531,4,93,93030000 = 4.093,LAKES OF DELRAY BLVD|W ATLANTIC AVE,17750,93030000,93A04202,Y,-80.13851172,26.4545547,10,0.256673646955418,On-System / Off-System,93030000,184,LPI-02236,1,4.093,4.083,4.103,LAKES OF DELRAY BLVD,On Corridor,440575-5,5,106,0.02,100,2.1,0.7,Verified Match,440575-5,5
29987,73409,16030000,URBAN GENERAL,WINTER HAVEN,URBAN PRIN ART OTHER,DIVIDED,US   17,SR  555,1,POLK,36000,4,40,1,LPI,Implement a Leading Pedestrian Interval (LPI),,LPI-01926,Potential Location,0.870000005,1,5408.8083328125,0.00797645395322082,0.00336506651151503,0.013348097162343,0.0241474680224459,0.0785244502066684,14831.2696449733,,678096.85413259,1.20182727298294,0.120182727298294,22.240551885731,120294.88236589,5408.8083328125,114886.074033078,1,16,16030000 = 30.068|16A00638 = .677,6TH ST NW|MIRROR TER NW,14250,16030000,16A00638,Y,-81.7330476,28.0355,10,0.25885128007236,On-System / Off-System,16030000,185,LPI-01926,1,30.068,30.058,30.078000000000003,6TH ST NW,On Corridor,"450875-1, 413656-1",3,106,0.02,100,0.1,2,Verified Match,"450875-1, 413656-1",3
105415,231249,87120000,URBAN GENERAL,MIAMI,URBAN PRIN ART OTHER,DIVIDED,US   41,SR   90,6,MIAMI-DADE,39000,4,35,1,LPI,Implement a Leading Pedestrian Interval (LPI),,LPI-00801,Potential Location,0.870000005,1,5408.8083328125,0.00812215927446678,0.00342653594391567,0.0135919259108655,0.0245885681160615,0.0799588507949655,15102.1914005278,,665932.315537802,1.22378096693255,0.122378096693255,22.6468184769007,122492.300489553,5408.8083328125,117083.49215674,6,87,87120000 = 11.894|87A17140 = 0,SW 58TH CT|SW 8TH ST,20750,87120000,87A17140,Y,-80.29054197,25.76352333,10,0.263579698131194,On-System / Off-System,87120000,186,LPI-00801,1,11.894,11.884,11.904,SW 58TH CT,On Corridor,"440183-1, 452564-3",2,105,0.02,100,0,0.2,Verified Match,"440183-1, 452564-3",2
110909,270963,93200000,URBAN GENERAL,MIAMI,URBAN PRIN ART OTHER,DIVIDED,,SR  804,4,PALM BEACH,54000,6,45,1,LPI,Implement a Leading Pedestrian Interval (LPI),,LPI-01999,Potential Location,0.870000005,1,5408.8083328125,0.0089226684173544,0.00349258735193587,0.0116759489575666,0.0180492835413912,0.0566716911193681,11220.4461740072,,606187.306287487,0.907817778119972,0.0907817778119972,16.8258632799275,91007.8695152355,5408.8083328125,85599.061182423,4,93,93200000 = 2.871,MIZNER FALLS WAY|PALM ISLES DR|W BOYNTON BEACH BLVD,27500,93200000,93A16662,Y,-80.15907,26.52819003,10,0.268660575866627,On-System / Off-System,93200000,187,LPI-01999,1,2.871,2.861,2.881,MIZNER FALLS WAY,On Corridor,448437-1,1,105,0.02,100,0.1,0.4,Verified Match,448437-1,1
91801,198982,86040000,URBAN GENERAL,MIAMI,URBAN PRIN ART OTHER,DIVIDED,,SR  820,4,BROWARD,50000,6,35,1,LPI,Implement a Leading Pedestrian Interval (LPI),,LPI-01394,Potential Location,0.870000005,1,5408.8083328125,0.0083563091361778,0.00352531791682501,0.0139837610700725,0.0252974202364758,0.0822639464257629,15561.7392510033,,647272.407550794,1.25906076562754,0.125906076562754,23.3359434174576,126219.645210386,5408.8083328125,120810.836877573,4,86,86040000 = 16.296|86A21078 = .144,CALLE GRANDE|HOLLYWOOD BLVD,23000,86040000,86A21078,Y,-80.17162374,26.01072504,10,0.271178311724167,On-System / Off-System,86040000,188,LPI-01394,1,16.296,16.285999999999998,16.306,CALLE GRANDE,On Corridor,448404-1,1,105,0.02,100,0,0.3,Verified Match,448404-1,1
44950,96516,46020000,URBAN GENERAL,PANAMA CITY,URBAN MINOR ART,DIVIDED,USB  98,SR   30,3,BAY,13800,4,35,1,LPI,Implement a Leading Pedestrian Interval (LPI),,LPI-00567,Potential Location,0.870000005,1,5408.8083328125,0.00732606776231183,0.00355837577026575,0.0151516401447813,0.0292852423018127,0.1064777348636,19153.3022559148,,738296.246812995,1.55205599856691,0.155205599856691,28.7217495738901,155350.438428211,5408.8083328125,149941.630095398,3,46,46020000 = 6.84|46A00911 = .317,E 6TH ST|HAMILTON AVE|US-98-BR,6500,46020000,46A00911,Y,-85.65245214,30.15843055,10,0.273721223625104,On-System / Off-System,46020000,189,LPI-00567,1,6.84,6.83,6.85,E 6TH ST,On Corridor,454640-1,2,105,0.02,100,0.6,0.6,Verified Match,454640-1,2
98724,225733,87026000,URBAN GENERAL,MIAMI,URBAN MINOR ART,DIVIDED,,SR  860,6,MIAMI-DADE,48000,4,40,1,LPI,Implement a Leading Pedestrian Interval (LPI),,LPI-01512,Potential Location,0.870000005,1,5408.8083328125,0.00846384123238274,0.00357068301991147,0.0141637093123155,0.0256229568558462,0.0833225495072304,15737.508457505,,639048.888596627,1.27526282818542,0.127526282818542,23.5995219411237,127645.290925541,5408.8083328125,122236.482592729,6,87,87026000 = 8.052,NE MIAMI GARDENS DR,23250,87026000,87A26222,Y,-80.16692526,25.94592365,10,0.274667935172726,On-System / Off-System,87026000,190,LPI-01512,1,8.052,8.042,8.062,NE MIAMI GARDENS DR,Off Corridor,,0,0,0,0,,,Unmatched,,0
86508,181053,79180000,URBAN GENERAL,DAYTONA BEACH-PORT ORANGE,URBAN PRIN ART OTHER,DIVIDED,,SR  A1A,5,VOLUSIA,12400,4,35,1,LPI,Implement a Leading Pedestrian Interval (LPI),,LPI-02035,Potential Location,0.870000005,1,5408.8083328125,0.00743343960727763,0.00361052780924914,0.0153737046423242,0.0297144507937669,0.10803828701941,19434.0156573094,,727631.973698564,1.57480314225478,0.157480314225478,29.1426994398277,157627.27557079,5408.8083328125,152218.467237977,5,79,79180000 = 5.186|79A01856 = .256,BOTEFUHR AVE|S ATLANTIC AVE,13150,79180000,79A01856,Y,-80.9965493,29.20314002,10,0.277732919085815,On-System / Off-System,79180000,191,LPI-02035,1,5.186,5.176,5.196,BOTEFUHR AVE,Off Corridor,,0,0,0,0,,,Unmatched,,0
84821,177957,79080000,URBAN GENERAL,DAYTONA BEACH-PORT ORANGE,URBAN PRIN ART OTHER,DIVIDED,,SR  A1A,5,VOLUSIA,18500,4,35,1,LPI,Implement a Leading Pedestrian Interval (LPI),,LPI-00817,Potential Location,0.870000005,1,5408.8083328125,0.00750837937454578,0.00364692712477938,0.015528693706447,0.0300140152140934,0.109127468409592,19629.9384988723,,720369.611470212,1.59067942392366,0.159067942392366,29.4364997838095,159216.385319502,5408.8083328125,153807.57698669,5,79,79080000 = 4.183|79A01165 = .533,N ATLANTIC AVE|WILLIAMS AVE,9050,79080000,79A01165,Y,-81.02353963,29.25904001,10,0.280532866541986,On-System / Off-System,79080000,192,LPI-00817,1,4.183,4.173,4.193,N ATLANTIC AVE,On Corridor,"442884-2, 446544-1",2,106,0.02,100,0,0.7,Verified Match,"442884-2, 446544-1",2
90534,203453,86170000,URBAN GENERAL,MIAMI,URBAN MINOR ART,DIVIDED,,SR  811,4,BROWARD,15200,4,40,1,LPI,Implement a Leading Pedestrian Interval (LPI),,LPI-01460,Potential Location,0.870000005,1,5408.8083328125,0.00755698921812045,0.00367053762022993,0.0156292277011128,0.0302083283290581,0.109833968295182,19757.0242776018,,715735.88061275,1.60097760867395,0.160097760867395,29.6270740180747,160247.164825815,5408.8083328125,154838.356493003,4,86,86170000 = 12.676|86900264 = .284,S DIXIE HWY|SE 4TH ST|SW 4TH ST,6350,86170000,86900264,Y,-80.10319568,26.31238,10,0.282349058569574,On-System / On-System,86170000,193,LPI-01460,1,12.676,12.666,12.686,S DIXIE HWY,On Corridor,"419059-5, 456807-1, 439891-5, 451407-1",6,106,0.02,100,0.1,0.7,Verified Match,"419059-5, 456807-1, 439891-5, 451407-1",6
90534,203453,86900264,URBAN GENERAL,MIAMI,URBAN MINOR ART,DIVIDED,,SR  811,4,BROWARD,15200,4,40,1,LPI,Implement a Leading Pedestrian Interval (LPI),,LPI-01460,Potential Location,0.870000005,1,5408.8083328125,0.00755698921812045,0.00367053762022993,0.0156292277011128,0.0302083283290581,0.109833968295182,19757.0242776018,,715735.88061275,1.60097760867395,0.160097760867395,29.6270740180747,160247.164825815,5408.8083328125,154838.356493003,4,86,86170000 = 12.676|86900264 = .284,S DIXIE HWY|SE 4TH ST|SW 4TH ST,6350,86170000,86900264,Y,-80.10319568,26.31238,10,0.282349058569574,On-System / On-System,86170000,193,LPI-01460,2,0.284,0.27399999999999997,0.294,SE 4TH ST,Off Corridor,,0,0,0,0,76.4,2.4,No Match - Angle Mismatch,,0
59002,133856,71050000,URBAN GENERAL,JACKSONVILLE,URBAN PRIN ART OTHER,DIVIDED,,SR   16,2,CLAY,13000,4,35,1,LPI,Implement a Leading Pedestrian Interval (LPI),,LPI-00999,Potential Location,0.870000005,1,5408.8083328125,0.00756037680322808,0.00367218301871078,0.0156362338430399,0.0302218698705663,0.109883203765099,19765.880794302,,715415.18016709,1.60169528177739,0.160169528177739,29.6403549996706,160318.999109739,5408.8083328125,154910.190776926,2,71,71050000 = 22.816|71A00069 = .344,S WEST ST|SR-16,6150,71050000,71A00069,Y,-81.69124033,29.98777084,10,0.282475627688353,On-System / Off-System,71050000,194,LPI-00999,1,22.816,22.805999999999997,22.826,S WEST ST,On Corridor,438918-1,1,105,0.02,100,0,1,Verified Match,438918-1,1
119749,269466,93180000,URBAN GENERAL,MIAMI,URBAN MINOR ART,DIVIDED,,SR  802,4,PALM BEACH,31500,4,40,1,LPI,Implement a Leading Pedestrian Interval (LPI),,LPI-01993,Potential Location,0.870000005,1,5408.8083328125,0.00877973750564291,0.0037039517601931,0.0146923419820993,0.0265792834643487,0.0864324002410987,16324.8800935779,,616055.813665973,1.32285951198304,0.132285951198304,24.4803278101421,132409.401049478,5408.8083328125,127000.592716665,4,93,93180000 = 7.336,LAKE WORTH RD,12000,93180000,93A05449,Y,-80.0865,26.6173593,10,0.284919377127138,On-System / Off-System,93180000,195,LPI-01993,1,7.336,7.3260000000000005,7.346,LAKE WORTH RD,On Corridor,441632-1,1,106,0.02,100,0,0.4,Verified Match,441632-1,1
102561,231727,87080900,URBAN GENERAL,MIAMI,URBAN MINOR ART,DIVIDED,,SR  934,6,MIAMI-DADE,32500,4,40,1,LPI,Implement a Leading Pedestrian Interval (LPI),,LPI-00804,Potential Location,0.870000005,1,5408.8083328125,0.00928148069384041,0.00391562466771393,0.0155319778485986,0.0280982325692434,0.0913718267367837,17257.812015498,,582752.742932711,1.39845809891724,0.139845809891724,25.8793260963307,139976.314637406,5408.8083328125,134567.506304593,6,87,87080900 = 36.083|87A14106 = .218,NW 31ST AVE|NW 79TH ST,15750,87080900,87A14106,Y,-80.24787,25.84579824,10,0.301201909101145,On-System / Off-System,87080900,196,LPI-00804,1,36.083,36.073,36.092999999999996,NW 31ST AVE,Off Corridor,,0,0,0,0,,,Unmatched,,0
103088,236628,87240000,URBAN GENERAL,MIAMI,URBAN PRIN ART OTHER,DIVIDED,,SR    9,6,MIAMI-DADE,30000,4,35,1,LPI,Implement a Leading Pedestrian Interval (LPI),,LPI-00162,Potential Location,0.870000005,1,5408.8083328125,0.00960074968075953,0.00405031627157043,0.016066254543896,0.0290647695413619,0.0945148802556648,17851.4548124157,,563373.539844713,1.44656295580569,0.144656295580569,26.7695360205305,144791.28949337,5408.8083328125,139382.481160557,6,87,87240000 = 5.154|87A15254 = .376,NW 27TH AVE|NW 43RD TER,16250,87240000,87A15254,Y,-80.24049213,25.81463,10,0.311562802103987,On-System / Off-System,87240000,197,LPI-00162,1,5.154,5.144,5.164,NW 27TH AVE,Off Corridor,,0,0,0,0,,,Unmatched,,0
95894,202786,86020000,URBAN GENERAL,MIAMI,URBAN PRIN ART OTHER,DIVIDED,US    1,SR    5,4,BROWARD,39500,6,45,1,LPI,Implement a Leading Pedestrian Interval (LPI),,LPI-00056,Potential Location,0.870000005,1,5408.8083328125,0.00963597075848096,0.00406517516373416,0.0161251948161455,0.0291713958508701,0.094861615255952,17944.8201269348,,561314.315742606,1.4518697816255,0.14518697816255,26.9095440017483,145548.565828841,5408.8083328125,140139.757496028,4,86,86020000 = 2.765|86A15515 = 0,N FEDERAL HWY|NE 16TH ST,18750,86020000,86A15515,Y,-80.11997853,26.1487295,10,0.31270579385285,On-System / Off-System,86020000,198,LPI-00056,1,2.765,2.7550000000000003,2.775,N FEDERAL HWY,Off Corridor,,0,0,0,0,,,Unmatched,,0
70565,140375,72050000,URBAN GENERAL,JACKSONVILLE,URBAN PRIN ART OTHER,DIVIDED,US   17,SR    5,2,DUVAL,16300,4,35,1,LPI,Implement a Leading Pedestrian Interval (LPI),,LPI-02151,Potential Location,0.870000005,1,5408.8083328125,0.00843767695862978,0.00409830023704875,0.0174506500735298,0.0337287917904707,0.122633963978267,22059.4979966998,,641030.506303106,1.78755473775179,0.178755473775179,33.0797983930567,178922.289196123,5408.8083328125,173513.48086331,2,72,72050000 = 11.105|72A04652 = 0,MAIN ST N|WINONA DR,8300,72050000,72A04652,Y,-81.65291618,30.36563187,10,0.315253876513515,On-System / Off-System,72050000,199,LPI-02151,1,11.105,11.095,11.115,MAIN ST N,Off Corridor,,0,0,0,0,,,Unmatched,,0
68363,140792,72030000,URBAN GENERAL,JACKSONVILLE,URBAN PRIN ART OTHER,DIVIDED,US   17,SR   15,2,DUVAL,39500,6,45,1,LPI,Implement a Leading Pedestrian Interval (LPI),,LPI-00579,Potential Location,0.870000005,1,5408.8083328125,0.00972411165852315,0.00410235960593945,0.0162726931035598,0.0294382286537322,0.0957293211008205,18108.9626546289,,556226.473198886,1.46515013629904,0.146515013629904,27.155687487183,146879.908763927,5408.8083328125,141471.100431115,2,72,72030000 = 6.725,ROOSEVELT BLVD,19500,72030000,72A29317,Y,-81.72019756,30.27872,10,0.315566135670963,On-System / Off-System,72030000,200,LPI-00579,1,6.725,6.715,6.734999999999999,ROOSEVELT BLVD,Off Corridor,,0,0,0,0,,,Unmatched,,0
67065,143989,72170000,URBAN GENERAL,JACKSONVILLE,URBAN PRIN ART OTHER,DIVIDED,,SR   21,2,DUVAL,26500,4,40,1,LPI,Implement a Leading Pedestrian Interval (LPI),,LPI-02631,Potential Location,0.870000005,1,5408.8083328125,0.00848679111296326,0.0041221556834393,0.0175522270745377,0.0339251208385726,0.123347793562273,22187.9022475903,,637320.780118029,1.79795976270119,0.179795976270119,33.2723497708308,179963.762692722,5408.8083328125,174554.954359909,2,72,72170000 = 6.863|72A09589 = .801,BLANDING BLVD|SHIRLEY AVE,13250,72170000,72A09589,Y,-81.72531988,30.28396034,10,0.317088910921827,On-System / Off-System,72170000,201,LPI-02631,1,6.863,6.853000000000001,6.873,BLANDING BLVD,Off Corridor,,0,0,0,0,,,Unmatched,,0
102835,203925,86200000,URBAN GENERAL,MIAMI,URBAN PRIN ART OTHER,DIVIDED,,SR  858,4,BROWARD,42500,6,35,1,LPI,Implement a Leading Pedestrian Interval (LPI),,LPI-00060,Potential Location,0.870000005,1,5408.8083328125,0.0085707158857321,0.00416291914449845,0.0177257987636732,0.0342606019432252,0.12456756383922,22442.1777245973,,631080.111034446,1.8157395527919,0.18157395527919,33.6536540741722,182026.164585972,5408.8083328125,176617.356253159,4,86,86200000 = 4.758|86A05901 = .863,E HALLANDALE BEACH BLVD|LAYNE BLVD,21750,86200000,86A05901,Y,-80.13014,25.98592356,10,0.320224561893133,On-System / Off-System,86200000,202,LPI-00060,1,4.758,4.748,4.768,E HALLANDALE BEACH BLVD,On Corridor,"446996-1, 448413-1, 444120-1, 453430-2",6,105,0.02,100,0,0.4,Verified Match,"446996-1, 448413-1, 444120-1, 453430-2",6
96024,204862,86200000,URBAN GENERAL,MIAMI,URBAN PRIN ART OTHER,DIVIDED,,SR  858,4,BROWARD,57390,6,40,1,LPI,Implement a Leading Pedestrian Interval (LPI),,LPI-01565,Potential Location,0.870000005,1,5408.8083328125,0.0086329052877061,0.00419312542545725,0.0178544177541194,0.034509198020207,0.125471430261092,22605.0189189963,,626533.959606281,1.82891461989646,0.182891461989646,33.8978461170559,183346.952542328,5408.8083328125,177938.144209515,4,86,86200000 = 3.385|86A21568 = .252,NW 4TH AVE|SW 4TH AVE|W HALLANDALE BEACH BLVD,28288,86200000,86A21568,Y,-80.15222,25.98544481,10,0.322548122056255,On-System / Off-System,86200000,203,LPI-01565,1,3.385,3.375,3.3949999999999996,NW 4TH AVE,On Corridor,"446996-1, 444120-1, 449565-1",6,106,0.02,100,0,0.4,Verified Match,"446996-1, 444120-1, 449565-1",6
49217,113785,53120000,URBAN GENERAL,MARIANNA,URBAN MINOR ART,DIVIDED,,SR  166,3,JACKSON,7300,2,35,0,LPI,Implement a Leading Pedestrian Interval (LPI),,LPI-00976,Potential Location,0.870000005,1,5408.8083328125,0.0114494063649603,0.00420857174602422,0.0170486366009751,0.0272851378167707,0.0927506476350506,15345.1235525855,,472409.499706953,1.42437934435317,0.142437934435317,23.0111126514311,124462.697856347,5408.8083328125,119053.889523535,3,53,53120000 = 16.751|53570002 = .884,JEFFERSON ST|KELSON AVE,12500,53120000,53570002,N,,,10,0.323736300607106,On-System / On-System,53120000,204,LPI-00976,1,16.751,16.741,16.761000000000003,JEFFERSON ST,Off Corridor,,0,0,0,0,,,Unmatched,,0
49217,113785,53570002,URBAN GENERAL,MARIANNA,URBAN MINOR ART,DIVIDED,,SR  166,3,JACKSON,7300,2,35,0,LPI,Implement a Leading Pedestrian Interval (LPI),,LPI-00976,Potential Location,0.870000005,1,5408.8083328125,0.0114494063649603,0.00420857174602422,0.0170486366009751,0.0272851378167707,0.0927506476350506,15345.1235525855,,472409.499706953,1.42437934435317,0.142437934435317,23.0111126514311,124462.697856347,5408.8083328125,119053.889523535,3,53,53120000 = 16.751|53570002 = .884,JEFFERSON ST|KELSON AVE,12500,53120000,53570002,N,,,10,0.323736300607106,On-System / On-System,53120000,204,LPI-00976,2,0.884,0.874,0.894,KELSON AVE,Off Corridor,,0,0,0,0,,,Unmatched,,0
67204,144280,72291000,URBAN GENERAL,JACKSONVILLE,URBAN MINOR ART,DIVIDED,,SR  111,2,DUVAL,11000,4,35,1,LPI,Implement a Leading Pedestrian Interval (LPI),,LPI-02632,Potential Location,0.870000005,1,5408.8083328125,0.01023374515669,0.00431736123797859,0.0171255329106484,0.0309810644391982,0.100746423999571,19028.4347890608,,528526.775877028,1.54193757103065,0.154193757103065,28.5345018572829,154337.651418326,5408.8083328125,148928.843085513,2,72,72291000 = 10.619|72A04320 = 0,EDGEWOOD AVE W|TORY PL,5900,72291000,72A04320,Y,-81.66605382,30.39248917,10,0.332104723386996,On-System / Off-System,72291000,205,LPI-02632,1,10.619,10.609,10.629,EDGEWOOD AVE W,Off Corridor,,0,0,0,0,,,Unmatched,,0
64405,137642,72100000,URBAN GENERAL,JACKSONVILLE,URBAN PRIN ART OTHER,DIVIDED,USA  90,SR  A1A,2,DUVAL,24500,4,35,1,LPI,Implement a Leading Pedestrian Interval (LPI),,LPI-01831,Potential Location,0.870000005,1,5408.8083328125,0.0102462464560553,0.00432263522364833,0.017146453053805,0.0310189101696986,0.100869493431838,19051.6794718342,,527881.927885506,1.54382116524596,0.154382116524596,28.5693589251986,154526.186617725,5408.8083328125,149117.378284913,2,72,72100000 = 15.896|72A07789 = 0,3RD ST|CEDAR ST,12750,72100000,72A07789,Y,-81.39743613,30.31920813,10,0.332510414607964,On-System / Off-System,72100000,206,LPI-01831,1,15.896,15.886000000000001,15.906,3RD ST,On Corridor,430911-2,1,106,0.02,100,0,0.7,Verified Match,430911-2,1
108443,250316,92030000,URBAN GENERAL,KISSIMMEE,URBAN PRIN ART OTHER,DIVIDED,US  192,SR  500,5,OSCEOLA,48000,6,40,1,LPI,Implement a Leading Pedestrian Interval (LPI),,LPI-00213,Potential Location,0.870000005,1,5408.8083328125,0.00917346297995968,0.00445568201883756,0.0189723893449166,0.0366700247432674,0.133327944901914,24020.4539843621,,589614.668378623,1.94343387306932,0.194343387306932,36.0203924509647,194827.398839954,5408.8083328125,189418.590507142,5,92,92030000 = 9.534|92A03185 = .242,13TH ST|DELAWARE AVE,17500,92030000,92A03185,Y,-81.27228,28.2459305,10,0.342744783862304,On-System / Off-System,92030000,207,LPI-00213,1,9.534,9.524000000000001,9.544,13TH ST,Off Corridor,,0,0,0,0,,,Unmatched,,0
57737,115262,53020000,URBAN GENERAL,MARIANNA,URBAN MINOR ART,NOT DIVIDED,US   90,SR   10,3,JACKSON,20300,4,35,1,LPI,Implement a Leading Pedestrian Interval (LPI),,LPI-00089,Potential Location,0.870000005,1,5408.8083328125,0.00921923654381142,0.0044779148927084,0.0190670573974282,0.0368530001063007,0.133993222040168,22050.06978,,586687.228070231,1.95313118090987,0.195313118090987,33.0656601063342,178845.817913086,5408.8083328125,173437.009580274,3,53,53020000 = .071|53A00282 = .464,LAFAYETTE ST|MADISON ST,10250,53020000,53A00282,Y,-85.22562965,30.77406,10,0.34445500499507,On-System / Off-System,53020000,208,LPI-00089,1,0.071,0.06099999999999999,0.08099999999999999,LAFAYETTE ST,Off Corridor,,0,0,0,0,,,Unmatched,,0
30581,74179,16293000,URBAN GENERAL,WINTER HAVEN,URBAN MINOR ART,DIVIDED,,SR  549,1,POLK,29500,4,35,1,LPI,Implement a Leading Pedestrian Interval (LPI),,LPI-01215,Potential Location,0.870000005,1,5408.8083328125,0.00925543614537665,0.0044954975563258,0.0191419247552108,0.0369977044876225,0.13451935034019,24197.4510411542,,584392.59348295,1.96080020753887,0.196080020753887,36.2858122241491,196263.003520847,5408.8083328125,190854.195188035,1,16,16293000 = 1.747|16A09536 = .314,1ST ST N|E LAKE SILVER DR NE|S LAKE SILVER DR NW|W LAKE MARTHA DR NE,13500,16293000,16A09536,Y,-81.72677967,28.02939581,10,0.345807517633043,On-System / Off-System,16293000,209,LPI-01215,1,1.747,1.737,1.7570000000000001,1ST ST N,Off Corridor,,0,0,0,0,,,Unmatched,,0
90480,181774,79180000,URBAN GENERAL,DAYTONA BEACH-PORT ORANGE,URBAN PRIN ART OTHER,DIVIDED,,SR  A1A,5,VOLUSIA,11900,4,35,1,LPI,Implement a Leading Pedestrian Interval (LPI),,LPI-00827,Potential Location,0.870000005,1,5408.8083328125,0.0109017354581135,0.00459916964639162,0.0182433729306867,0.0330033007032732,0.107322475396631,20270.4834912461,,496141.954058065,1.64258492222794,0.164258492222794,30.3970429118796,164411.778994634,5408.8083328125,159002.970661821,5,79,79180000 = 4.652|79A13667 = .09,MOORE AVE|S ATLANTIC AVE,6600,79180000,79A13667,Y,-80.99304229,29.19602169,10,0.353782294098674,On-System / Off-System,79180000,210,LPI-00827,1,4.652,4.642,4.662,MOORE AVE,Off Corridor,,0,0,0,0,,,Unmatched,,0
118417,265118,93005000,URBAN GENERAL,MIAMI,URBAN PRIN ART OTHER,DIVIDED,,SR  794,4,PALM BEACH,35500,8,45,1,LPI,Implement a Leading Pedestrian Interval (LPI),,LPI-02241,Potential Location,0.870000005,1,5408.8083328125,0.0110423007862827,0.00465847064421303,0.018478600222045,0.0334288402709731,0.10870627516246,20563.7923115275,,489826.209002708,1.66376416378319,0.166376416378319,30.8368805112333,166790.776267102,5408.8083328125,161381.96793429,4,93,93005000 = .837,T-REX AVE|W YAMATO RD,16750,93005000,93A10975,Y,-80.10787984,26.39391574,10,0.358343909491153,On-System / Off-System,93005000,211,LPI-02241,1,0.837,0.827,0.847,T-REX AVE,Off Corridor,,0,0,0,0,,,Unmatched,,0
4635,20550,10040000,URBAN GENERAL,TAMPA-ST PETERSBURG,URBAN MINOR ART,DIVIDED,,SR   45,7,HILLSBOROUGH,11600,2,35,1,LPI,Implement a Leading Pedestrian Interval (LPI),,LPI-02160,Potential Location,0.870000005,1,5408.8083328125,0.0096051552666076,0.00466536112949512,0.0198652074832112,0.0383956726111924,0.139602199840808,21922.2722715012,,563115.137931842,2.03488956591368,0.203488956591368,32.8740185822656,177809.265640791,5408.8083328125,172400.457307978,7,10,10040000 = .649|10A14618 = .125,E HENDERSON AVE|N NEBRASKA AVE,4950,10040000,10A14618,Y,-82.4512599,27.95957,10,0.35887394684093,On-System / Off-System,10040000,212,LPI-02160,1,0.649,0.639,0.659,E HENDERSON AVE,On Corridor,"403716-1, 438702-1",7,106,0.02,100,0,1.2,Verified Match,"403716-1, 438702-1",7
116729,263789,93010000,URBAN GENERAL,MIAMI,URBAN MINOR ART,DIVIDED,US    1,SR    5,4,PALM BEACH,28000,4,35,1,LPI,Implement a Leading Pedestrian Interval (LPI),,LPI-00218,Potential Location,0.870000005,1,5408.8083328125,0.011100132197471,0.00468286827080809,0.0185753774742054,0.0336039158321877,0.109275598297135,20639.3786864484,,487274.226701985,1.67247773094083,0.167247773094083,30.9502276981919,167403.849476424,5408.8083328125,161995.041143612,4,93,93010000 = 10.922|93A03404 = .287,N FEDERAL HWY|NE 14TH ST,14500,93010000,93A03404,Y,-80.0664029,26.47950189,10,0.360220650070647,On-System / Off-System,93010000,213,LPI-00218,1,10.922,10.912,10.932,N FEDERAL HWY,On Corridor,"233752-1, 448107-1",4,106,0.02,100,0,0.8,Verified Match,"233752-1, 448107-1",4
104856,226613,87030000,URBAN GENERAL,MIAMI,URBAN PRIN ART OTHER,DIVIDED,US    1,SR    5,6,MIAMI-DADE,48500,6,40,1,LPI,Implement a Leading Pedestrian Interval (LPI),,LPI-01697,Potential Location,0.870000005,1,5408.8083328125,0.0111932705985318,0.00472216103375562,0.0187312387672306,0.0338858777885241,0.110192502196953,20844.939503991,,483219.652844089,1.68651106846316,0.168651106846316,31.2584808779713,169071.131843832,5408.8083328125,163662.323511019,6,87,87030000 = 20.845|87A04326 = 1.111,BISCAYNE BLVD|NE 146TH ST,21750,87030000,87A04326,Y,-80.15743114,25.91046,10,0.363243170413631,On-System / Off-System,87030000,214,LPI-01697,1,20.845,20.834999999999997,20.855,BISCAYNE BLVD,On Corridor,451123-1,5,106,0.02,100,0.3,0.4,Verified Match,451123-1,5
79285,146786,72150000,URBAN GENERAL,JACKSONVILLE,URBAN MINOR ART,DIVIDED,,SR  115,2,DUVAL,28000,4,35,1,LPI,Implement a Leading Pedestrian Interval (LPI),,LPI-02630,Potential Location,0.870000005,1,5408.8083328125,0.011260384063649,0.00475047452685192,0.0188435489565126,0.0340890533176874,0.110853202801595,20937.3480162201,,480339.596077662,1.69662318009011,0.169662318009011,31.397054065575,169820.647655647,5408.8083328125,164411.839322834,2,72,72150000 = 3.57|72A04120 = .006,ELM ST|LEM TURNER RD,14750,72150000,72A04120,Y,-81.68424122,30.40221364,10,0.365421131504806,On-System / Off-System,72150000,215,LPI-02630,1,3.57,3.56,3.5799999999999996,ELM ST,Off Corridor,,0,0,0,0,,,Unmatched,,0
104128,224858,87030000,URBAN GENERAL,MIAMI,URBAN PRIN ART OTHER,DIVIDED,US    1,SR    5,6,MIAMI-DADE,48500,8,45,1,LPI,Implement a Leading Pedestrian Interval (LPI),,LPI-00640,Potential Location,0.870000005,1,5408.8083328125,0.0112927844331326,0.0047641434327278,0.0188977689498203,0.0341871403737411,0.111172169251487,21030.2615547537,,478961.443463251,1.70150500451089,0.170150500451089,31.536384576321,170574.259683184,5408.8083328125,165165.451350372,6,87,87030000 = 21.466|87A11335 = .013,BISCAYNE BLVD|NE 156TH ST,50250,87030000,87A11335,Y,-80.15577332,25.91935266,10,0.366472585843391,On-System / Off-System,87030000,216,LPI-00640,1,21.466,21.456,21.476000000000003,BISCAYNE BLVD,On Corridor,"451123-1, 449270-1",6,106,0.02,100,0.2,0.4,Verified Match,"451123-1, 449270-1",6
31937,88864,26070000,URBAN GENERAL,GAINESVILLE,URBAN PRIN ART OTHER,DIVIDED,,SR   26,2,ALACHUA,31500,4,35,1,LPI,Implement a Leading Pedestrian Interval (LPI),,LPI-01233,Potential Location,0.870000005,1,5408.8083328125,0.011324297745074,0.00477743811120309,0.0189505045077723,0.0342825420016889,0.111482403035686,21056.1879228724,,477628.587182397,1.70625317430857,0.170625317430857,31.5752630236254,170784.545752932,5408.8083328125,165375.737420119,2,26,26070000 = 16.804|26A05986 = .008,NW 39TH RD|SR-26,15250,26070000,26A05986,Y,-82.38343874,29.65331504,10,0.367495253457748,On-System / Off-System,26070000,217,LPI-01233,1,16.804,16.793999999999997,16.814,NW 39TH RD,On Corridor,441046-2,1,106,0.02,100,0,0.6,Verified Match,441046-2,1
97604,203241,86210000,URBAN GENERAL,MIAMI,URBAN MINOR ART,DIVIDED,,SR  736,4,BROWARD,29000,4,40,1,LPI,Implement a Leading Pedestrian Interval (LPI),,LPI-01247,Potential Location,0.870000005,1,5408.8083328125,0.00983625333964667,0.00477760876497124,0.0203431603160874,0.0393194646486136,0.142961000243274,25715.9419476286,,549885.016789004,2.08384859306911,0.208384859306911,38.5628981784795,208579.32500516,5408.8083328125,203170.516672347,4,86,86210000 = 1.087|86A17513 = .142,DAVIE BLVD|SW 29TH TER,14250,86210000,86A17513,Y,-80.18405999,26.10586971,10,0.367508380671187,On-System / Off-System,86210000,218,LPI-01247,1,1.087,1.077,1.097,DAVIE BLVD,On Corridor,448414-1,1,106,0.02,100,0.6,0.4,Verified Match,448414-1,1
65637,137995,72080000,URBAN GENERAL,JACKSONVILLE,URBAN PRIN ART OTHER,NOT DIVIDED,US   23,SR  139,2,DUVAL,15700,4,40,1,LPI,Implement a Leading Pedestrian Interval (LPI),,LPI-01364,Potential Location,0.870000005,1,5408.8083328125,0.00993181811593121,0.00482402594202373,0.0205408056488577,0.0397014755335536,0.1443499473895,23754.3837234068,,544593.977625955,2.10409436325528,0.210409436325528,35.6214010236845,192669.33068336,5408.8083328125,187260.522350548,2,72,72080000 = 2.995|72A05559 = .197,DIVISION ST|KINGS RD,6350,72080000,72A05559,Y,-81.70134972,30.35082991,10,0.371078932889477,On-System / Off-System,72080000,219,LPI-01364,1,2.995,2.9850000000000003,3.005,DIVISION ST,Off Corridor,,0,0,0,0,,,Unmatched,,0
54333,132923,70100000,URBAN GENERAL,PALM BAY-MELBOURNE,URBAN PRIN ART OTHER,1WAY,,SR  520,5,BREVARD,14000,3,35,1,LPI,Implement a Leading Pedestrian Interval (LPI),,LPI-02428,Potential Location,0.870000005,1,5408.8083328125,0.00995419691889016,0.00483489564631808,0.0205870890822501,0.0397909326186285,0.144675202946142,33550.0950268699,,543369.633621388,2.10883539985228,0.210883539985228,50.3107722452609,272121.324150399,5408.8083328125,266712.515817586,5,70,70100000 = 9.167|70A13435 = .336,DELANNOY AVE|KING ST,6875,70100000,70A13435,Y,-80.72537999,28.35587964,10,0.371915064021201,On-System / Off-System,70100000,220,LPI-02428,1,9.167,9.157,9.177,DELANNOY AVE,On Corridor,456100-1,2,106,0.02,100,0,208.8,Verified Match,456100-1,2
49069,112841,55010000,URBAN GENERAL,TALLAHASSEE,URBAN PRIN ART OTHER,DIVIDED,US   27,SR   63,3,LEON,28000,4,35,1,LPI,Implement a Leading Pedestrian Interval (LPI),,LPI-01492,Potential Location,0.870000005,1,5408.8083328125,0.0115840290236331,0.00488701224434523,0.0193851485692361,0.0350688378645144,0.114039335724063,21539.1274158019,,466919.438977382,1.74538737304523,0.174538737304523,32.2994654086727,174701.617647818,5408.8083328125,169292.809315005,3,55,55010000 = 8.693|55A04193 = .097,N MONROE ST|NORTHWOOD BLVD,13750,55010000,55A04193,Y,-84.2841601,30.46622389,10,0.375924033254404,On-System / Off-System,55010000,221,LPI-01492,1,8.693,8.683,8.703,N MONROE ST,Off Corridor,,0,0,0,0,,,Unmatched,,0
105095,224638,87038000,URBAN GENERAL,MIAMI,URBAN MINOR ART,DIVIDED,,SR  932,6,MIAMI-DADE,16600,4,40,1,LPI,Implement a Leading Pedestrian Interval (LPI),,LPI-01036,Potential Location,0.870000005,1,5408.8083328125,0.0116241105417434,0.00490392163479799,0.0194522224846987,0.0351901783978559,0.114433919481647,21613.65424268,,465309.437086727,1.75142653053174,0.175142653053174,32.4112237273964,175306.096973392,5408.8083328125,169897.28864058,6,87,87038000 = .713|87A13160 = .185,NW 103RD ST|NW 80TH CT,8000,87038000,87A13160,Y,-80.3293574,25.86909743,10,0.377224755646951,On-System / Off-System,87038000,222,LPI-01036,1,0.713,0.703,0.723,NW 103RD ST,On Corridor,445993-1,2,106,0.02,100,0.6,0.1,Verified Match,445993-1,2
70817,141144,72050000,URBAN GENERAL,JACKSONVILLE,URBAN PRIN ART OTHER,DIVIDED,US    1,SR    5,2,DUVAL,8600,4,35,1,LPI,Implement a Leading Pedestrian Interval (LPI),,LPI-02156,Potential Location,0.870000005,1,5408.8083328125,0.0101313917756396,0.00492096171959639,0.0209535602632547,0.0404992517992451,0.147250569102762,26487.5531113953,,533866.26956996,2.14637482062422,0.214637482062422,39.7199844249141,214837.782736658,5408.8083328125,209428.974403846,2,72,72050000 = 9.55|72A02116 = 1.389,6TH ST W|E 6TH ST|MAIN ST N,5400,72050000,72A02116,Y,-81.65426044,30.34308504,10,0.378535531451089,On-System / Off-System,72050000,223,LPI-02156,1,9.55,9.540000000000001,9.56,6TH ST W,Off Corridor,,0,0,0,0,,,Unmatched,,0
19582,61715,15140000,URBAN GENERAL,TAMPA-ST PETERSBURG,URBAN MINOR ART,DIVIDED,,SR  699,7,PINELLAS,14900,4,35,1,LPI,Implement a Leading Pedestrian Interval (LPI),,LPI-02209,Potential Location,0.870000005,1,5408.8083328125,0.0116750471562176,0.00492541051902928,0.0195374617254828,0.0353443810393305,0.114935366574607,21708.3648331879,,463279.356429155,1.75910124574072,0.175910124574072,32.5532490463841,176074.284702203,5408.8083328125,170665.47636939,7,15,15140000 = .237|15A13488 = 0,153RD AVE|GULF BLVD,9800,15140000,15A13488,Y,-82.80398869,27.80323121,10,0.378877746805243,On-System / Off-System,15140000,224,LPI-02209,1,0.237,0.22699999999999998,0.247,153RD AVE,On Corridor,"457153-1, 452002-1, 456312-2, 439517-1",6,106,0.02,100,0.1,0.2,Verified Match,"457153-1, 452002-1, 456312-2, 439517-1",6
99114,223494,87038000,URBAN GENERAL,MIAMI,URBAN MINOR ART,DIVIDED,,SR  932,6,MIAMI-DADE,16600,2,40,1,LPI,Implement a Leading Pedestrian Interval (LPI),,LPI-00741,Potential Location,0.870000005,1,5408.8083328125,0.0101592696544235,0.00493450240357712,0.0210112167852849,0.0406106909043058,0.14765574872736,23186.9521378941,,532401.296234659,2.1522808578597,0.21522808578597,34.7704966897136,188066.952231352,5408.8083328125,182658.14389854,6,87,87038000 = .042|87090005 = .786,NW 103RD ST|W OKEECHOBEE RD,8000,87038000,87090005,Y,-80.3396093,25.86764066,10,0.379577122566591,On-System / On-System,87038000,225,LPI-00741,1,0.042,0.032,0.052000000000000005,NW 103RD ST,Off Corridor,,0,0,0,0,87.7,251,No Match - Angle Mismatch,,0
23235,62152,15025000,URBAN GENERAL,TAMPA-ST PETERSBURG,URBAN MINOR ART,NOT DIVIDED,USA  19,SR  595,7,PINELLAS,11500,3,35,1,LPI,Implement a Leading Pedestrian Interval (LPI),,LPI-00491,Potential Location,0.870000005,1,5408.8083328125,0.0102168574488023,0.00496247361798968,0.0211303188145684,0.0408408925031343,0.148492734966115,26973.3300294789,,529400.391452713,2.16448105646688,0.216448105646688,40.4484417323565,218777.868691251,5408.8083328125,213369.060358438,7,15,15025000 = 1.479|15A08236 = .034,FAIRMONT ST|N MYRTLE AVE,6200,15025000,15A08236,Y,-82.79597954,27.98241,10,0.381728754527235,On-System / Off-System,15025000,226,LPI-00491,1,1.479,1.469,1.489,FAIRMONT ST,Off Corridor,,0,0,0,0,,,Unmatched,,0
48150,97034,46060000,URBAN GENERAL,PANAMA CITY,URBAN PRIN ART OTHER,DIVIDED,,SR   77,3,BAY,13400,4,35,0,LPI,Implement a Leading Pedestrian Interval (LPI),,LPI-02300,Potential Location,0.870000005,1,5408.8083328125,0.013559741370106,0.004984288494491,0.0201910121497331,0.0323142877673895,0.10984628842331,20817.5865610426,,398887.278538871,1.68691850971935,0.168691850971935,31.2174631794577,168849.274974318,5408.8083328125,163440.466641506,3,46,46060000 = .211|46A00760 = 1.21,E 7TH ST|N COVE BLVD,12850,46060000,46A00760,N,,,10,0.383406822014955,On-System / Off-System,46060000,227,LPI-02300,1,0.211,0.20099999999999998,0.221,E 7TH ST,On Corridor,456590-1,3,106,0.02,100,0,1,Verified Match,456590-1,3
106731,237985,87250000,URBAN GENERAL,MIAMI,URBAN MINOR ART,DIVIDED,,SR  944,6,MIAMI-DADE,25000,4,40,1,LPI,Implement a Leading Pedestrian Interval (LPI),,LPI-00897,Potential Location,0.870000005,1,5408.8083328125,0.010334147416757,0.00501944303099624,0.0213728957937473,0.0413097477256856,0.150197438023093,27017.6383091313,,523391.830470895,2.18932939315198,0.218932939315198,40.5148851735564,219137.248529673,5408.8083328125,213728.440196861,6,87,87250000 = 3.095|87A01619 = .784,NW 21ST AVE|NW 54TH ST,11000,87250000,87A01619,Y,-80.23063975,25.82423001,10,0.38611101723475,On-System / Off-System,87250000,228,LPI-00897,1,3.095,3.0850000000000004,3.105,NW 21ST AVE,On Corridor,451049-1,5,105,0.02,100,0,0.3,Verified Match,451049-1,5
79130,187281,79270000,URBAN GENERAL,DAYTONA BEACH-PORT ORANGE,URBAN PRIN ART OTHER,DIVIDED,,SR  483,5,VOLUSIA,21500,4,40,1,LPI,Implement a Leading Pedestrian Interval (LPI),,LPI-00837,Potential Location,0.870000005,1,5408.8083328125,0.0104944736598396,0.00509731577763636,0.0217044796146682,0.0419506362662158,0.152527634215168,27436.795910855,,515395.865302995,2.22329513239673,0.222329513239673,41.1434420410796,222536.992152379,5408.8083328125,217128.183819567,5,79,79270000 = 2.548,MAYBERRY AVE|N CLYDE MORRIS BLVD,11000,79270000,79A07291,Y,-81.05639013,29.20258027,10,0.392101228745152,On-System / Off-System,79270000,229,LPI-00837,1,2.548,2.5380000000000003,2.558,MAYBERRY AVE,On Corridor,"448773-3, 452641-1, 448773-1",4,106,0.02,100,0.1,0.6,Verified Match,"448773-3, 452641-1, 448773-1",4
65357,137649,72010000,URBAN GENERAL,JACKSONVILLE,URBAN MINOR ART,NOT DIVIDED,US   90,SR   10,2,DUVAL,17800,4,35,1,LPI,Implement a Leading Pedestrian Interval (LPI),,LPI-01010,Potential Location,0.870000005,1,5408.8083328125,0.0121066714258712,0.0051075020077894,0.0202597579642313,0.0366510560744146,0.119184505185471,20593.7531835268,,446762.627195303,1.82413488374493,0.182413488374493,30.8818089862858,167033.785777347,5408.8083328125,161624.977444534,2,72,72010000 = 19.167|72A06936 = 0,BEAVER ST W|CANAL ST,7500,72010000,72A06936,Y,-81.69800814,30.33299205,10,0.392884784940907,On-System / Off-System,72010000,230,LPI-01010,1,19.167,19.157,19.177000000000003,BEAVER ST W,On Corridor,445354-2,2,105,0.02,100,0,0.9,Verified Match,445354-2,2
67140,155602,75006001,URBAN GENERAL,ORLANDO,URBAN PRIN ART OTHER,DIVIDED,,SR  426,5,ORANGE,23000,4,45,1,LPI,Implement a Leading Pedestrian Interval (LPI),,LPI-00077,Potential Location,0.870000005,1,5408.8083328125,0.0121330652429444,0.00511863689936716,0.0203039263674897,0.0367309592315699,0.119444339942455,22559.9951173165,,445790.756458499,1.82811168965176,0.182811168965176,33.8303296992897,182981.769179313,5408.8083328125,177572.9608465,5,75,75006001 = .273|75A04533 = 0,ADANSON ST|W FAIRBANKS AVE,9150,75006001,75A04533,Y,-81.39398463,28.59656297,10,0.393741315095217,On-System / Off-System,75006001,231,LPI-00077,1,0.273,0.263,0.28300000000000003,ADANSON ST,Off Corridor,,0,0,0,0,,,Unmatched,,0
111603,268144,93050000,URBAN GENERAL,MIAMI,URBAN MINOR ART,NOT DIVIDED,US    1,SR  805,4,PALM BEACH,19500,4,35,1,LPI,Implement a Leading Pedestrian Interval (LPI),,LPI-01968,Potential Location,0.870000005,1,5408.8083328125,0.010564983318983,0.00513156332636317,0.0218503064097148,0.0422324917608178,0.153552428011128,25268.7539039758,,511956.164009652,2.23823287839922,0.223823287839922,37.8923076541605,204952.229389318,5408.8083328125,199543.421056506,4,93,93050000 = 5.322|93A12872 = .42,PURITAN RD|S DIXIE HWY,10050,93050000,93A12872,Y,-80.05525006,26.66827943,10,0.394735655671615,On-System / Off-System,93050000,232,LPI-01968,1,5.322,5.312,5.332,PURITAN RD,Off Corridor,,0,0,0,0,,,Unmatched,,0
58956,117462,57110000,URBAN GENERAL,1460,URBAN MINOR ART,DIVIDED,,SR  189,3,OKALOOSA,21000,4,35,0,LPI,Implement a Leading Pedestrian Interval (LPI),,LPI-00352,Potential Location,0.870000005,1,5408.8083328125,0.013865124602059,0.00517511274108021,0.018708914885116,0.0288358578412173,0.0948842695819348,18386.3423146841,,390101.675105702,1.48990667509554,0.148990667509554,27.5716381690313,149129.706277948,5408.8083328125,143720.897945135,3,57,57110000 = 1.089|57A01192 = 0,BEAL PKWY NE|HUGHES ST NE,10500,57110000,57A01192,N,,,10,0.398085610778694,On-System / Off-System,57110000,233,LPI-00352,1,1.089,1.079,1.099,BEAL PKWY NE,On Corridor,411403-2,1,106,0.02,100,0,0.3,Verified Match,411403-2,1
102901,203925,86200000,URBAN GENERAL,MIAMI,URBAN PRIN ART OTHER,DIVIDED,,SR  858,4,BROWARD,42500,6,35,1,LPI,Implement a Leading Pedestrian Interval (LPI),,LPI-00061,Potential Location,0.870000005,1,5408.8083328125,0.010683255813277,0.00518900996644885,0.0220949154320048,0.0427052745367101,0.155271411195243,27973.8039196969,,506288.385053036,2.26328936711734,0.226328936711734,41.9487240411778,226892.608144775,5408.8083328125,221483.799811962,4,86,86200000 = 4.817|86A21597 = .012,E HALLANDALE BEACH BLVD|GOLDEN ISLES DR,21750,86200000,86A21597,Y,-80.12919269,25.98596839,10,0.399154628155859,On-System / Off-System,86200000,234,LPI-00061,1,4.817,4.807,4.827,E HALLANDALE BEACH BLVD,On Corridor,"446996-1, 448413-1, 444120-1, 453430-2",6,105,0.02,100,0,0.4,Verified Match,"446996-1, 448413-1, 444120-1, 453430-2",6
107824,230171,87080000,URBAN GENERAL,MIAMI,URBAN PRIN ART OTHER,1WAY,,SR  934,6,MIAMI-DADE,18500,3,35,1,LPI,Implement a Leading Pedestrian Interval (LPI),,LPI-01934,Potential Location,0.870000005,1,5408.8083328125,0.0107642134125632,0.00522833222895927,0.0222623504668921,0.0430288946543761,0.156448056303049,36280.2128412453,,502480.592450883,2.28044054994533,0.228044054994533,54.4047795931317,294265.025208158,5408.8083328125,288856.216875346,6,87,87080000 = 3.646|87A13716 = .097,71ST ST|RUE VENDOME,8000,87080000,87A13716,Y,-80.12876911,25.85532884,10,0.402179417696076,On-System / Off-System,87080000,235,LPI-01934,1,3.646,3.636,3.6559999999999997,71ST ST,On Corridor,443926-1,2,106,0.02,100,19.7,242.8,Verified Match,443926-1,2
110082,246761,90010000,URBAN GENERAL,KEY WEST,URBAN PRIN ART OTHER,DIVIDED,US    1,SR    5,6,MONROE,36000,4,35,1,LPI,Implement a Leading Pedestrian Interval (LPI),,LPI-00201,Potential Location,0.870000005,1,5408.8083328125,0.0124198214361483,0.00523961216837507,0.0207837949345544,0.0375990688008396,0.122267320247582,23093.1842322686,,435498.075444948,1.87131778294966,0.187131778294966,34.6298849942753,187306.410521375,5408.8083328125,181897.602188563,6,90,90010000 = 1.953|90500012 = .292,5TH ST|N ROOSEVELT BLVD,21750,90010000,90500012,Y,-81.77892278,24.56096312,10,0.403047105376817,On-System / On-System,90010000,236,LPI-00201,1,1.953,1.943,1.963,5TH ST,On Corridor,"446011-2, 446011-1, 433891-4",6,106,0.02,100,0.8,0,Verified Match,"446011-2, 446011-1, 433891-4",6
110082,246761,90500012,URBAN GENERAL,KEY WEST,URBAN PRIN ART OTHER,DIVIDED,US    1,SR    5,6,MONROE,36000,4,35,1,LPI,Implement a Leading Pedestrian Interval (LPI),,LPI-00201,Potential Location,0.870000005,1,5408.8083328125,0.0124198214361483,0.00523961216837507,0.0207837949345544,0.0375990688008396,0.122267320247582,23093.1842322686,,435498.075444948,1.87131778294966,0.187131778294966,34.6298849942753,187306.410521375,5408.8083328125,181897.602188563,6,90,90010000 = 1.953|90500012 = .292,5TH ST|N ROOSEVELT BLVD,21750,90010000,90500012,Y,-81.77892278,24.56096312,10,0.403047105376817,On-System / On-System,90010000,236,LPI-00201,2,0.292,0.282,0.302,N ROOSEVELT BLVD,Off Corridor,,0,0,0,0,84.8,34.5,No Match - Angle Mismatch,,0
29425,73021,16030000,URBAN GENERAL,WINTER HAVEN,URBAN PRIN ART OTHER,DIVIDED,US   17,SR  555,1,POLK,36000,4,40,1,LPI,Implement a Leading Pedestrian Interval (LPI),,LPI-01924,Potential Location,0.870000005,1,5408.8083328125,0.0108455565967673,0.0052678417755727,0.022430582961496,0.0433540561101945,0.157630305537107,28354.6686122876,,498711.918060958,2.29767342044047,0.229767342044047,42.5198579467554,229981.761972414,5408.8083328125,224572.953639602,1,16,16030000 = 29.906|16A00637 = .189,6TH ST NW|AVENUE L NW,14250,16030000,16A00637,Y,-81.73298072,28.03315001,10,0.405218613706308,On-System / Off-System,16030000,237,LPI-01924,1,29.906,29.895999999999997,29.916,6TH ST NW,On Corridor,"450875-1, 413656-1",3,106,0.02,100,0,2,Verified Match,"450875-1, 413656-1",3
55106,133586,71020000,URBAN GENERAL,JACKSONVILLE,URBAN PRIN ART OTHER,DIVIDED,US   17,SR   15,2,CLAY,26000,4,35,1,LPI,Implement a Leading Pedestrian Interval (LPI),,LPI-02429,Potential Location,0.870000005,1,5408.8083328125,0.0108889243885877,0.00528890613159974,0.0225202754400337,0.043527414633861,0.158260616965951,28468.0495489452,,496725.676457197,2.30686105610304,0.230686105610304,42.689880788019,230901.382933009,5408.8083328125,225492.574600197,2,71,71020000 = .794|71A06641 = .733,HOUSTON ST|N ORANGE AVE,11250,71020000,71A06641,Y,-81.68498543,30.00204971,10,0.406838948847632,On-System / Off-System,71020000,238,LPI-02429,1,0.794,0.784,0.804,HOUSTON ST,Off Corridor,,0,0,0,0,,,Unmatched,,0
6954,20745,10030101,URBAN GENERAL,TAMPA-ST PETERSBURG,URBAN PRIN ART OTHER,1WAY,US   92,SR  600,7,HILLSBOROUGH,9900,2,35,1,LPI,Implement a Leading Pedestrian Interval (LPI),,LPI-01893,Potential Location,0.870000005,1,5408.8083328125,0.0108947750366116,0.00529174787492562,0.0225323756439012,0.0435508020294681,0.158345650816207,36720.2639000476,,496458.927755402,2.30810053868163,0.230810053868163,55.0646676971136,297834.233483699,5408.8083328125,292425.425150887,7,10,10030101 = .996|10A09804 = .165,FRANKLIN ST N|W BAKER ST,3900,10030101,10A09804,Y,-82.12953214,28.01692007,10,0.407057544496492,On-System / Off-System,10030101,239,LPI-01893,1,0.996,0.986,1.006,FRANKLIN ST N,On Corridor,446025-1,2,105,0.02,100,5.4,0.8,Verified Match,446025-1,2
118140,272327,93180000,URBAN GENERAL,MIAMI,URBAN MINOR ART,DIVIDED,,SR  802,4,PALM BEACH,30500,4,35,1,LPI,Implement a Leading Pedestrian Interval (LPI),,LPI-01920,Potential Location,0.870000005,1,5408.8083328125,0.0125887735835927,0.00531088885557818,0.0210665257937935,0.0381105450284546,0.123930574942853,23407.3307026852,,429653.3174496,1.89677411979039,0.189677411979039,35.1009701435761,189854.419802377,5408.8083328125,184445.611469565,4,93,93180000 = 8.471|93A32777 = .163,LAKE WORTH RD,13000,93180000,93A32777,Y,-80.06807815,26.61673403,10,0.408529927680242,On-System / Off-System,93180000,240,LPI-01920,1,8.471,8.461,8.481,LAKE WORTH RD,Off Corridor,,0,0,0,0,84.2,71.1,No Match - Angle Mismatch,,0
40779,90826,26070000,URBAN GENERAL,GAINESVILLE,URBAN PRIN ART OTHER,DIVIDED,,SR   26,2,ALACHUA,19500,4,35,1,LPI,Implement a Leading Pedestrian Interval (LPI),,LPI-00549,Potential Location,0.870000005,1,5408.8083328125,0.0109665255549696,0.00532659812669953,0.0226807687614145,0.0438376177379175,0.159388479372797,28670.9303635031,,493210.753551878,2.32330116554326,0.232330116554326,42.9941151112297,232546.928075519,5408.8083328125,227138.119742707,2,26,26070000 = 17.239|26A04307 = .067,NW 36TH ST|SW 36TH ST|W UNIVERSITY AVE,8900,26070000,26A04307,Y,-82.37654,29.65187994,10,0.409738333197592,On-System / Off-System,26070000,241,LPI-00549,1,17.239,17.229,17.249000000000002,NW 36TH ST,On Corridor,207817-5,1,105,0.02,100,0.1,0.9,Verified Match,207817-5,1
85976,195788,86005000,URBAN GENERAL,MIAMI,URBAN MINOR ART,DIVIDED,,SR  838,4,BROWARD,34500,6,35,1,LPI,Implement a Leading Pedestrian Interval (LPI),,LPI-00844,Potential Location,0.870000005,1,5408.8083328125,0.0126357168270343,0.00533069303640508,0.0211450823777401,0.038252658363092,0.12439270916989,23531.1699588178,,428057.102485891,1.9038471462983,0.19038471462983,35.2866759845078,190858.867102261,5408.8083328125,185450.058769448,4,86,86005000 = .333|86A16137 = .167,E SUNRISE BLVD|MIDDLE RIVER DR,15750,86005000,86A16137,Y,-80.11686,26.13776286,10,0.41005332626398,On-System / Off-System,86005000,242,LPI-00844,1,0.333,0.323,0.343,E SUNRISE BLVD,On Corridor,441754-1,1,106,0.02,100,0.5,0.4,Verified Match,441754-1,1
118846,266061,93012000,URBAN GENERAL,MIAMI,URBAN PRIN ART OTHER,DIVIDED,,SR  708,4,PALM BEACH,21500,6,40,1,LPI,Implement a Leading Pedestrian Interval (LPI),,LPI-01997,Potential Location,0.870000005,1,5408.8083328125,0.0109823014606281,0.00533426070944792,0.0227133962026626,0.043900680384173,0.15961776781981,28756.846509732,,492502.263956536,2.32664335262157,0.232664335262157,43.1229525306663,233243.784983346,5408.8083328125,227834.976650533,4,93,93012000 = .358|93150000 = 7.284,MILITARY TRL|W BLUE HERON BLVD,56100,93012000,93150000,Y,-80.10726884,26.78339494,10,0.410327762662446,On-System / On-System,93012000,243,LPI-01997,1,0.358,0.348,0.368,MILITARY TRL,Off Corridor,,0,0,0,0,,,Unmatched,,0
118846,266061,93150000,URBAN GENERAL,MIAMI,URBAN PRIN ART OTHER,DIVIDED,,SR  708,4,PALM BEACH,21500,6,40,1,LPI,Implement a Leading Pedestrian Interval (LPI),,LPI-01997,Potential Location,0.870000005,1,5408.8083328125,0.0109823014606281,0.00533426070944792,0.0227133962026626,0.043900680384173,0.15961776781981,28756.846509732,,492502.263956536,2.32664335262157,0.232664335262157,43.1229525306663,233243.784983346,5408.8083328125,227834.976650533,4,93,93012000 = .358|93150000 = 7.284,MILITARY TRL|W BLUE HERON BLVD,56100,93012000,93150000,Y,-80.10726884,26.78339494,10,0.410327762662446,On-System / On-System,93012000,243,LPI-01997,2,7.284,7.274,7.294,W BLUE HERON BLVD,Off Corridor,,0,0,0,0,,,Unmatched,,0
79415,147038,72150000,URBAN GENERAL,JACKSONVILLE,URBAN MINOR ART,DIVIDED,,SR  115,2,DUVAL,31500,4,35,1,LPI,Implement a Leading Pedestrian Interval (LPI),,LPI-02636,Potential Location,0.870000005,1,5408.8083328125,0.0126908527543116,0.00535395350572519,0.0212373489060433,0.0384195737679354,0.124935496528969,23597.1348079863,,426197.39094955,1.91215457984104,0.191215457984104,35.3855950039638,191393.901118968,5408.8083328125,185985.092786155,2,72,72150000 = 4.211|72A04004 = 0,BASSETT RD|LEM TURNER RD,13000,72150000,72A04004,Y,-81.68894373,30.41057063,10,0.411842593203576,On-System / Off-System,72150000,244,LPI-02636,1,4.211,4.2010000000000005,4.221,BASSETT RD,On Corridor,437320-1,1,106,0.02,100,0,0.4,Verified Match,437320-1,1
110769,266797,93050000,URBAN GENERAL,MIAMI,URBAN MINOR ART,DIVIDED,US    1,SR  805,4,PALM BEACH,25500,4,35,1,LPI,Implement a Leading Pedestrian Interval (LPI),,LPI-01870,Potential Location,0.870000005,1,5408.8083328125,0.0127848534586589,0.00539361005287171,0.0213946532097245,0.0387041462127368,0.125860889400438,23771.9179636553,,423063.77232265,1.92631784221637,0.192631784221637,35.6476948737295,192811.549078586,5408.8083328125,187402.740745773,4,93,93050000 = 3.944|93A13570 = 0,ALHAMBRA PL|S DIXIE HWY,11500,93050000,93A13570,Y,-80.05623385,26.64831923,10,0.414893096947559,On-System / Off-System,93050000,245,LPI-01870,1,3.944,3.934,3.9539999999999997,ALHAMBRA PL,Off Corridor,,0,0,0,0,,,Unmatched,,0
70916,141492,72050000,URBAN GENERAL,JACKSONVILLE,URBAN PRIN ART OTHER,DIVIDED,US    1,SR    5,2,DUVAL,10100,4,35,1,LPI,Implement a Leading Pedestrian Interval (LPI),,LPI-02184,Potential Location,0.870000005,1,5408.8083328125,0.0111105868009526,0.00539657073189126,0.022978713611061,0.0444134885367949,0.16148227861839,29047.564688655,,486815.721771668,2.35382110178233,0.235382110178233,43.5589052776149,235601.769833754,5408.8083328125,230192.961500942,2,72,72050000 = 9.916|72A06285 = .539,10TH ST W|E 10TH ST|MAIN ST N,6050,72050000,72A06285,Y,-81.65369462,30.34838497,10,0.415120841496283,On-System / Off-System,72050000,246,LPI-02184,1,9.916,9.906,9.926,10TH ST W,Off Corridor,,0,0,0,0,,,Unmatched,,0
1611,1890,03010000,URBAN GENERAL,BONITA SPRINGS,URBAN PRIN ART OTHER,DIVIDED,US   41,SR   45,1,COLLIER,41500,6,45,1,LPI,Implement a Leading Pedestrian Interval (LPI),,LPI-02322,Potential Location,0.870000005,1,5408.8083328125,0.0128819230987245,0.00543456130727439,0.0215570931855217,0.0389980093809042,0.12681649450549,23989.6735564668,,419875.843952838,1.94094350689063,0.194094350689063,35.9742349931031,194577.741997251,5408.8083328125,189168.933664439,1,3,03010000 = 9.592|03900002 = .004,26TH AVE N|9TH ST N,19500,3010000,3900002,Y,-81.79974936,26.17730706,10,0.418043193561229,On-System / On-System,3010000,247,LPI-02322,1,9.592,9.582,9.602,26TH AVE N,On Corridor,"456234-1, 413627-1, 412666-1, 454326-1",7,106,0.02,100,0,1.2,Verified Match,"456234-1, 413627-1, 412666-1, 454326-1",7
1611,1890,03900002,URBAN GENERAL,BONITA SPRINGS,URBAN PRIN ART OTHER,DIVIDED,US   41,SR   45,1,COLLIER,41500,6,45,1,LPI,Implement a Leading Pedestrian Interval (LPI),,LPI-02322,Potential Location,0.870000005,1,5408.8083328125,0.0128819230987245,0.00543456130727439,0.0215570931855217,0.0389980093809042,0.12681649450549,23989.6735564668,,419875.843952838,1.94094350689063,0.194094350689063,35.9742349931031,194577.741997251,5408.8083328125,189168.933664439,1,3,03010000 = 9.592|03900002 = .004,26TH AVE N|9TH ST N,19500,3010000,3900002,Y,-81.79974936,26.17730706,10,0.418043193561229,On-System / On-System,3010000,247,LPI-02322,2,0.004,0,0.014,9TH ST N,Off Corridor,,0,0,0,0,89.9,117.7,No Match - Angle Mismatch,,0
37550,90007,29002000,URBAN GENERAL,LAKE CITY,URBAN PRIN ART OTHER,DIVIDED,,SR   10A,2,COLUMBIA,17200,4,45,1,LPI,Implement a Leading Pedestrian Interval (LPI),,LPI-02295,Potential Location,0.870000005,1,5408.8083328125,0.0112653710846368,0.00547175166968074,0.0232988356523171,0.0450322236344313,0.163731927468756,29452.2333685054,,480126.956509118,2.38661275533648,0.238661275533648,44.1657349682742,238883.99532119,5408.8083328125,233475.186988377,2,29,29002000 = 2.632|29507000 = 6.587,SE BAYA DR|SE COUNTRY CLUB RD,15900,29002000,29507000,Y,-82.60945015,30.18330921,10,0.420903990779441,On-System / On-System,29002000,248,LPI-02295,1,2.632,2.6220000000000003,2.642,SE BAYA DR,Off Corridor,,0,0,0,0,,,Unmatched,,0
37550,90007,29507000,URBAN GENERAL,LAKE CITY,URBAN PRIN ART OTHER,DIVIDED,,SR   10A,2,COLUMBIA,17200,4,45,1,LPI,Implement a Leading Pedestrian Interval (LPI),,LPI-02295,Potential Location,0.870000005,1,5408.8083328125,0.0112653710846368,0.00547175166968074,0.0232988356523171,0.0450322236344313,0.163731927468756,29452.2333685054,,480126.956509118,2.38661275533648,0.238661275533648,44.1657349682742,238883.99532119,5408.8083328125,233475.186988377,2,29,29002000 = 2.632|29507000 = 6.587,SE BAYA DR|SE COUNTRY CLUB RD,15900,29002000,29507000,Y,-82.60945015,30.18330921,10,0.420903990779441,On-System / On-System,29002000,248,LPI-02295,2,6.587,6.577,6.5969999999999995,SE COUNTRY CLUB RD,Off Corridor,,0,0,0,0,,,Unmatched,,0
100563,226464,87026000,URBAN GENERAL,MIAMI,URBAN MINOR ART,DIVIDED,,SR  860,6,MIAMI-DADE,48000,4,40,1,LPI,Implement a Leading Pedestrian Interval (LPI),,LPI-01345,Potential Location,0.870000005,1,5408.8083328125,0.0130038762466158,0.00548601029154103,0.0217611741564461,0.0393672034809657,0.128017066080942,24179.164848754,,415938.157995016,1.95931841634556,0.195931841634556,36.2583907679553,196114.686120088,5408.8083328125,190705.877787276,6,87,87026000 = 7.487,NE 13TH AVE|NE MIAMI GARDENS DR,23250,87026000,87A44464,Y,-80.17572,25.94541679,10,0.422000807887802,On-System / Off-System,87026000,249,LPI-01345,1,7.487,7.477,7.497,NE 13TH AVE,Off Corridor,,0,0,0,0,,,Unmatched,,0
116219,266310,93010000,URBAN GENERAL,MIAMI,URBAN MINOR ART,1WAY,US    1,SR    5,4,PALM BEACH,13000,2,35,1,LPI,Implement a Leading Pedestrian Interval (LPI),,LPI-00237,Potential Location,0.870000005,1,5408.8083328125,0.0112980642580698,0.00548763121106248,0.0233664510791899,0.0451629114108297,0.164207093023538,38079.5289229808,,478737.614627141,2.39353893150427,0.239353893150427,57.1029830263241,308859.090421233,5408.8083328125,303450.28208842,4,93,93010000 = 9.939|93A32151 = 1.31,N FEDERAL HWY|NE 2ND ST,6500,93010000,93A32151,Y,-80.06711974,26.46531,10,0.422125494009633,On-System / Off-System,93010000,250,LPI-00237,1,9.939,9.929,9.949,N FEDERAL HWY,On Corridor,"233752-1, 448107-1",4,106,0.02,100,0,0.7,Verified Match,"233752-1, 448107-1",4
115426,267163,93030000,URBAN GENERAL,MIAMI,URBAN PRIN ART OTHER,DIVIDED,,SR  806,4,PALM BEACH,41500,6,45,1,LPI,Implement a Leading Pedestrian Interval (LPI),,LPI-01876,Potential Location,0.870000005,1,5408.8083328125,0.0130916689559771,0.00552304784080284,0.0219080897685179,0.0396329821909463,0.128881344151772,24380.2778635062,,413148.877427355,1.97254630847636,0.197254630847636,36.5599741486476,197745.892822615,5408.8083328125,192337.084489802,4,93,93030000 = 6.679|93A18411 = 0,NW 24TH AVE|W ATLANTIC AVE,23250,93030000,93A18411,Y,-80.0980452,26.45881877,10,0.42484985024829,On-System / Off-System,93030000,251,LPI-01876,1,6.679,6.6690000000000005,6.689,NW 24TH AVE,Off Corridor,,0,0,0,0,,,Unmatched,,0
107109,227859,87030000,URBAN GENERAL,MIAMI,URBAN PRIN ART OTHER,DIVIDED,US    1,SR    5,6,MIAMI-DADE,55000,4,35,1,LPI,Implement a Leading Pedestrian Interval (LPI),,LPI-01509,Potential Location,0.870000005,1,5408.8083328125,0.0148798951566558,0.00555387255587388,0.0200781961919031,0.0309463170180112,0.101828726673354,19732.014951835,,363497.744834117,1.59895101954807,0.159895101954807,29.5895707415071,160044.316791008,5408.8083328125,154635.508458196,6,87,87030000 = 16.713|87A13626 = 0,BISCAYNE BLVD|NE 88TH TER,25000,87030000,87A13626,N,,,10,0.427220982268028,On-System / Off-System,87030000,252,LPI-01509,1,16.713,16.703,16.723000000000003,BISCAYNE BLVD,On Corridor,"445996-1, 447827-1",4,106,0.02,100,3.8,0.4,Verified Match,"445996-1, 447827-1",4
20540,43084,12010000,URBAN GENERAL,CAPE CORAL,URBAN PRIN ART OTHER,DIVIDED,US   41,SR   45,1,LEE,38000,6,40,1,LPI,Implement a Leading Pedestrian Interval (LPI),,LPI-01131,Potential Location,0.870000005,1,5408.8083328125,0.0152453344985364,0.00560387866270402,0.0227009295889166,0.0363312332182016,0.123501132118052,23441.8076664491,,354784.497075598,1.89661707037728,0.189661707037728,35.1526708219272,190134.058862255,5408.8083328125,184725.250529442,1,12,12010000 = 22.459|12A11595 = .743,CLEVELAND AVE|LINHART AVE,20750,12010000,12A11595,N,,,10,0.431067606018294,On-System / Off-System,12010000,253,LPI-01131,1,22.459,22.448999999999998,22.469,CLEVELAND AVE,On Corridor,456031-1,1,106,0.02,100,0,1.3,Verified Match,456031-1,1
111648,268582,93050000,URBAN GENERAL,MIAMI,URBAN MINOR ART,DIVIDED,US    1,SR  805,4,PALM BEACH,21500,4,35,1,LPI,Implement a Leading Pedestrian Interval (LPI),,LPI-01886,Potential Location,0.870000005,1,5408.8083328125,0.0133477167723803,0.00563106801334796,0.0223365697862802,0.0404081269476358,0.131402014881847,24818.4955065114,,405223.486911607,2.01112551306349,0.201112551306349,37.2171129142288,201300.230453705,5408.8083328125,195891.422120892,4,93,93050000 = 6.463|93A12405 = 0,ALBEMARLE RD|S DIXIE HWY,10900,93050000,93A12405,Y,-80.05448382,26.6848,10,0.433159094609808,On-System / Off-System,93050000,254,LPI-01886,1,6.463,6.453,6.473,ALBEMARLE RD,Off Corridor,,0,0,0,0,,,Unmatched,,0
85653,177872,79080000,URBAN GENERAL,DAYTONA BEACH-PORT ORANGE,URBAN PRIN ART OTHER,DIVIDED,,SR  A1A,5,VOLUSIA,18500,4,35,1,LPI,Implement a Leading Pedestrian Interval (LPI),,LPI-01306,Potential Location,0.870000005,1,5408.8083328125,0.0134183961336204,0.00566088586887112,0.0224548472798555,0.04062209767014,0.132097820062306,24949.9153919685,,403089.033812355,2.02177490494534,0.202177490494534,37.4141864521856,202366.163447982,5408.8083328125,196957.35511517,5,79,79080000 = 3.211|79A01325 = .204,DRIFTWOOD AVE|N ATLANTIC AVE,9050,79080000,79A01325,Y,-81.01748017,29.24599035,10,0.435452775892116,On-System / Off-System,79080000,255,LPI-01306,1,3.211,3.201,3.2209999999999996,DRIFTWOOD AVE,On Corridor,442884-2,1,106,0.02,100,0,0.6,Verified Match,442884-2,1
105252,242413,88060000,URBAN GENERAL,VERO BEACH-SEBASTIAN,URBAN PRIN ART OTHER,1WAY,,SR   60,4,INDIAN RIVER,9200,3,40,1,LPI,Implement a Leading Pedestrian Interval (LPI),,LPI-00900,Potential Location,0.870000005,1,5408.8083328125,0.0116817818761884,0.00567400833986292,0.0241600488802987,0.046696785214166,0.169784079768692,39372.8288904479,,463012.269030427,2.47483100390639,0.247483100390639,59.0423790267208,319348.911668801,5408.8083328125,313940.103335989,4,88,88060000 = 30.228|88A00280 = .415,20TH ST|COMMERCE AVE,4050,88060000,88A00280,Y,-80.39651929,27.63790828,10,0.436462196776463,On-System / Off-System,88060000,256,LPI-00900,1,30.228,30.218,30.238000000000003,20TH ST,On Corridor,448443-1,2,105,0.02,100,2.4,1,Verified Match,448443-1,2
65661,137995,72080000,URBAN GENERAL,JACKSONVILLE,URBAN PRIN ART OTHER,NOT DIVIDED,US   23,SR  139,2,DUVAL,15700,4,40,1,LPI,Implement a Leading Pedestrian Interval (LPI),,LPI-01365,Potential Location,0.870000005,1,5408.8083328125,0.0134787372991925,0.00568634229809685,0.0225558244491175,0.0408047711206024,0.132691850552441,22927.6718101064,,401284.498150767,2.03086662150177,0.203086662150177,34.3816872538966,185963.95651503,5408.8083328125,180555.148182217,2,72,72080000 = 2.158|72A06172 = 0,KINGS RD|SPIRES AVE,6350,72080000,72A06172,Y,-81.68854,30.34587454,10,0.437410962830948,On-System / Off-System,72080000,257,LPI-01365,1,2.158,2.148,2.1679999999999997,KINGS RD,Off Corridor,,0,0,0,0,,,Unmatched,,0
84924,178204,79080000,URBAN GENERAL,DAYTONA BEACH-PORT ORANGE,URBAN PRIN ART OTHER,DIVIDED,,SR  A1A,5,VOLUSIA,18500,4,35,1,LPI,Implement a Leading Pedestrian Interval (LPI),,LPI-02645,Potential Location,0.870000005,1,5408.8083328125,0.0117169544660877,0.00569109216924261,0.0242327921912269,0.046837384216387,0.170295281387798,30632.8548532223,,461622.373669469,2.48228245411263,0.248228245411263,45.9361615073908,248459.893138596,5408.8083328125,243051.084805784,5,79,79080000 = 5.417|79A00872 = .519,CARDINAL DR|S ATLANTIC AVE,9050,79080000,79A00872,Y,-81.03174286,29.27537886,10,0.437776337548521,On-System / Off-System,79080000,258,LPI-02645,1,5.417,5.407,5.427,CARDINAL DR,Off Corridor,,0,0,0,0,,,Unmatched,,0
110845,270864,93290000,URBAN GENERAL,BELLE GLADE,URBAN MINOR ART,DIVIDED,,SR  715,4,PALM BEACH,12000,2,40,1,LPI,Implement a Leading Pedestrian Interval (LPI),,LPI-01119,Potential Location,0.870000005,1,5408.8083328125,0.0117569192324472,0.00571050362718866,0.0243154465943795,0.0469971394772372,0.170876132935228,26833.3386950846,,460053.201512607,2.49074914557278,0.249074914557278,40.2385146923472,217642.413567966,5408.8083328125,212233.605235153,4,93,93290000 = .895|93609000 = 0,SW 16TH ST|SW AVENUE H|SW COLLEGE DR,6525,93290000,93609000,Y,-80.68656474,26.67676023,10,0.439269526678725,On-System / On-System,93290000,259,LPI-01119,1,0.895,0.885,0.905,SW 16TH ST,On Corridor,441757-2,2,106,0.02,100,0,0.8,Verified Match,441757-2,2
110845,270864,93609000,URBAN GENERAL,BELLE GLADE,URBAN MINOR ART,DIVIDED,,SR  715,4,PALM BEACH,12000,2,40,1,LPI,Implement a Leading Pedestrian Interval (LPI),,LPI-01119,Potential Location,0.870000005,1,5408.8083328125,0.0117569192324472,0.00571050362718866,0.0243154465943795,0.0469971394772372,0.170876132935228,26833.3386950846,,460053.201512607,2.49074914557278,0.249074914557278,40.2385146923472,217642.413567966,5408.8083328125,212233.605235153,4,93,93290000 = .895|93609000 = 0,SW 16TH ST|SW AVENUE H|SW COLLEGE DR,6525,93290000,93609000,Y,-80.68656474,26.67676023,10,0.439269526678725,On-System / On-System,93290000,259,LPI-01119,2,0,0,0.01,SW AVENUE H,Off Corridor,,0,0,0,0,88.3,25.5,No Match - Angle Mismatch,,0
110357,249390,90040000,URBAN GENERAL,MARATHON,URBAN PRIN ART OTHER,DIVIDED,US    1,SR    5,6,MONROE,15100,4,45,1,LPI,Implement a Leading Pedestrian Interval (LPI),,LPI-02114,Potential Location,0.870000005,1,5408.8083328125,0.0118519686213024,0.00574364633186195,0.0256184860198922,0.0340060330441985,0.10976746323114,21759.047790323,,456363.70679305,1.76320825489222,0.176320825489222,32.6292517733837,176485.368885315,5408.8083328125,171076.560552503,6,90,90040000 = 6.163|90610005 = 1.992,COCO PLUM DR|OVERSEAS HWY,8000,90040000,90610005,Y,-81.01345644,24.73475834,10,0.441818965597802,On-System / On-System,90040000,260,LPI-02114,1,6.163,6.1530000000000005,6.173,COCO PLUM DR,On Corridor,433891-4,1,106,0.02,100,0,0.5,Verified Match,433891-4,1
110357,249390,90610005,URBAN GENERAL,MARATHON,URBAN PRIN ART OTHER,DIVIDED,US    1,SR    5,6,MONROE,15100,4,45,1,LPI,Implement a Leading Pedestrian Interval (LPI),,LPI-02114,Potential Location,0.870000005,1,5408.8083328125,0.0118519686213024,0.00574364633186195,0.0256184860198922,0.0340060330441985,0.10976746323114,21759.047790323,,456363.70679305,1.76320825489222,0.176320825489222,32.6292517733837,176485.368885315,5408.8083328125,171076.560552503,6,90,90040000 = 6.163|90610005 = 1.992,COCO PLUM DR|OVERSEAS HWY,8000,90040000,90610005,Y,-81.01345644,24.73475834,10,0.441818965597802,On-System / On-System,90040000,260,LPI-02114,2,1.992,1.982,2.002,OVERSEAS HWY,Off Corridor,,0,0,0,0,78,16,No Match - Angle Mismatch,,0
95977,199590,86020000,URBAN GENERAL,MIAMI,URBAN PRIN ART OTHER,DIVIDED,US    1,SR    5,4,BROWARD,40000,6,45,1,LPI,Implement a Leading Pedestrian Interval (LPI),,LPI-00864,Potential Location,0.870000005,1,5408.8083328125,0.0136204258452627,0.00574611715347022,0.0227929313754319,0.0412337110549946,0.134086707871997,25364.9681979758,,397110.075284005,2.0522151004042,0.20522151004042,38.0365878843147,205732.613500436,5408.8083328125,200323.805167624,4,86,86020000 = 14.576|86A10740 = .176,S FEDERAL HWY|SE 2ND CT,17000,86020000,86A10740,Y,-80.0912258,26.31529,10,0.442009028805749,On-System / Off-System,86020000,261,LPI-00864,1,14.576,14.566,14.586,S FEDERAL HWY,On Corridor,439891-5,1,106,0.02,100,0,0.7,Verified Match,439891-5,1
70790,140958,72050000,URBAN GENERAL,JACKSONVILLE,URBAN PRIN ART OTHER,DIVIDED,US    1,SR    5,2,DUVAL,8800,4,35,1,LPI,Implement a Leading Pedestrian Interval (LPI),,LPI-02155,Potential Location,0.870000005,1,5408.8083328125,0.0119107591558705,0.00578522587570852,0.024633615526914,0.0476120995867134,0.173112056367709,31139.5386462824,,454111.132802702,2.52334073272632,0.252334073272632,46.6959701723914,252569.552577194,5408.8083328125,247160.744244382,2,72,72050000 = 9.093|72A02112 = .532,1ST ST W|E 1ST ST|MAIN ST N,4650,72050000,72A02112,Y,-81.6549704,30.33648656,10,0.445017392170555,On-System / Off-System,72050000,262,LPI-02155,1,9.093,9.083,9.103,1ST ST W,Off Corridor,,0,0,0,0,,,Unmatched,,0
45042,96745,46020000,URBAN GENERAL,PANAMA CITY,URBAN MINOR ART,DIVIDED,,SR   30,3,BAY,12300,2,35,0,LPI,Implement a Leading Pedestrian Interval (LPI),,LPI-02462,Potential Location,0.870000005,1,5408.8083328125,0.0157876534085821,0.00580322419813177,0.023508464733053,0.0376236361367077,0.127894410557833,21159.480626132,,342597.357114028,1.96408500966584,0.196408500966584,31.7301578358199,171622.342103839,5408.8083328125,166213.533771026,3,46,46020000 = 6.296|46A00757 = .249,GRACE AVE|W 6TH ST,5700,46020000,46A00757,N,,,10,0.446401878564054,On-System / Off-System,46020000,263,LPI-02462,1,6.296,6.2860000000000005,6.306,GRACE AVE,On Corridor,454640-1,2,105,0.02,100,0.2,159.1,Verified Match,454640-1,2
70943,141619,72050000,URBAN GENERAL,JACKSONVILLE,URBAN PRIN ART OTHER,DIVIDED,US   17,SR    5,2,DUVAL,16300,4,35,1,LPI,Implement a Leading Pedestrian Interval (LPI),,LPI-02588,Potential Location,0.870000005,1,5408.8083328125,0.0137792801918552,0.00581313383093892,0.0230587641960577,0.0417146177683117,0.135650554451225,25620.9364759793,,392531.994233602,2.07614998265719,0.207614998265719,38.4204306640842,207808.745526144,5408.8083328125,202399.937193331,2,72,72050000 = 11.859|72A04888 = .008,50TH ST E|MAIN ST N,9650,72050000,72A04888,Y,-81.65117084,30.37641,10,0.447164158040077,On-System / Off-System,72050000,264,LPI-02588,1,11.859,11.849,11.869,50TH ST E,On Corridor,440662-3,2,106,0.02,100,6.2,4.7,Verified Match,440662-3,2
96047,204872,86120000,URBAN GENERAL,MIAMI,URBAN PRIN ART OTHER,DIVIDED,,SR  810,4,BROWARD,28500,4,35,1,LPI,Implement a Leading Pedestrian Interval (LPI),,LPI-02509,Potential Location,0.870000005,1,5408.8083328125,0.0119813304623639,0.00581950336743392,0.0247795698198891,0.0478942015105925,0.174137746151858,31324.040565691,,451436.370092853,2.5382915389601,0.25382915389601,46.9726440249914,254066.028416609,5408.8083328125,248657.220083796,4,86,86120000 = 6.637|86A10631 = 1.612,E HILLSBORO BLVD|NE 6TH AVE|SE 6TH AVE,14000,86120000,86A10631,Y,-80.09571001,26.31840041,10,0.44765412240469,On-System / Off-System,86120000,265,LPI-02509,1,6.637,6.627,6.646999999999999,E HILLSBORO BLVD,On Corridor,"447000-1, 439891-5",2,105,0.02,100,0,0.5,Verified Match,"447000-1, 439891-5",2
88539,177020,78030000,URBAN GENERAL,ST. AUGUSTINE,URBAN MINOR ART,DIVIDED,,SR  A1A,2,ST. JOHNS,14800,2,35,1,LPI,Implement a Leading Pedestrian Interval (LPI),,LPI-01305,Potential Location,0.870000005,1,5408.8083328125,0.0138426175931579,0.00583985429711348,0.0231647553785502,0.0419063618542866,0.136274081477643,22469.5894184686,,390735.949787846,2.08569314766909,0.208569314766909,33.6947598739057,182248.497978097,5408.8083328125,176839.689645285,2,78,78030000 = 1.962|78030001 = 1.032,COASTAL HWY|FRANCIS AND MARY USINA BRG,13600,78030000,78030001,Y,-81.29281722,29.9185453,10,0.449219578594098,On-System / On-System,78030000,266,LPI-01305,1,1.962,1.952,1.972,COASTAL HWY,On Corridor,"210116-3, 429931-2",6,106,0.02,100,0,0.7,Verified Match,"210116-3, 429931-2",6
88539,177020,78030001,URBAN GENERAL,ST. AUGUSTINE,URBAN MINOR ART,DIVIDED,,SR  A1A,2,ST. JOHNS,14800,2,35,1,LPI,Implement a Leading Pedestrian Interval (LPI),,LPI-01305,Potential Location,0.870000005,1,5408.8083328125,0.0138426175931579,0.00583985429711348,0.0231647553785502,0.0419063618542866,0.136274081477643,22469.5894184686,,390735.949787846,2.08569314766909,0.208569314766909,33.6947598739057,182248.497978097,5408.8083328125,176839.689645285,2,78,78030000 = 1.962|78030001 = 1.032,COASTAL HWY|FRANCIS AND MARY USINA BRG,13600,78030000,78030001,Y,-81.29281722,29.9185453,10,0.449219578594098,On-System / On-System,78030000,266,LPI-01305,2,1.032,1.022,1.042,FRANCIS AND MARY USINA BRG,On Corridor,210116-3,2,53,0.01,100,0,0.8,Verified Parallel Fallback,210116-3,2
106791,232138,87080000,URBAN GENERAL,MIAMI,URBAN PRIN ART OTHER,1WAY,,SR  934,6,MIAMI-DADE,18500,3,35,1,LPI,Implement a Leading Pedestrian Interval (LPI),,LPI-00584,Potential Location,0.870000005,1,5408.8083328125,0.0120472609624164,0.00585152675317367,0.0249159260813611,0.0481577522627501,0.175095986033302,40604.6568493678,,448965.814693171,2.55225917226828,0.255225917226828,60.8895933442042,329340.139861696,5408.8083328125,323931.331528884,6,87,87080000 = 3.046|87A36912 = .125,71ST ST|TROUVILLE ESPLANADE,8000,87080000,87A36912,Y,-80.13729033,25.85160539,10,0.45011745986403,On-System / Off-System,87080000,267,LPI-00584,1,3.046,3.036,3.0559999999999996,71ST ST,Off Corridor,,0,0,0,0,,,Unmatched,,0
46573,102965,48020000,URBAN GENERAL,PENSACOLA,URBAN PRIN ART OTHER,DIVIDED,US   90,SR   10A,3,ESCAMBIA,19000,4,35,1,LPI,Implement a Leading Pedestrian Interval (LPI),,LPI-01228,Potential Location,0.870000005,1,5408.8083328125,0.0120694125999469,0.0058622861199742,0.0249617396953447,0.0482463012761513,0.175417939946955,31554.3228752748,,448141.803755744,2.5569520829842,0.25569520829842,47.317968854036,255933.824229472,5408.8083328125,250525.01589666,3,48,48020000 = 12.717|48A02503 = .322,MOBILE HWY|SHOEMAKER ST,9700,48020000,48A02503,Y,-87.25463914,30.42237983,10,0.450945103495904,On-System / Off-System,48020000,268,LPI-01228,1,12.717,12.707,12.727,MOBILE HWY,On Corridor,"457655-2, 456593-2",4,106,0.02,100,0.1,1.4,Verified Match,"457655-2, 456593-2",4
75478,160957,75090000,URBAN GENERAL,ORLANDO,URBAN PRIN ART OTHER,DIVIDED,,SR  426,5,ORANGE,40500,4,40,1,LPI,Implement a Leading Pedestrian Interval (LPI),,LPI-02431,Potential Location,0.870000005,1,5408.8083328125,0.0141815425704263,0.00598283827189859,0.0237319251451978,0.042932404265939,0.139610639007767,26368.8956367298,,381397.743295701,2.13675960947845,0.213675960947845,39.5420490367039,213875.364326205,5408.8083328125,208466.555993392,5,75,75090000 = 2.694|75A00919 = 1.247,ALOMA AVE|N RANGER BLVD,20250,75090000,75A00919,Y,-81.31134661,28.60345694,10,0.46021834630829,On-System / Off-System,75090000,269,LPI-02431,1,2.694,2.684,2.7039999999999997,ALOMA AVE,Off Corridor,,0,0,0,0,,,Unmatched,,0
86996,178437,79030000,URBAN GENERAL,DAYTONA BEACH-PORT ORANGE,URBAN PRIN ART OTHER,DIVIDED,US    1,SR    5,5,VOLUSIA,26500,4,35,1,LPI,Implement a Leading Pedestrian Interval (LPI),,LPI-02647,Potential Location,0.870000005,1,5408.8083328125,0.0127270391894852,0.00618170474917854,0.0263218310509808,0.0508750995132929,0.184975944583541,33273.6245865901,,424985.595807792,2.69627283815942,0.269627283815942,49.8961850036354,269878.901223217,5408.8083328125,264470.092890405,5,79,79030000 = .543|79A01567 = .142,MULLALLY ST|N RIDGEWOOD AVE,13500,79030000,79A01567,Y,-81.02662654,29.21797916,10,0.475515768225879,On-System / Off-System,79030000,270,LPI-02647,1,0.543,0.533,0.553,MULLALLY ST,On Corridor,450782-1,2,106,0.02,100,0,0.6,Verified Match,450782-1,2
35632,82011,17020000,URBAN GENERAL,215,URBAN PRIN ART OTHER,DIVIDED,US   41,SR   45,1,SARASOTA,19700,4,35,1,LPI,Implement a Leading Pedestrian Interval (LPI),,LPI-01197,Potential Location,0.870000005,1,5408.8083328125,0.012837219639636,0.00623522096782318,0.0265497042547016,0.0513155351309084,0.186577317262436,33561.6808171489,,421337.990986176,2.71961499579833,0.271961499579833,50.3281459682128,272215.295287873,5408.8083328125,266806.486955061,1,17,17020000 = 18.443|17A02621 = 0,BAYFRONT DR|MAIN ST|MARINA PLZ,16500,17020000,17A02621,Y,-82.54466567,27.33431306,10,0.479632400587644,On-System / Off-System,17020000,271,LPI-01197,1,18.443,18.433,18.453000000000003,BAYFRONT DR,On Corridor,"456052-1, 413659-1",3,106,0.02,100,0.8,0.5,Verified Match,"456052-1, 413659-1",3
93114,219974,87020000,URBAN GENERAL,MIAMI,URBAN PRIN ART OTHER,1WAY,US    1,SR    5,6,MIAMI-DADE,26500,3,45,1,LPI,Implement a Leading Pedestrian Interval (LPI),,LPI-00408,Potential Location,0.870000005,1,5408.8083328125,0.0128498263924805,0.00624134424777626,0.0265757773117211,0.0513659293974742,0.186760544954348,43309.6612473454,,420924.623228966,2.72228578550568,0.272228578550568,64.9459413241455,351280.14861639,5408.8083328125,345871.340283578,6,87,87020000 = 14.77|87A00533 = .064,SW 174TH ST|US-1,14000,87020000,87A00533,Y,-80.34763023,25.60833949,10,0.480103422140613,On-System / Off-System,87020000,272,LPI-00408,1,14.77,14.76,14.78,SW 174TH ST,Off Corridor,,0,0,0,0,,,Unmatched,,0
3477,4655,01010000,URBAN GENERAL,1790,URBAN PRIN ART OTHER,1WAY,US   41,SR   45,1,CHARLOTTE,19000,3,35,1,LPI,Implement a Leading Pedestrian Interval (LPI),,LPI-01102,Potential Location,0.870000005,1,5408.8083328125,0.0129076742295872,0.00626944176865665,0.0266954171566463,0.0515971704917786,0.187601310677751,43504.6343273279,,419038.181209619,2.73454107517791,0.273454107517791,65.2383174325619,352861.554947908,5408.8083328125,347452.746615095,1,1,01010000 = 13.471|01530000 = 4.907,TAMIAMI TRL|TAYLOR RD,10950,1010000,1530000,Y,-82.04732009,26.9313491,10,0.482264769983772,On-System / On-System,1010000,273,LPI-01102,1,13.471,13.461,13.481,TAMIAMI TRL,On Corridor,"441524-1, 413625-1, 412665-1, 454317-1",5,106,0.02,100,1.9,1.3,Verified Match,"441524-1, 413625-1, 412665-1, 454317-1",5
3477,4655,01530000,URBAN GENERAL,1790,URBAN PRIN ART OTHER,1WAY,US   41,SR   45,1,CHARLOTTE,19000,3,35,1,LPI,Implement a Leading Pedestrian Interval (LPI),,LPI-01102,Potential Location,0.870000005,1,5408.8083328125,0.0129076742295872,0.00626944176865665,0.0266954171566463,0.0515971704917786,0.187601310677751,43504.6343273279,,419038.181209619,2.73454107517791,0.273454107517791,65.2383174325619,352861.554947908,5408.8083328125,347452.746615095,1,1,01010000 = 13.471|01530000 = 4.907,TAMIAMI TRL|TAYLOR RD,10950,1010000,1530000,Y,-82.04732009,26.9313491,10,0.482264769983772,On-System / On-System,1010000,273,LPI-01102,2,4.907,4.897,4.917,TAYLOR RD,Off Corridor,,0,0,0,0,48.5,2.9,No Match - Angle Mismatch,,0
22871,39766,11070000,URBAN GENERAL,ORLANDO,URBAN PRIN ART OTHER,DIVIDED,,SR   50,5,LAKE,39500,4,40,1,LPI,Implement a Leading Pedestrian Interval (LPI),,LPI-00300,Potential Location,0.870000005,1,5408.8083328125,0.0129087818813885,0.00626997977096013,0.0266977079819626,0.051601598221966,0.187617409389726,33748.7734418511,,419002.225191422,2.73477573552754,0.273477573552754,50.6087047690933,273732.784067919,5408.8083328125,268323.975735107,5,11,11070000 = 11.871|11A05949 = .077,8TH ST|SR-50,18250,11070000,11A05949,Y,-81.76864995,28.55131901,10,0.482306154777939,On-System / Off-System,11070000,274,LPI-00300,1,11.871,11.861,11.881,8TH ST,On Corridor,454198-1,2,106,0.02,100,0.3,0.7,Verified Match,454198-1,2
58857,116288,55010000,URBAN GENERAL,TALLAHASSEE,URBAN PRIN ART OTHER,DIVIDED,US   27,SR   63,3,LEON,24000,4,35,1,LPI,Implement a Leading Pedestrian Interval (LPI),,LPI-02339,Potential Location,0.870000005,1,5408.8083328125,0.0129379317540521,0.0062841382805396,0.0267579952186078,0.0517181219986655,0.188041076289007,33824.9829910884,,418058.190105886,2.74095124962226,0.274095124962226,50.7229864506062,274350.911779175,5408.8083328125,268942.103446362,3,55,55010000 = 9.679|55A09988 = .143,E 3RD AVE|N MONROE ST,12250,55010000,55A09988,Y,-84.28071999,30.45256955,10,0.483395270941326,On-System / Off-System,55010000,275,LPI-02339,1,9.679,9.669,9.689,E 3RD AVE,Off Corridor,,0,0,0,0,,,Unmatched,,0
74006,159870,75040000,URBAN GENERAL,ORLANDO,URBAN PRIN ART OTHER,1WAY,,SR  527,5,ORANGE,24500,2,40,1,LPI,Implement a Leading Pedestrian Interval (LPI),,LPI-00703,Potential Location,0.870000005,1,5408.8083328125,0.0129736786692998,0.0063015010679456,0.0268319263387791,0.0518610168105256,0.188560625204936,43727.0988056374,,416906.297025193,2.74852437289117,0.274852437289117,65.5719188632561,354665.941146085,5408.8083328125,349257.132813272,5,75,75040000 = 9.084|75A13855 = .508,FAIRLANE AVE|HANSEL AVE,12500,75040000,75A13855,Y,-81.36781001,28.47210043,10,0.484730870023926,On-System / Off-System,75040000,276,LPI-00703,1,9.084,9.074,9.094,FAIRLANE AVE,Off Corridor,,0,0,0,0,,,Unmatched,,0
103174,236869,87240000,URBAN GENERAL,MIAMI,URBAN PRIN ART OTHER,DIVIDED,,SR    9,6,MIAMI-DADE,32000,4,35,1,LPI,Implement a Leading Pedestrian Interval (LPI),,LPI-01595,Potential Location,0.870000005,1,5408.8083328125,0.0149962921434668,0.00632656074802505,0.0250953576338327,0.0453989312936983,0.147631466640488,27883.8257901234,,360676.377938454,2.25951945530391,0.225951945530391,41.8137953865675,226162.804913383,5408.8083328125,220753.996580571,6,87,87240000 = 6.456|87A14620 = .011,NW 27TH AVE|NW 65TH ST,18250,87240000,87A14620,Y,-80.24119689,25.83351,10,0.486658537796486,On-System / Off-System,87240000,277,LPI-01595,1,6.456,6.446000000000001,6.466,NW 27TH AVE,On Corridor,438076-1,4,106,0.02,100,0,0.3,Verified Match,438076-1,4
22728,63144,15025000,URBAN GENERAL,TAMPA-ST PETERSBURG,URBAN MINOR ART,NOT DIVIDED,USA  19,SR  595,7,PINELLAS,13300,4,35,1,LPI,Implement a Leading Pedestrian Interval (LPI),,LPI-01766,Potential Location,0.870000005,1,5408.8083328125,0.0130957339038674,0.0063607850390213,0.0270843587557257,0.0523489207222127,0.190334587080073,31321.6658481797,,413020.635003525,2.77438224987419,0.277438224987419,46.9690829658718,254046.767330369,5408.8083328125,248637.958997556,7,15,15025000 = .874|15A00818 = .429,N MYRTLE AVE|SEMINOLE ST,6750,15025000,15A00818,Y,-82.79596004,27.97358152,10,0.489291175666684,On-System / Off-System,15025000,278,LPI-01766,1,0.874,0.864,0.884,N MYRTLE AVE,Off Corridor,,0,0,0,0,,,Unmatched,,0
118114,265104,93020000,URBAN GENERAL,MIAMI,URBAN MINOR ART,DIVIDED,US    1,SR    5,4,PALM BEACH,24000,4,35,1,LPI,Implement a Leading Pedestrian Interval (LPI),,LPI-00264,Potential Location,0.870000005,1,5408.8083328125,0.0132421196454823,0.00643188668494857,0.0273871110849749,0.0529340834659671,0.192462170756499,34620.2530890699,,408454.875625426,2.80539463956938,0.280539463956938,51.9155509646849,280801.26466034,5408.8083328125,275392.456327527,4,93,93020000 = 11.893|93A32481 = .245,54TH ST|BROADWAY,11750,93020000,93A32481,Y,-80.05552501,26.75952993,10,0.494760533256064,On-System / Off-System,93020000,279,LPI-00264,1,11.893,11.883000000000001,11.903,54TH ST,On Corridor,"447554-1, 453589-1",3,106,0.02,100,0,0.8,Verified Match,"447554-1, 453589-1",3
96462,228820,87080347,URBAN GENERAL,MIAMI,URBAN PRIN ART OTHER,1WAY,,SR  934,6,MIAMI-DADE,19500,3,35,1,LPI,Implement a Leading Pedestrian Interval (LPI),,LPI-02521,Potential Location,0.870000005,1,5408.8083328125,0.013253599990411,0.00643746285248535,0.0274108545256228,0.052979975026604,0.19262902713336,44670.5588355979,,408101.069650946,2.80782679537113,0.280782679537113,66.986704802069,362318.247121082,5408.8083328125,356909.438788269,6,87,87080347 = .656|87A36912 = .187,NORMANDY DR|TROUVILLE ESPLANADE,8750,87080347,87A36912,Y,-80.13756916,25.85249008,10,0.495189469236929,On-System / Off-System,87080347,280,LPI-02521,1,0.656,0.646,0.666,NORMANDY DR,On Corridor,452557-1,3,106,0.02,100,0.7,0.4,Verified Match,452557-1,3
103144,236825,87240000,URBAN GENERAL,MIAMI,URBAN PRIN ART OTHER,DIVIDED,,SR    9,6,MIAMI-DADE,32000,4,35,1,LPI,Implement a Leading Pedestrian Interval (LPI),,LPI-00604,Potential Location,0.870000005,1,5408.8083328125,0.0153393860743086,0.00647130350009894,0.0256695038837258,0.0464375945608952,0.151009065564346,28521.7682432124,,352609.179181657,2.31121406116497,0.231121406116497,42.7704358204392,231337.089663614,5408.8083328125,225928.281330801,6,87,87240000 = 6.172|87A02485 = .501,NW 27TH AVE|NW 60TH ST,18250,87240000,87A02485,Y,-80.2410918,25.82939,10,0.497792596076557,On-System / Off-System,87240000,281,LPI-00604,1,6.172,6.162,6.1819999999999995,NW 27TH AVE,Off Corridor,,0,0,0,0,,,Unmatched,,0
95794,211724,86230000,URBAN GENERAL,MIAMI,URBAN MINOR ART,DIVIDED,,SR  822,4,BROWARD,29000,4,40,0,LPI,Implement a Leading Pedestrian Interval (LPI),,LPI-00096,Potential Location,0.870000005,1,5408.8083328125,0.0173985570840403,0.00649395494279635,0.0234767542991141,0.0361844796290677,0.119064878829405,23071.9763081848,,310876.833445803,1.86959923408788,0.186959923408788,34.5980821920026,187134.395259436,5408.8083328125,181725.586926623,4,86,86230000 = 4.192|86A19381 = 0,E SHERIDAN ST|SE 2ND AVE|SHERIDAN ST,14250,86230000,86A19381,N,,,10,0.499535014812604,On-System / Off-System,86230000,282,LPI-00096,1,4.192,4.182,4.202,E SHERIDAN ST,Off Corridor,,0,0,0,0,,,Unmatched,,0
94076,201887,86020000,URBAN GENERAL,MIAMI,URBAN PRIN ART OTHER,DIVIDED,US    1,SR    5,4,BROWARD,36000,6,35,1,LPI,Implement a Leading Pedestrian Interval (LPI),,LPI-00873,Potential Location,0.870000005,1,5408.8083328125,0.0135278835571217,0.00657068629917339,0.0279781228113198,0.0540763968685981,0.196615489426803,35422.381405967,,399826.647677276,2.86593483761606,0.286593483761606,53.1183998696005,287307.243840362,5408.8083328125,281898.435507549,4,86,86020000 = .88|86A16239 = .145,N FEDERAL HWY|NE 9TH ST,20500,86020000,86A16239,Y,-80.13766969,26.13521,10,0.505437427068623,On-System / Off-System,86020000,283,LPI-00873,1,0.88,0.87,0.89,N FEDERAL HWY,Off Corridor,,0,0,0,0,,,Unmatched,,0
102736,237294,87240000,URBAN GENERAL,MIAMI,URBAN PRIN ART OTHER,DIVIDED,,SR    9,6,MIAMI-DADE,37500,6,35,1,LPI,Implement a Leading Pedestrian Interval (LPI),,LPI-01598,Potential Location,0.870000005,1,5408.8083328125,0.013549176362211,0.0065810285187882,0.0280221602036637,0.0541615127829682,0.19692496099168,35478.1360153183,,399198.312002034,2.87044580133322,0.287044580133322,53.2020079026165,287759.463666029,5408.8083328125,282350.655333216,6,87,87240000 = 4.643|87A15489 = .297,NW 27TH AVE|NW 34TH ST,17250,87240000,87A15489,Y,-80.24015965,25.80723,10,0.506232982454207,On-System / Off-System,87240000,284,LPI-01598,1,4.643,4.633,4.653,NW 27TH AVE,On Corridor,"451124-1, 457511-1",7,106,0.02,100,0,0.3,Verified Match,"451124-1, 457511-1",7
61529,130783,70012000,URBAN GENERAL,PALM BAY-MELBOURNE,URBAN PRIN ART OTHER,DIVIDED,,SR  507,5,BREVARD,31500,4,40,1,LPI,Implement a Leading Pedestrian Interval (LPI),,LPI-00995,Potential Location,0.870000005,1,5408.8083328125,0.0156407938020937,0.0065984598852583,0.0261738908781912,0.0473500593618072,0.153976283359518,29082.2001481762,,345814.183170707,2.35662772864984,0.235662772864984,43.6108436317146,235882.694436201,5408.8083328125,230473.886103388,5,70,70012000 = 4.751|70A10650 = .007,BABCOCK ST S|SOUTHGATE BLVD,15000,70012000,70A10650,Y,-80.62127,28.0674002,10,0.507573856849633,On-System / Off-System,70012000,285,LPI-00995,1,4.751,4.7410000000000005,4.761,BABCOCK ST S,On Corridor,452864-1,1,106,0.02,100,0.2,1.3,Verified Match,452864-1,1
114835,267710,93010000,URBAN GENERAL,MIAMI,URBAN PRIN ART OTHER,DIVIDED,US    1,SR    5,4,PALM BEACH,32000,4,45,1,LPI,Implement a Leading Pedestrian Interval (LPI),,LPI-00280,Potential Location,0.870000005,1,5408.8083328125,0.0135897649608709,0.00660074298099443,0.0281061048054375,0.054323761752676,0.197514879374476,35529.1384583458,,398006.025003827,2.87904465409671,0.287904465409671,53.2784897216115,288173.139165917,5408.8083328125,282764.330833105,4,93,93010000 = 3.957|93A20010 = .402,N FEDERAL HWY|NE 32ND ST,15000,93010000,93A20010,Y,-80.07642487,26.37983,10,0.50774947960532,On-System / Off-System,93010000,286,LPI-00280,1,3.957,3.947,3.9669999999999996,N FEDERAL HWY,On Corridor,"448064-1, 233752-1",4,106,0.02,100,0,0.6,Verified Match,"448064-1, 233752-1",4
66022,146161,72291000,URBAN GENERAL,JACKSONVILLE,URBAN MINOR ART,DIVIDED,,SR  111,2,DUVAL,23500,4,35,1,LPI,Implement a Leading Pedestrian Interval (LPI),,LPI-02513,Potential Location,0.870000005,1,5408.8083328125,0.0136040755644147,0.00660769384557285,0.028135701735494,0.0543809669964525,0.197722870987345,35566.5521602159,,397587.3485267,2.88207641121306,0.288207641121306,53.3345942492479,288476.597802506,5408.8083328125,283067.789469693,2,72,72291000 = 2.118|72A02600 = .899,CASSAT AVE|KINGSBURY ST,10500,72291000,72A02600,Y,-81.73060054,30.30685,10,0.508284161516533,On-System / Off-System,72291000,287,LPI-02513,1,2.118,2.108,2.1279999999999997,CASSAT AVE,On Corridor,445146-1,5,106,0.02,100,0,0.8,Verified Match,445146-1,5
101388,224357,87030000,URBAN GENERAL,MIAMI,URBAN PRIN ART OTHER,DIVIDED,US    1,SR    5,6,MIAMI-DADE,41500,4,35,1,LPI,Implement a Leading Pedestrian Interval (LPI),,LPI-01707,Potential Location,0.870000005,1,5408.8083328125,0.0136727871811981,0.0066410680594391,0.0282778098520234,0.0546556349918544,0.198721531872187,35746.1920990541,,395589.301664134,2.89663323493624,0.289663323493624,53.6039772134929,289933.638624232,5408.8083328125,284524.830291419,6,87,87030000 = 15.211|87A14571 = .213,BISCAYNE BLVD|NE 64TH ST,17000,87030000,87A14571,Y,-80.18411999,25.83497968,10,0.510851408835754,On-System / Off-System,87030000,288,LPI-01707,1,15.211,15.201,15.221,BISCAYNE BLVD,On Corridor,"445996-1, 447214-1",3,106,0.02,100,0,0.3,Verified Match,"445996-1, 447214-1",3
47731,102462,48050000,SUBURBAN COMMERCIAL,PENSACOLA,URBAN MINOR ART,DIVIDED,,SR  292,3,ESCAMBIA,15300,4,40,1,LPI,Implement a Leading Pedestrian Interval (LPI),,LPI-02477,Potential Location,0.870000005,1,5408.8083328125,0.0137183188664606,0.00666318344942374,0.0283719776556345,0.0548376434687868,0.199383293525036,65482.832044689,,394276.32390411,2.90627929985527,0.290627929985527,98.1962002294331,531124.426051482,5408.8083328125,525715.61771867,3,48,48050000 = 22.979|48A01988 = .356,N PACE BLVD|W HERMAN AVE|W HERMAN ST,6800,48050000,48A01988,Y,-87.23972002,30.44894942,10,0.512552592746156,On-System / Off-System,48050000,289,LPI-02477,1,22.979,22.968999999999998,22.989,N PACE BLVD,Off Corridor,,0,0,0,0,,,Unmatched,,0
116506,268383,93010000,URBAN GENERAL,MIAMI,URBAN MINOR ART,1WAY,US    1,SR    5,4,PALM BEACH,14000,2,45,1,LPI,Implement a Leading Pedestrian Interval (LPI),,LPI-01884,Potential Location,0.870000005,1,5408.8083328125,0.0137469676339283,0.00667709856505087,0.0284312285156244,0.0549521641262743,0.199799677315844,46333.4284229752,,393454.649552187,2.91234865286186,0.291234865286186,69.4802969369677,375805.609038958,5408.8083328125,370396.800706145,4,93,93010000 = 8.683|93A18647 = .002,S FEDERAL HWY|SE 10TH ST,7000,93010000,93A18647,Y,-80.06691689,26.44706877,10,0.513622986297105,On-System / Off-System,93010000,290,LPI-01884,1,8.683,8.673,8.693,S FEDERAL HWY,On Corridor,233752-1,3,106,0.02,100,0.5,0.7,Verified Match,233752-1,3
15289,21597,10040000,URBAN GENERAL,TAMPA-ST PETERSBURG,URBAN MINOR ART,DIVIDED,,SR   45,7,HILLSBOROUGH,15800,2,35,1,LPI,Implement a Leading Pedestrian Interval (LPI),,LPI-01145,Potential Location,0.870000005,1,5408.8083328125,0.0137488779634054,0.00667802643936836,0.0284351794243158,0.0549598004822883,0.199827442218131,31379.6745367834,,393399.981235472,2.91275336360444,0.291275336360444,47.0560711522913,254517.269757931,5408.8083328125,249108.461425118,7,10,10040000 = 2.411|10A13134 = .505,E CHELSEA ST|N NEBRASKA AVE,7350,10040000,10A13134,Y,-82.45115036,27.98515,10,0.513694361247349,On-System / Off-System,10040000,291,LPI-01145,1,2.411,2.4010000000000002,2.421,E CHELSEA ST,On Corridor,"403716-1, 438702-1",7,106,0.02,100,0,1.1,Verified Match,"403716-1, 438702-1",7
64792,143065,72160000,URBAN GENERAL,JACKSONVILLE,URBAN MINOR ART,DIVIDED,,SR   13,2,DUVAL,23500,4,40,1,LPI,Implement a Leading Pedestrian Interval (LPI),,LPI-02190,Potential Location,0.870000005,1,5408.8083328125,0.0137819062568317,0.00669406875331828,0.0285034879402657,0.0550918278682183,0.200307478437361,36031.4734676278,,392457.199462617,2.91975053624847,0.291975053624847,54.0317770736315,292247.526072525,5408.8083328125,286838.717739713,2,72,72160000 = 12.366|72A08909 = .328,HENDRICKS AVE|RIVER OAKS RD,12000,72160000,72A08909,Y,-81.64847131,30.29825944,10,0.514928385444805,On-System / Off-System,72160000,292,LPI-02190,1,12.366,12.356,12.376,HENDRICKS AVE,Off Corridor,,0,0,0,0,,,Unmatched,,0
70814,141144,72050000,URBAN GENERAL,JACKSONVILLE,URBAN PRIN ART OTHER,DIVIDED,US    1,SR    5,2,DUVAL,8600,4,35,1,LPI,Implement a Leading Pedestrian Interval (LPI),,LPI-02157,Potential Location,0.870000005,1,5408.8083328125,0.0138410245705134,0.00672278336282078,0.0286257553617436,0.0553281475688833,0.201166709382802,36186.0326346382,,390780.92125747,2.93227498133301,0.293227498133301,54.2635496228194,293501.13936789,5408.8083328125,288092.331035078,2,72,72050000 = 9.367|72A06722 = .34,4TH ST W|E 4TH ST|MAIN ST N,10750,72050000,72A06722,Y,-81.65453956,30.34043496,10,0.517137201645337,On-System / Off-System,72050000,293,LPI-02157,1,9.367,9.357000000000001,9.377,4TH ST W,Off Corridor,,0,0,0,0,,,Unmatched,,0
46751,104437,48020000,URBAN GENERAL,PENSACOLA,URBAN PRIN ART OTHER,DIVIDED,US   90,SR   10A,3,ESCAMBIA,19000,4,35,1,LPI,Implement a Leading Pedestrian Interval (LPI),,LPI-01253,Potential Location,0.870000005,1,5408.8083328125,0.0183335084408926,0.0067390293584103,0.0272993475003428,0.0436906760516066,0.148518161301313,28146.5102112714,,295023.091202131,2.28080565055762,0.228080565055762,42.2077095043716,228293.410876174,5408.8083328125,222884.602543362,3,48,48020000 = 12.485|48A02359 = .256,MOBILE HWY|N KIRK ST,9700,48020000,48A02359,N,,,10,0.518386893661826,On-System / Off-System,48020000,294,LPI-01253,1,12.485,12.475,12.495,MOBILE HWY,On Corridor,"457655-2, 456593-2",4,106,0.02,100,0.3,1.4,Verified Match,"457655-2, 456593-2",4
85588,193076,86010000,URBAN GENERAL,MIAMI,URBAN PRIN ART OTHER,DIVIDED,US    1,SR    5,4,BROWARD,51000,6,45,1,LPI,Implement a Leading Pedestrian Interval (LPI),,LPI-01475,Potential Location,0.870000005,1,5408.8083328125,0.0138892469655431,0.00674620566897809,0.0287254880423733,0.0555209118960282,0.201867578056019,36368.6012950735,,389424.160016079,2.94249108359953,0.294249108359953,54.5373244150197,294981.934745257,5408.8083328125,289573.126412445,4,86,86010000 = .511|86A01397 = .042,S FEDERAL HWY|SE 3RD ST|SEABISCUIT TRL,29750,86010000,86A01397,Y,-80.14226193,25.98197,10,0.518938917572888,On-System / Off-System,86010000,295,LPI-01475,1,0.511,0.501,0.521,S FEDERAL HWY,Off Corridor,,0,0,0,0,,,Unmatched,,0
103775,233956,87240000,URBAN GENERAL,MIAMI,URBAN PRIN ART OTHER,DIVIDED,,SR    9,6,MIAMI-DADE,47500,6,45,1,LPI,Implement a Leading Pedestrian Interval (LPI),,LPI-00152,Potential Location,0.870000005,1,5408.8083328125,0.0180774408863232,0.0067790403323712,0.0379626258612787,0.0594295869137875,0.231391243344937,41698.2869903874,,299202.103153031,3.37370240541007,0.337370240541007,62.529570128214,338210.459956667,5408.8083328125,332801.651623855,6,87,87240000 = 9.478|87A05948 = .01,NW 113TH ST|NW 27TH AVE,21500,87240000,87A05948,Y,-80.24279313,25.87725965,10,0.521464661007964,On-System / Off-System,87240000,296,LPI-00152,1,9.478,9.468,9.488,NW 113TH ST,On Corridor,438076-1,4,106,0.02,100,0,0.3,Verified Match,438076-1,4
65930,138362,72080101,URBAN GENERAL,JACKSONVILLE,URBAN PRIN ART OTHER,1WAY,US   17,SR  139,2,DUVAL,28500,4,35,1,LPI,Implement a Leading Pedestrian Interval (LPI),,LPI-01834,Potential Location,0.870000005,1,5408.8083328125,0.0139597511924608,0.00678045057919523,0.0288713036025893,0.0558027456758367,0.202892292899515,47050.6041697573,,387457.359249614,2.95742767876382,0.295742767876382,70.5557533738953,381622.546776589,5408.8083328125,376213.738443776,2,72,72080101 = .64|72A02177 = .212,N CLAY ST|UNION ST W,13750,72080101,72A02177,Y,-81.66241936,30.33357986,10,0.521573141537061,On-System / Off-System,72080101,297,LPI-01834,1,0.64,0.63,0.65,N CLAY ST,On Corridor,"209509-2, 441298-4, 441298-3",7,105,0.02,100,0,280.6,Verified Match,"209509-2, 441298-4, 441298-3",7
96023,204862,86200000,URBAN GENERAL,MIAMI,URBAN PRIN ART OTHER,DIVIDED,,SR  858,4,BROWARD,57390,6,40,1,LPI,Implement a Leading Pedestrian Interval (LPI),,LPI-01564,Potential Location,0.870000005,1,5408.8083328125,0.0139617707832389,0.00678143152328747,0.0288754804835168,0.0558108187932589,0.202921645815484,36558.502865455,,387401.312969969,2.95785553693871,0.295785553693871,54.8220954312816,296522.206590958,5408.8083328125,291113.398258145,4,86,86200000 = 3.261|86A21529 = .309,NW 6TH AVE|SW 6TH AVE|W HALLANDALE BEACH BLVD,28288,86200000,86A21529,Y,-80.15422502,25.98539028,10,0.521648598777828,On-System / Off-System,86200000,298,LPI-01564,1,3.261,3.2510000000000003,3.271,NW 6TH AVE,On Corridor,"446996-1, 444120-1, 449565-1",6,106,0.02,100,0,0.4,Verified Match,"446996-1, 444120-1, 449565-1",6
64781,138646,72100000,URBAN GENERAL,JACKSONVILLE,URBAN PRIN ART OTHER,DIVIDED,USA  90,SR   10,2,DUVAL,35000,4,40,1,LPI,Implement a Leading Pedestrian Interval (LPI),,LPI-01840,Potential Location,0.870000005,1,5408.8083328125,0.0161855066205448,0.00682826060554236,0.027085433735318,0.0489990923082901,0.159338725723036,30095.0289988035,,334176.029185698,2.43870063034241,0.243870063034241,45.1296530892296,244097.643685962,5408.8083328125,238688.83535315,2,72,72100000 = 4.695,ATLANTIC BLVD|SCHOLARS WAY,15750,72100000,72A01193,Y,-81.57522933,30.31361599,10,0.525250836012906,On-System / Off-System,72100000,299,LPI-01840,1,4.695,4.6850000000000005,4.705,ATLANTIC BLVD,On Corridor,"208819-3, 447211-2",3,106,0.02,100,0,0.8,Verified Match,"208819-3, 447211-2",3
28350,80853,17008000,URBAN GENERAL,215,URBAN MINOR ART,DIVIDED,,SR  758,1,SARASOTA,38500,6,45,1,LPI,Implement a Leading Pedestrian Interval (LPI),,LPI-02448,Potential Location,0.870000005,1,5408.8083328125,0.0162421476994465,0.00685215606070398,0.0271802190407925,0.0491705643244962,0.159896330594316,30247.3332731058,,333010.660468063,2.44723484790254,0.244723484790254,45.358044265179,245332.967781579,5408.8083328125,239924.159448766,1,17,17008000 = 1.385|17A05551 = .508,BEE RIDGE RD|MURDOCK AVE,16750,17008000,17A05551,Y,-82.50793065,27.29879643,10,0.527088948019112,On-System / Off-System,17008000,300,LPI-02448,1,1.385,1.375,1.395,BEE RIDGE RD,On Corridor,"456052-1, 457243-1",2,106,0.02,100,0,0,Verified Match,"456052-1, 457243-1",2
45450,98024,46020000,URBAN GENERAL,PANAMA CITY,URBAN MINOR ART,DIVIDED,USB  98,SR   30,3,BAY,13800,2,35,0,LPI,Implement a Leading Pedestrian Interval (LPI),,LPI-00283,Potential Location,0.870000005,1,5408.8083328125,0.0189648206240854,0.00697108703305421,0.0282393972854531,0.0451951592863477,0.153632366525981,25417.6947129626,,285202.187778317,2.35934492193245,0.235934492193245,38.1156550727881,206160.272768303,5408.8083328125,200751.464435491,3,46,46020000 = 6.449|46A00763 = .344,E 6TH ST|MAGNOLIA AVE,6500,46020000,46A00763,N,,,10,0.536237484705612,On-System / Off-System,46020000,301,LPI-00283,1,6.449,6.439,6.459,E 6TH ST,On Corridor,454640-1,2,105,0.02,100,0,1.1,Verified Match,454640-1,2
49016,98601,46140005,URBAN GENERAL,PANAMA CITY,URBAN MAJOR COLLECTOR,NOT DIVIDED,,SR  390,3,BAY,3400,2,35,1,LPI,Implement a Leading Pedestrian Interval (LPI),,LPI-00285,Potential Location,0.870000005,1,5408.8083328125,0.0143944876276815,0.00699160827630246,0.0297704175936141,0.0575405622311737,0.209210791770508,38002.6115987574,,375755.530360873,3.04952828634366,0.304952828634366,56.9876399854887,308235.22202083,5408.8083328125,302826.413688018,3,46,46140005 = .336|46560011 = 1.457,BECK AVE|W 19TH ST,8150,46140005,46560011,Y,-85.70134968,30.18267,10,0.537816041939268,On-System / On-System,46140005,302,LPI-00285,1,0.336,0.326,0.34600000000000003,BECK AVE,On Corridor,450818-1,1,106,0.02,100,0,1,Verified Match,450818-1,1
49016,98601,46560011,URBAN GENERAL,PANAMA CITY,URBAN MAJOR COLLECTOR,NOT DIVIDED,,SR  390,3,BAY,3400,2,35,1,LPI,Implement a Leading Pedestrian Interval (LPI),,LPI-00285,Potential Location,0.870000005,1,5408.8083328125,0.0143944876276815,0.00699160827630246,0.0297704175936141,0.0575405622311737,0.209210791770508,38002.6115987574,,375755.530360873,3.04952828634366,0.304952828634366,56.9876399854887,308235.22202083,5408.8083328125,302826.413688018,3,46,46140005 = .336|46560011 = 1.457,BECK AVE|W 19TH ST,8150,46140005,46560011,Y,-85.70134968,30.18267,10,0.537816041939268,On-System / On-System,46140005,302,LPI-00285,2,1.457,1.447,1.467,W 19TH ST,Off Corridor,,0,0,0,0,88.9,3.7,No Match - Angle Mismatch,,0
58837,116261,53010000,URBAN GENERAL,MARIANNA,URBAN MINOR ART,NOT DIVIDED,US   90,SR   10,3,JACKSON,14346,4,35,1,LPI,Implement a Leading Pedestrian Interval (LPI),,LPI-02338,Potential Location,0.870000005,1,5408.8083328125,0.0144183578615678,0.00700320238990434,0.0298197855773333,0.0576359811661111,0.209557723919831,58121.4270334337,,375133.450337623,3.05458528839337,0.305458528839337,87.1572457755105,471416.837215568,5408.8083328125,466008.028882756,3,53,53010000 = 13.766|53A00277 = 1.468,LAFAYETTE ST|WYNN ST,7476,53010000,53A00277,Y,-85.23177974,30.7753606,10,0.538707896866022,On-System / Off-System,53010000,303,LPI-02338,1,13.766,13.756,13.776,LAFAYETTE ST,Off Corridor,,0,0,0,0,,,Unmatched,,0
111459,271708,93290000,URBAN GENERAL,BELLE GLADE,URBAN MINOR ART,DIVIDED,,SR  715,4,PALM BEACH,11500,2,40,1,LPI,Implement a Leading Pedestrian Interval (LPI),,LPI-01919,Potential Location,0.870000005,1,5408.8083328125,0.0166716732210515,0.00703336214013109,0.0278990031558533,0.0504708857277926,0.164124808014429,27061.7641262491,,324431.043069075,2.51195226360312,0.251195226360312,40.5810549991075,219495.148433495,5408.8083328125,214086.340100682,4,93,93290000 = .266,SW 16TH ST|SW AVENUE M,10550,93290000,93A22323,Y,-80.68683897,26.66763,10,0.541027877741925,On-System / Off-System,93290000,304,LPI-01919,1,0.266,0.256,0.276,SW 16TH ST,On Corridor,441757-2,2,106,0.02,100,0,0.8,Verified Match,441757-2,2
28778,75181,16030000,URBAN GENERAL,WINTER HAVEN,URBAN PRIN ART OTHER,DIVIDED,US   17,SR  555,1,POLK,34000,4,40,1,LPI,Implement a Leading Pedestrian Interval (LPI),,LPI-00911,Potential Location,0.870000005,1,5408.8083328125,0.0145403935163955,0.00706247685082068,0.030072177499818,0.0581238068096953,0.211331401221248,38014.46573729,,371985.003481069,3.08043901733222,0.308043901733222,57.0054161158811,308331.369703022,5408.8083328125,302922.561370209,1,16,16030000 = 28.03|16A01481 = 1.024,3RD ST SW|AVENUE O SW,13750,16030000,16A01481,Y,-81.73083956,28.00763,10,0.543267470958031,On-System / Off-System,16030000,305,LPI-00911,1,28.03,28.02,28.040000000000003,3RD ST SW,On Corridor,413656-1,1,106,0.02,100,0,2.1,Verified Match,413656-1,1
69847,141424,72100000,URBAN GENERAL,JACKSONVILLE,URBAN PRIN ART OTHER,DIVIDED,USA  90,SR   10,2,DUVAL,30000,6,40,1,LPI,Implement a Leading Pedestrian Interval (LPI),,LPI-01298,Potential Location,0.870000005,1,5408.8083328125,0.0146553022723556,0.00711828967514413,0.0303098296996445,0.0585831433692343,0.213001495526622,38374.4955017611,,369068.357123905,3.10478288497881,0.310478288497881,57.5453065533691,311251.533600112,5408.8083328125,305842.7252673,2,72,72100000 = 1.277|72A02669 = .172,ATLANTIC BLVD|LINDEN AVE,13500,72100000,72A02669,Y,-81.63055493,30.30585972,10,0.547560765301886,On-System / Off-System,72100000,306,LPI-01298,1,1.277,1.267,1.287,ATLANTIC BLVD,On Corridor,437387-1,2,106,0.02,100,0,0.9,Verified Match,437387-1,2
84645,197626,86010000,URBAN GENERAL,MIAMI,URBAN PRIN ART OTHER,DIVIDED,US    1,SR    5,4,BROWARD,30000,4,35,1,LPI,Implement a Leading Pedestrian Interval (LPI),,LPI-00719,Potential Location,0.870000005,1,5408.8083328125,0.0168972561150647,0.00712852992354294,0.0282765020300537,0.0511538026920905,0.166345565864008,31418.4427281131,,320099.801765464,2.54594126121202,0.254594126121202,47.1142068339573,254831.71451736,5408.8083328125,249422.906184547,4,86,86010000 = 3.932|86A20273 = 0,N FEDERAL HWY|SHENANDOAH ST,15250,86010000,86A20273,Y,-80.1432317,26.03044,10,0.548348476747475,On-System / Off-System,86010000,307,LPI-00719,1,3.932,3.922,3.9419999999999997,N FEDERAL HWY,On Corridor,"457344-1, 457345-1",2,106,0.02,100,0,0.4,Verified Match,"457344-1, 457345-1",2
95075,202504,86020000,URBAN GENERAL,MIAMI,URBAN PRIN ART OTHER,DIVIDED,US    1,SR    5,4,BROWARD,47500,6,45,1,LPI,Implement a Leading Pedestrian Interval (LPI),,LPI-00054,Potential Location,0.870000005,1,5408.8083328125,0.0147625667682876,0.00717038957316827,0.0305316721798675,0.0590119227438821,0.214560487461816,38655.3645578983,,366386.71429629,3.12750728635563,0.312750728635563,57.9664898347501,313529.633242088,5408.8083328125,308120.824909275,4,86,86020000 = 5.061|86A03348 = .651,N FEDERAL HWY|NE 43RD ST,23250,86020000,86A03348,Y,-80.11962479,26.18069,10,0.551568449919422,On-System / Off-System,86020000,308,LPI-00054,1,5.061,5.051,5.071,N FEDERAL HWY,On Corridor,"444120-1, 457344-1, 457345-1",5,106,0.02,100,1.2,0.5,Verified Match,"444120-1, 457344-1, 457345-1",5
65818,143929,72291000,URBAN GENERAL,JACKSONVILLE,URBAN MINOR ART,DIVIDED,,SR  111,2,DUVAL,26500,4,40,1,LPI,Implement a Leading Pedestrian Interval (LPI),,LPI-01486,Potential Location,0.870000005,1,5408.8083328125,0.0148297043007123,0.00720299923177455,0.0306705248037459,0.0592802984903798,0.215536270461489,38770.8410640951,,364727.996130894,3.14173063417461,0.314173063417461,58.1396551327409,314466.251148814,5408.8083328125,309057.442816001,2,72,72291000 = 4.431|72A06751 = .748,1ST ST W|EDGEWOOD AVE N,11250,72291000,72A06751,Y,-81.73109534,30.34026,10,0.554076885293307,On-System / Off-System,72291000,309,LPI-01486,1,4.431,4.421,4.441,1ST ST W,On Corridor,445429-1,1,106,0.02,100,0,0.8,Verified Match,445429-1,1
110598,266459,93010101,URBAN GENERAL,MIAMI,URBAN MINOR ART,1WAY,US    1,SR    5,4,PALM BEACH,12500,2,35,1,LPI,Implement a Leading Pedestrian Interval (LPI),,LPI-01809,Potential Location,0.870000005,1,5408.8083328125,0.0149047784129369,0.00723946380056934,0.0308257917176649,0.059580399941584,0.21662740443348,50235.7685088095,,362890.891965078,3.15763537734592,0.315763537734592,75.3321356016488,407457.082770759,5408.8083328125,402048.274437947,4,93,93010101 = .799|93A32151 = 1.249,NE 2ND ST|NE 5TH AVE,6000,93010101,93A32151,Y,-80.06810025,26.4653,10,0.556881852231559,On-System / Off-System,93010101,310,LPI-01809,1,0.799,0.789,0.809,NE 2ND ST,Off Corridor,,0,0,0,0,,,Unmatched,,0
115484,267180,93010000,URBAN GENERAL,MIAMI,URBAN MINOR ART,DIVIDED,US    1,SR    5,4,PALM BEACH,26522,4,45,1,LPI,Implement a Leading Pedestrian Interval (LPI),,LPI-00273,Potential Location,0.870000005,1,5408.8083328125,0.0149777874676539,0.0072749253414319,0.0309767877171933,0.0598722465265438,0.217688524671924,39157.9903162542,,361121.984438181,3.17310263003859,0.317310263003859,58.7202131858462,317606.378384131,5408.8083328125,312197.570051319,4,93,93010000 = 5.477|93A00224 = .2,JEFFERY ST|N FEDERAL HWY,13513,93010000,93A00224,Y,-80.07624784,26.40186892,10,0.559609663172056,On-System / Off-System,93010000,311,LPI-00273,1,5.477,5.4670000000000005,5.487,JEFFERY ST,On Corridor,"448064-1, 449830-1, 449553-1, 233752-1",8,106,0.02,100,0.4,0.7,Verified Match,"448064-1, 449830-1, 449553-1, 233752-1",8
78615,200548,86016000,URBAN GENERAL,MIAMI,URBAN MINOR ART,DIVIDED,,SR  848,4,BROWARD,40000,6,45,1,LPI,Implement a Leading Pedestrian Interval (LPI),,LPI-00043,Potential Location,0.870000005,1,5408.8083328125,0.0172959426907865,0.00729672582267554,0.028943679096613,0.0523607640053106,0.170270448317656,32209.7885403779,,312721.221936852,2.60601211511334,0.260601211511334,48.3008866003249,261250.237926069,5408.8083328125,255841.429593256,4,86,86016000 = 3.961|86A19524 = .009,STIRLING RD|SW 33RD AVE,19500,86016000,86A19524,Y,-80.18799,26.04730677,10,0.561286623332219,On-System / Off-System,86016000,312,LPI-00043,1,3.961,3.951,3.9709999999999996,STIRLING RD,On Corridor,446370-1,1,105,0.02,100,0,0.3,Verified Match,446370-1,1
102208,224952,87047000,URBAN GENERAL,MIAMI,URBAN PRIN ART OTHER,DIVIDED,,SR  973,6,MIAMI-DADE,27000,4,40,1,LPI,Implement a Leading Pedestrian Interval (LPI),,LPI-01661,Potential Location,0.870000005,1,5408.8083328125,0.0197404540050149,0.00736806036498869,0.0266367944301435,0.0410550169397804,0.135091361472761,26177.5321319204,,273996.146767366,2.12125278608175,0.212125278608175,39.2550857449813,212323.234882724,5408.8083328125,206914.426549911,6,87,87047000 = 6.785|87A18451 = .643,SW 28TH ST|SW 87TH AVE,14250,87047000,87A18451,N,,,10,0.566773896028895,On-System / Off-System,87047000,313,LPI-01661,1,6.785,6.775,6.795,SW 28TH ST,Off Corridor,,0,0,0,0,,,Unmatched,,0
101198,228810,87220000,URBAN GENERAL,MIAMI,URBAN PRIN ART OTHER,DIVIDED,,SR  948,6,MIAMI-DADE,45500,6,40,1,LPI,Implement a Leading Pedestrian Interval (LPI),,LPI-00184,Potential Location,0.870000005,1,5408.8083328125,0.0174675031553879,0.00736910289367928,0.0292307748115945,0.0528801365055689,0.17195938067269,32529.2811743148,,309649.769901094,2.63186145199071,0.263186145199071,48.7799887050184,263841.609382203,5408.8083328125,258432.801049391,6,87,87220000 = 2.747|87A07819 = .01,NW 36TH ST|SOUTH DR,26000,87220000,87A07819,Y,-80.27981,25.80797223,10,0.56685409054664,On-System / Off-System,87220000,314,LPI-00184,1,2.747,2.737,2.7569999999999997,NW 36TH ST,Off Corridor,,0,0,0,0,,,Unmatched,,0
59944,135586,70060000,URBAN GENERAL,PALM BAY-MELBOURNE,URBAN PRIN ART OTHER,DIVIDED,,SR  A1A,5,BREVARD,33000,4,35,1,LPI,Implement a Leading Pedestrian Interval (LPI),,LPI-01725,Potential Location,0.870000005,1,5408.8083328125,0.0175190711086198,0.00739085812394899,0.029317070558331,0.0530362504264858,0.17246704299978,32574.6339244502,,308738.30577417,2.63963129219408,0.263963129219408,48.8479984045716,264209.460811859,5408.8083328125,258800.652479046,5,70,70060000 = 34.491|70A03339 = .272,HOLIDAY LN|N ATLANTIC AVE,13750,70060000,70A03339,Y,-80.61054912,28.33396717,10,0.568527569862521,On-System / Off-System,70060000,315,LPI-01725,1,34.491,34.481,34.501,HOLIDAY LN,Off Corridor,,0,0,0,0,,,Unmatched,,0
110092,232598,87220000,URBAN GENERAL,MIAMI,URBAN PRIN ART OTHER,DIVIDED,,SR  948,6,MIAMI-DADE,45500,6,40,1,LPI,Implement a Leading Pedestrian Interval (LPI),,LPI-01532,Potential Location,0.870000005,1,5408.8083328125,0.0175515074297534,0.00740454219692723,0.029371350714478,0.0531344463205426,0.172786363376815,32685.7201705681,,308167.737412882,2.64451853351738,0.264451853351738,49.0145801928956,265110.46977664,5408.8083328125,259701.661443828,6,87,87220000 = 3.381|87A15346 = .009,LEE DR|NW 36TH ST,26000,87220000,87A15346,Y,-80.26964,25.80828761,10,0.569580190901332,On-System / Off-System,87220000,316,LPI-01532,1,3.381,3.371,3.3909999999999996,LEE DR,On Corridor,438521-2,2,105,0.02,100,0,0.2,Verified Match,438521-2,2
102580,230552,87120000,URBAN GENERAL,MIAMI,URBAN PRIN ART OTHER,DIVIDED,US   41,SR   90,6,MIAMI-DADE,53000,8,45,1,LPI,Implement a Leading Pedestrian Interval (LPI),,LPI-00189,Potential Location,0.870000005,1,5408.8083328125,0.019858846971721,0.00741225015541897,0.0267965480566469,0.0413012435591091,0.135901569133489,26375.5036613957,,272362.657334268,2.13397495601836,0.213397495601836,39.5519582433304,213928.961325578,5408.8083328125,208520.152992765,6,87,87120000 = 8.799|87A17326 = .229,SW 89TH AVE|SW 8TH ST,25750,87120000,87A17326,N,,,10,0.570173110808117,On-System / Off-System,87120000,317,LPI-00189,1,8.799,8.789,8.809,SW 89TH AVE,On Corridor,452564-3,1,105,0.02,100,0,0.2,Verified Match,452564-3,1
38055,99033,46060000,URBAN GENERAL,PANAMA CITY,URBAN PRIN ART OTHER,DIVIDED,,SR   77,3,BAY,31500,4,35,0,LPI,Implement a Leading Pedestrian Interval (LPI),,LPI-00572,Potential Location,0.870000005,1,5408.8083328125,0.0201761747319756,0.00741635646540656,0.0300431533337774,0.048081943345288,0.163445441059351,30975.4627680144,,268078.979522343,2.51004511677021,0.251004511677021,46.4499266325484,251238.750228657,5408.8083328125,245829.941895844,3,46,46060000 = 6.052|46530000 = .409,E 9TH ST|OHIO AVE|W 9TH ST,18000,46060000,46530000,N,,,10,0.570488980819311,On-System / On-System,46060000,318,LPI-00572,1,6.052,6.042,6.061999999999999,E 9TH ST,Off Corridor,,0,0,0,0,,,Unmatched,,0
38055,99033,46530000,URBAN GENERAL,PANAMA CITY,URBAN PRIN ART OTHER,DIVIDED,,SR   77,3,BAY,31500,4,35,0,LPI,Implement a Leading Pedestrian Interval (LPI),,LPI-00572,Potential Location,0.870000005,1,5408.8083328125,0.0201761747319756,0.00741635646540656,0.0300431533337774,0.048081943345288,0.163445441059351,30975.4627680144,,268078.979522343,2.51004511677021,0.251004511677021,46.4499266325484,251238.750228657,5408.8083328125,245829.941895844,3,46,46060000 = 6.052|46530000 = .409,E 9TH ST|OHIO AVE|W 9TH ST,18000,46060000,46530000,N,,,10,0.570488980819311,On-System / On-System,46060000,318,LPI-00572,2,0.409,0.39899999999999997,0.419,OHIO AVE,Off Corridor,,0,0,0,0,,,Unmatched,,0
1246,843,01010000,URBAN GENERAL,1790,URBAN PRIN ART OTHER,DIVIDED,US   41,SR   45,1,CHARLOTTE,35000,4,40,1,LPI,Implement a Leading Pedestrian Interval (LPI),,LPI-01958,Potential Location,0.870000005,1,5408.8083328125,0.0153610212077743,0.00746106744377611,0.0317693847706242,0.0614041860747135,0.223258478690266,40159.918212274,,352112.549006511,3.25429219100157,0.325429219100157,60.2226758805853,325732.911127176,5408.8083328125,320324.102794364,1,1,01010000 = 13.175|01A00877 = .558,E MCKENZIE ST|TAMIAMI TRL|W MCKENZIE ST,16250,1010000,01A00877,Y,-82.04733509,26.92706,10,0.573928286980019,On-System / Off-System,1010000,319,LPI-01958,1,13.175,13.165000000000001,13.185,E MCKENZIE ST,On Corridor,"451101-1, 413625-1, 412665-1, 454317-1",5,106,0.02,100,0,1.3,Verified Match,"451101-1, 413625-1, 412665-1, 454317-1",5
66218,168690,77010000,URBAN GENERAL,ORLANDO,URBAN PRIN ART OTHER,DIVIDED,US   17,SR   15,5,SEMINOLE,27500,4,35,1,LPI,Implement a Leading Pedestrian Interval (LPI),,LPI-01722,Potential Location,0.870000005,1,5408.8083328125,0.0177782514304198,0.00750019982220834,0.0297507926280931,0.0538208783538099,0.175018551777125,33056.5489786622,,304237.362936474,2.67868247724278,0.267868247724278,49.5706645703337,268118.223591074,5408.8083328125,262709.415258262,5,77,77010000 = 12.428|77A01996 = 0,S FRENCH AVE|W 15TH ST,12500,77010000,77A01996,Y,-81.27308346,28.79861032,10,0.576938470052121,On-System / Off-System,77010000,320,LPI-01722,1,12.428,12.418000000000001,12.438,S FRENCH AVE,Off Corridor,,0,0,0,0,,,Unmatched,,0
4112,23975,10030000,URBAN GENERAL,TAMPA-ST PETERSBURG,URBAN PRIN ART OTHER,DIVIDED,US   41,SR  600,7,HILLSBOROUGH,46000,6,40,1,LPI,Implement a Leading Pedestrian Interval (LPI),,LPI-02384,Potential Location,0.870000005,1,5408.8083328125,0.0178248041292416,0.00751983924202382,0.0298286956600278,0.0539618093756339,0.175476841275448,33194.6735740728,,303442.792055108,2.68569665966058,0.268569665966058,49.7777923014357,269238.537789015,5408.8083328125,263829.729456203,7,10,10030000 = 1.205,E HILLSBOROUGH AVE,22500,10030000,10A09787,Y,-82.43143036,27.99609,10,0.578449194711416,On-System / Off-System,10030000,321,LPI-02384,1,1.205,1.195,1.215,E HILLSBOROUGH AVE,On Corridor,"445362-2, 438702-1",6,105,0.02,100,0,0.7,Verified Match,"445362-2, 438702-1",6
98769,223790,87038000,URBAN GENERAL,MIAMI,URBAN MINOR ART,DIVIDED,,SR  932,6,MIAMI-DADE,28500,4,40,1,LPI,Implement a Leading Pedestrian Interval (LPI),,LPI-01274,Potential Location,0.870000005,1,5408.8083328125,0.015783885099877,0.00766645847708311,0.0326439441838365,0.0630945432953524,0.229404420940258,41265.4553436967,,342679.150195705,3.34387755406517,0.334387755406517,61.8805080501556,334699.807580353,5408.8083328125,329290.99924754,6,87,87038000 = 8.688|87502501 = 1.006,NW 103RD ST|NW 2ND AVE,14800,87038000,87502501,Y,-80.20185009,25.86943367,10,0.58972759784207,On-System / On-System,87038000,322,LPI-01274,1,8.688,8.678,8.698,NW 103RD ST,Off Corridor,,0,0,0,0,,,Unmatched,,0
98769,223790,87502501,URBAN GENERAL,MIAMI,URBAN MINOR ART,DIVIDED,,SR  932,6,MIAMI-DADE,28500,4,40,1,LPI,Implement a Leading Pedestrian Interval (LPI),,LPI-01274,Potential Location,0.870000005,1,5408.8083328125,0.015783885099877,0.00766645847708311,0.0326439441838365,0.0630945432953524,0.229404420940258,41265.4553436967,,342679.150195705,3.34387755406517,0.334387755406517,61.8805080501556,334699.807580353,5408.8083328125,329290.99924754,6,87,87038000 = 8.688|87502501 = 1.006,NW 103RD ST|NW 2ND AVE,14800,87038000,87502501,Y,-80.20185009,25.86943367,10,0.58972759784207,On-System / On-System,87038000,322,LPI-01274,2,1.006,0.996,1.016,NW 2ND AVE,Off Corridor,,0,0,0,0,,,Unmatched,,0
106183,227472,87030000,URBAN GENERAL,MIAMI,URBAN PRIN ART OTHER,DIVIDED,US    1,SR    5,6,MIAMI-DADE,35000,4,35,1,LPI,Implement a Leading Pedestrian Interval (LPI),,LPI-01544,Potential Location,0.870000005,1,5408.8083328125,0.0184250398988174,0.00777306370731357,0.0308331527056772,0.0557789293811854,0.181385881066404,34259.1753881321,,293557.482779708,2.77613530850462,0.277613530850462,51.3740890713528,277872.601059784,5408.8083328125,272463.792726972,6,87,87030000 = 14.283|87A14847 = .008,BISCAYNE BLVD|NE 50TH TER,18000,87030000,87A14847,Y,-80.18720532,25.82217,10,0.59792800048289,On-System / Off-System,87030000,323,LPI-01544,1,14.283,14.273,14.293,BISCAYNE BLVD,On Corridor,"447830-1, 447214-1",3,106,0.02,100,0.7,0.3,Verified Match,"447830-1, 447214-1",3
64776,138583,72100000,URBAN GENERAL,JACKSONVILLE,URBAN PRIN ART OTHER,DIVIDED,USA  90,SR  A1A,2,DUVAL,33000,4,35,1,LPI,Implement a Leading Pedestrian Interval (LPI),,LPI-01369,Potential Location,0.870000005,1,5408.8083328125,0.0160336163097071,0.00778775649328631,0.0331604337314397,0.0640928194821798,0.233034037046766,41918.3536651152,,337341.759234808,3.39678408384642,0.339678408384642,62.8595758805713,339995.397819894,5408.8083328125,334586.589487081,2,72,72100000 = 17.411|72A09040 = .469,3RD ST N|9TH AVE N,17500,72100000,72A09040,Y,-81.39365535,30.29744995,10,0.599058214831955,On-System / Off-System,72100000,324,LPI-01369,1,17.411,17.401,17.421000000000003,3RD ST N,On Corridor,"436077-2, 430911-2",3,106,0.02,100,0,0.7,Verified Match,"436077-2, 430911-2",3
46453,102823,48012000,URBAN GENERAL,PENSACOLA,URBAN PRIN ART OTHER,DIVIDED,US   90,SR   10A,3,ESCAMBIA,14500,4,35,1,LPI,Implement a Leading Pedestrian Interval (LPI),,LPI-01325,Potential Location,0.870000005,1,5408.8083328125,0.0160821621842218,0.00781133591805057,0.0332608354264586,0.0642868768870579,0.233739607200223,42458.2089313062,,336323.453951925,3.40706871650212,0.340706871650212,63.669127547146,344374.107619905,5408.8083328125,338965.299287093,3,48,48012000 = 9.599|48020000 = 17.034|48A05321 = .27,E CERVANTES ST|PERRY AVE,11050,48020000,48012000,Y,-87.18358236,30.42536016,10,0.60087201680666,On-System / On-System,48020000,325,LPI-01325,1,9.599,9.589,9.609,E CERVANTES ST,Off Corridor,,0,0,0,0,89.8,33.4,No Match - Angle Mismatch,,0
46453,102823,48020000,URBAN GENERAL,PENSACOLA,URBAN PRIN ART OTHER,DIVIDED,US   90,SR   10A,3,ESCAMBIA,14500,4,35,1,LPI,Implement a Leading Pedestrian Interval (LPI),,LPI-01325,Potential Location,0.870000005,1,5408.8083328125,0.0160821621842218,0.00781133591805057,0.0332608354264586,0.0642868768870579,0.233739607200223,42458.2089313062,,336323.453951925,3.40706871650212,0.340706871650212,63.669127547146,344374.107619905,5408.8083328125,338965.299287093,3,48,48012000 = 9.599|48020000 = 17.034|48A05321 = .27,E CERVANTES ST|PERRY AVE,11050,48020000,48012000,Y,-87.18358236,30.42536016,10,0.60087201680666,On-System / On-System,48020000,325,LPI-01325,2,17.034,17.023999999999997,17.044,PERRY AVE,On Corridor,"453016-1, 456593-2",3,106,0.02,100,0,1.6,Verified Match,"453016-1, 456593-2",3
102122,229747,87085000,URBAN GENERAL,MIAMI,URBAN MINOR ART,DIVIDED,,SR  933,6,MIAMI-DADE,22500,4,35,1,LPI,Implement a Leading Pedestrian Interval (LPI),,LPI-02568,Potential Location,0.870000005,1,5408.8083328125,0.0161895845078345,0.00786351247523392,0.0334830043230214,0.0647162871624867,0.235300893017277,42326.1175758468,,334091.855797475,3.42982655428803,0.342982655428803,63.4710470917923,343302.728402421,5408.8083328125,337893.920069608,6,87,87085000 = 3.205|87A15750 = 1.016,NW 12TH AVE|NW 22ND ST,11000,87085000,87A15750,Y,-80.21528973,25.79776,10,0.604885598282825,On-System / Off-System,87085000,326,LPI-02568,1,3.205,3.1950000000000003,3.215,NW 12TH AVE,Off Corridor,,0,0,0,0,,,Unmatched,,0
111002,271946,93290000,URBAN GENERAL,BELLE GLADE,URBAN MINOR ART,DIVIDED,,SR  715,4,PALM BEACH,12000,2,40,1,LPI,Implement a Leading Pedestrian Interval (LPI),,LPI-02005,Potential Location,0.870000005,1,5408.8083328125,0.0187637518974345,0.0079159578317302,0.0313999660658631,0.0568043270332491,0.184720341921541,30457.6644011144,,288258.359115909,2.82716968042127,0.282716968042127,45.6734508674213,247038.941640011,5408.8083328125,241630.133307198,4,93,93290000 = 1.309|93720001 = 0,SW 16TH ST|SW AVENUE E,9750,93290000,93720001,Y,-80.68409589,26.68226,10,0.608919856630009,On-System / On-System,93290000,327,LPI-02005,1,1.309,1.299,1.319,SW 16TH ST,On Corridor,441757-2,2,106,0.02,100,0.9,0.8,Verified Match,441757-2,2
111002,271946,93720001,URBAN GENERAL,BELLE GLADE,URBAN MINOR ART,DIVIDED,,SR  715,4,PALM BEACH,12000,2,40,1,LPI,Implement a Leading Pedestrian Interval (LPI),,LPI-02005,Potential Location,0.870000005,1,5408.8083328125,0.0187637518974345,0.0079159578317302,0.0313999660658631,0.0568043270332491,0.184720341921541,30457.6644011144,,288258.359115909,2.82716968042127,0.282716968042127,45.6734508674213,247038.941640011,5408.8083328125,241630.133307198,4,93,93290000 = 1.309|93720001 = 0,SW 16TH ST|SW AVENUE E,9750,93290000,93720001,Y,-80.68409589,26.68226,10,0.608919856630009,On-System / On-System,93290000,327,LPI-02005,2,0,0,0.01,SW AVENUE E,Off Corridor,,0,0,0,0,76.1,24.9,No Match - Angle Mismatch,,0
78258,199273,86016000,URBAN GENERAL,MIAMI,URBAN MINOR ART,DIVIDED,,SR  848,4,BROWARD,40000,6,45,1,LPI,Implement a Leading Pedestrian Interval (LPI),,LPI-01396,Potential Location,0.870000005,1,5408.8083328125,0.0187828179533431,0.00792400132406663,0.0314318719187976,0.0568620465384411,0.184908038304747,34978.7580408597,,287965.753927237,2.83004239881387,0.283004239881387,52.4531548362641,283709.06096069,5408.8083328125,278300.252627877,4,86,86016000 = 3.673|86A19210 = .009,STIRLING RD|SW 35TH AVE,32000,86016000,86A19210,Y,-80.19262,26.04715652,10,0.609538586833532,On-System / Off-System,86016000,328,LPI-01396,1,3.673,3.6630000000000003,3.683,STIRLING RD,On Corridor,446370-1,1,105,0.02,100,0,0.3,Verified Match,446370-1,1
84503,196470,86010000,URBAN GENERAL,MIAMI,URBAN PRIN ART OTHER,DIVIDED,US    1,SR    5,4,BROWARD,30000,4,35,1,LPI,Implement a Leading Pedestrian Interval (LPI),,LPI-00020,Potential Location,0.870000005,1,5408.8083328125,0.016330237996599,0.00793182988406236,0.0337739013111479,0.0652785357838074,0.23734516360966,42693.8426462472,,331214.299138749,3.45962454388338,0.345962454388338,64.0224771920936,346285.308123894,5408.8083328125,340876.499791082,4,86,86010000 = 3.77|86900056 = .383,HARDING ST|N FEDERAL HWY,15250,86010000,86900056,Y,-80.14327184,26.02808992,10,0.610140783779443,On-System / On-System,86010000,329,LPI-00020,1,3.77,3.7600000000000002,3.78,HARDING ST,On Corridor,"457344-1, 457345-1",2,106,0.02,100,0,0.4,Verified Match,"457344-1, 457345-1",2
84503,196470,86900056,URBAN GENERAL,MIAMI,URBAN PRIN ART OTHER,DIVIDED,US    1,SR    5,4,BROWARD,30000,4,35,1,LPI,Implement a Leading Pedestrian Interval (LPI),,LPI-00020,Potential Location,0.870000005,1,5408.8083328125,0.016330237996599,0.00793182988406236,0.0337739013111479,0.0652785357838074,0.23734516360966,42693.8426462472,,331214.299138749,3.45962454388338,0.345962454388338,64.0224771920936,346285.308123894,5408.8083328125,340876.499791082,4,86,86010000 = 3.77|86900056 = .383,HARDING ST|N FEDERAL HWY,15250,86010000,86900056,Y,-80.14327184,26.02808992,10,0.610140783779443,On-System / On-System,86010000,329,LPI-00020,2,0.383,0.373,0.393,N FEDERAL HWY,On Corridor,457345-1,1,105,0.02,100,0,0.4,Verified Match,457345-1,1
101403,225013,87044000,URBAN GENERAL,MIAMI,URBAN PRIN ART OTHER,DIVIDED,,SR  976,6,MIAMI-DADE,45000,4,35,1,LPI,Implement a Leading Pedestrian Interval (LPI),,LPI-01445,Potential Location,0.870000005,1,5408.8083328125,0.018889119464847,0.00796884727423233,0.0316097608544549,0.0571838577549079,0.18595452685667,35122.076273773,,286345.181038131,2.84605904686749,0.284605904686749,52.668070799063,284871.500211131,5408.8083328125,279462.691878318,6,87,87044000 = 6.934|87A04265 = .532,BIRD RD|UNIVERSITY DR,22500,87044000,87A04265,Y,-80.27520379,25.73427805,10,0.612988275440497,On-System / Off-System,87044000,330,LPI-01445,1,6.934,6.924,6.944,BIRD RD,On Corridor,457447-1,1,105,0.02,100,0.6,131.4,Verified Match,457447-1,1
90539,198421,86020000,URBAN GENERAL,MIAMI,URBAN PRIN ART OTHER,DIVIDED,US    1,SR    5,4,BROWARD,40000,6,45,1,LPI,Implement a Leading Pedestrian Interval (LPI),,LPI-00724,Potential Location,0.870000005,1,5408.8083328125,0.016415386369341,0.00797318766510848,0.0339500036275007,0.0656189081101709,0.238582717799854,42983.2260490589,,329496.254983954,3.47766355839568,0.347766355839568,64.4564283465913,348632.466744375,5408.8083328125,343223.658411563,4,86,86020000 = 14.092|86A00470 = .209,S FEDERAL HWY|SE 7TH CT|SE 7TH ST,17000,86020000,86A00470,Y,-80.09234443,26.30834497,10,0.613322151674581,On-System / Off-System,86020000,331,LPI-00724,1,14.092,14.082,14.102,S FEDERAL HWY,On Corridor,439891-5,1,106,0.02,100,0,0.7,Verified Match,439891-5,1
82074,147189,72291000,URBAN GENERAL,JACKSONVILLE,URBAN MINOR ART,DIVIDED,,SR  111,2,DUVAL,23500,4,35,1,LPI,Implement a Leading Pedestrian Interval (LPI),,LPI-00073,Potential Location,0.870000005,1,5408.8083328125,0.0164487710956481,0.00798940310360052,0.0340190493114541,0.0657523603018246,0.239067934446977,43003.7360770858,,328827.503365495,3.48473624273421,0.348473624273421,64.4871846037041,348798.821444132,5408.8083328125,343390.01311132,2,72,72291000 = 2.6|72A08062 = .167,CASSAT AVE|COLLEGE ST,11750,72291000,72A08062,Y,-81.73071955,30.31383999,10,0.61456949314502,On-System / Off-System,72291000,332,LPI-00073,1,2.6,2.5900000000000003,2.61,CASSAT AVE,On Corridor,445146-1,5,106,0.02,100,0,0.8,Verified Match,445146-1,5
109188,252506,92030000,URBAN GENERAL,KISSIMMEE,URBAN PRIN ART OTHER,DIVIDED,US  192,SR  500,5,OSCEOLA,42500,6,40,1,LPI,Implement a Leading Pedestrian Interval (LPI),,LPI-00214,Potential Location,0.870000005,1,5408.8083328125,0.0164618717887437,0.00799576629738979,0.0340461439267199,0.0658047290464325,0.2392583411114,43104.9468081818,,328565.815736151,3.48751167560816,0.348751167560816,64.6389573494107,349619.731135804,5408.8083328125,344210.922802992,5,92,92030000 = 8.03|92A03148 = .245,13TH ST|TENNESSEE AVE,21000,92030000,92A03148,Y,-81.29697,28.24597529,10,0.615058969609175,On-System / Off-System,92030000,333,LPI-00214,1,8.03,8.02,8.04,13TH ST,Off Corridor,,0,0,0,0,,,Unmatched,,0
40208,92377,36080000,URBAN GENERAL,OCALA,URBAN PRIN ART OTHER,DIVIDED,,SR   40,5,MARION,28500,4,40,1,LPI,Implement a Leading Pedestrian Interval (LPI),,LPI-02262,Potential Location,0.870000005,1,5408.8083328125,0.0164756877421008,0.00800247690330609,0.0340747178302538,0.0658599569742677,0.239459143433487,43074.1070703593,,328290.291578617,3.49043863915525,0.349043863915525,64.5927109520623,349369.593236464,5408.8083328125,343960.784903651,5,36,36080000 = 1.753,E SILVER SPRINGS BLVD|NE 19TH AVE|SE 19TH AVE,14000,36080000,36A14823,Y,-82.11148,29.18691872,10,0.615575170084128,On-System / Off-System,36080000,334,LPI-02262,1,1.753,1.7429999999999999,1.763,E SILVER SPRINGS BLVD,Off Corridor,,0,0,0,0,,,Unmatched,,0
55267,133644,70080000,URBAN GENERAL,PALM BAY-MELBOURNE,URBAN PRIN ART OTHER,DIVIDED,,SR  A1A,5,BREVARD,30000,4,40,1,LPI,Implement a Leading Pedestrian Interval (LPI),,LPI-01312,Potential Location,0.870000005,1,5408.8083328125,0.0166740369636525,0.00809881795377409,0.0344849400839177,0.0666528386676915,0.242341969051268,43592.672106319,,324385.051118879,3.53245969453017,0.353245969453017,65.3703363923964,353575.62019795,5408.8083328125,348166.811865138,5,70,70080000 = 1.631|70A06974 = .179,BUCHANAN AVE|CENTER ST|N ATLANTIC AVE,16750,70080000,70A06974,Y,-80.60560045,28.38131004,10,0.622986020405161,On-System / Off-System,70080000,335,LPI-01312,1,1.631,1.621,1.641,BUCHANAN AVE,On Corridor,452688-1,1,106,0.02,100,0,1.2,Verified Match,452688-1,1
87230,179352,79150000,URBAN GENERAL,DAYTONA BEACH-PORT ORANGE,URBAN PRIN ART OTHER,DIVIDED,,SR   40,5,VOLUSIA,35000,4,35,1,LPI,Implement a Leading Pedestrian Interval (LPI),,LPI-02029,Potential Location,0.870000005,1,5408.8083328125,0.0193342574314712,0.0081566398539019,0.0323546714204775,0.0585314433960553,0.190336701479663,35949.7575029177,,279752.576585039,2.91312881893244,0.291312881893244,53.9092381274365,291584.736399252,5408.8083328125,286175.92806644,5,79,79150000 = .967|79300501 = 0,E GRANADA BLVD|JOHN ANDERSON DR,19450,79150000,79300501,Y,-81.04756862,29.28896724,10,0.627433859047602,On-System / On-System,79150000,336,LPI-02029,1,0.967,0.957,0.977,E GRANADA BLVD,Off Corridor,,0,0,0,0,,,Unmatched,,0
87230,179352,79300501,URBAN GENERAL,DAYTONA BEACH-PORT ORANGE,URBAN PRIN ART OTHER,DIVIDED,,SR   40,5,VOLUSIA,35000,4,35,1,LPI,Implement a Leading Pedestrian Interval (LPI),,LPI-02029,Potential Location,0.870000005,1,5408.8083328125,0.0193342574314712,0.0081566398539019,0.0323546714204775,0.0585314433960553,0.190336701479663,35949.7575029177,,279752.576585039,2.91312881893244,0.291312881893244,53.9092381274365,291584.736399252,5408.8083328125,286175.92806644,5,79,79150000 = .967|79300501 = 0,E GRANADA BLVD|JOHN ANDERSON DR,19450,79150000,79300501,Y,-81.04756862,29.28896724,10,0.627433859047602,On-System / On-System,79150000,336,LPI-02029,2,0,0,0.01,JOHN ANDERSON DR,Off Corridor,,0,0,0,0,,,Unmatched,,0
21319,61747,15110000,URBAN GENERAL,TAMPA-ST PETERSBURG,URBAN MINOR ART,DIVIDED,,SR  693,7,PINELLAS,29000,6,35,1,LPI,Implement a Leading Pedestrian Interval (LPI),,LPI-02422,Potential Location,0.870000005,1,5408.8083328125,0.0194055375305361,0.00818671114569492,0.0324739542112565,0.0587472327584589,0.19103842064241,36138.432668599,,278724.994053956,2.92386872510874,0.292386872510874,54.192170061946,293115.061004246,5408.8083328125,287706.252671433,7,15,15110000 = 1.388|15A14589 = .02,MAJESTIC WAY S|PASADENA AVE S,13500,15110000,15A14589,Y,-82.7368412,27.75719,10,0.629747035428341,On-System / Off-System,15110000,337,LPI-02422,1,1.388,1.378,1.398,MAJESTIC WAY S,Off Corridor,,0,0,0,0,,,Unmatched,,0
95732,201177,86020000,URBAN GENERAL,MIAMI,URBAN PRIN ART OTHER,DIVIDED,US    1,SR    5,4,BROWARD,57000,6,35,1,LPI,Implement a Leading Pedestrian Interval (LPI),,LPI-00854,Potential Location,0.870000005,1,5408.8083328125,0.0195365922062945,0.00824199983703048,0.0326932660202209,0.0591439803120243,0.192328592493372,36382.4924153773,,276855.260922621,2.94361497883278,0.294361497883277,54.5581551455818,295094.6041743,5408.8083328125,289685.795841488,4,86,86020000 = 1.326|86A00239 = 0,E SUNRISE BLVD|NE 12TH AVE,29250,86020000,86A00239,Y,-80.13154517,26.13721589,10,0.634000011848499,On-System / Off-System,86020000,338,LPI-00854,1,1.326,1.316,1.336,E SUNRISE BLVD,On Corridor,441754-1,1,105,0.02,100,0,0.4,Verified Match,441754-1,1
26057,63233,15100000,URBAN GENERAL,TAMPA-ST PETERSBURG,URBAN MINOR ART,DIVIDED,,SR  699,7,PINELLAS,13500,4,35,1,LPI,Implement a Leading Pedestrian Interval (LPI),,LPI-02444,Potential Location,0.870000005,1,5408.8083328125,0.0212422268101007,0.0083148144942394,0.0277969710829317,0.0429699902330036,0.134918486282439,26671.0581679739,,254625.298052115,2.16124484773624,0.216124484773624,39.9951634102488,216326.173125552,5408.8083328125,210917.364792739,7,15,15100000 = 4|15A14577 = 1.058,1ST ST E|GULF BLVD|W GULF BLVD,8300,15100000,15A14577,Y,-82.7642171,27.75591884,10,0.639601139541536,On-System / Off-System,15100000,339,LPI-02444,1,4,3.99,4.01,1ST ST E,On Corridor,"457153-1, 449213-1, 456312-2",4,106,0.02,100,1.7,0,Verified Match,"457153-1, 449213-1, 456312-2",4
18170,62525,15140000,URBAN GENERAL,TAMPA-ST PETERSBURG,URBAN MINOR ART,DIVIDED,,SR  699,7,PINELLAS,14900,4,35,1,LPI,Implement a Leading Pedestrian Interval (LPI),,LPI-02217,Potential Location,0.870000005,1,5408.8083328125,0.0197272046335168,0.0083224144547649,0.0330122440039008,0.0597210296522481,0.194205082489801,36680.3961982522,,274180.170647333,2.97233491064066,0.297233491064066,55.004883220695,297510.870709474,5408.8083328125,292102.062376661,7,15,15140000 = .113|15A19219 = 0,GULF BLVD|MADEIRA WAY,9800,15140000,15A19219,Y,-82.80246786,27.80205,10,0.640185751912136,On-System / Off-System,15140000,340,LPI-02217,1,0.113,0.10300000000000001,0.123,GULF BLVD,On Corridor,"457153-1, 452002-1, 456312-2, 439517-1",6,106,0.02,100,0,0.3,Verified Match,"457153-1, 452002-1, 456312-2, 439517-1",6
29336,65395,15100000,URBAN GENERAL,TAMPA-ST PETERSBURG,URBAN MINOR ART,DIVIDED,,SR  666,7,PINELLAS,29500,4,35,1,LPI,Implement a Leading Pedestrian Interval (LPI),,LPI-02399,Potential Location,0.870000005,1,5408.8083328125,0.0198524035857541,0.00837523276273999,0.0332217566255353,0.0601000499178101,0.195437607487568,36913.1887939079,,272451.056591144,2.99119887152229,0.299119887152229,55.353972403633,299399.027191043,5408.8083328125,293990.218858231,7,15,15100000 = 8.056|15A19219 = .151,MADEIRA WAY|TOM STUART CSWY,16250,15100000,15A19219,Y,-82.79994028,27.8021,10,0.644248698835718,On-System / Off-System,15100000,341,LPI-02399,1,8.056,8.046,8.065999999999999,MADEIRA WAY,On Corridor,"447920-1, 457153-1",3,106,0.02,100,0.1,1.3,Verified Match,"447920-1, 457153-1",3
113859,267623,93012000,URBAN GENERAL,MIAMI,URBAN PRIN ART OTHER,DIVIDED,,SR  708,4,PALM BEACH,46000,6,40,1,LPI,Implement a Leading Pedestrian Interval (LPI),,LPI-02280,Potential Location,0.870000005,1,5408.8083328125,0.0172496134736414,0.00837838368719726,0.0356753369568493,0.068953649703725,0.250707450372584,45167.626184006,,313561.132316242,3.65439782067719,0.365439782067719,67.732092919041,366349.90857934,5408.8083328125,360941.100246527,4,93,93012000 = .57,42ND WAY N|W BLUE HERON BLVD,17500,93012000,93A10056,Y,-80.10388482,26.78339215,10,0.644491077649446,On-System / Off-System,93012000,342,LPI-02280,1,0.57,0.5599999999999999,0.58,42ND WAY N,Off Corridor,,0,0,0,0,,,Unmatched,,0
14915,42600,12014000,URBAN GENERAL,CAPE CORAL,URBAN PRIN ART OTHER,1WAY,USB  41,SR  739,1,LEE,24500,3,35,1,LPI,Implement a Leading Pedestrian Interval (LPI),,LPI-00456,Potential Location,0.870000005,1,5408.8083328125,0.0172639775751081,0.00838536053648106,0.0357050445303371,0.0690110688002372,0.250916219529128,58187.3246939146,,313300.240879086,3.65744091153694,0.365744091153694,87.2560640407135,471951.326271833,5408.8083328125,466542.51793902,1,12,12014000 = 3.648|12A10804 = .17,FOWLER ST|THOMPSON ST,11000,12014000,12A10804,Y,-81.86303929,26.64219892,10,0.645027758384226,On-System / Off-System,12014000,343,LPI-00456,1,3.648,3.6380000000000003,3.658,FOWLER ST,On Corridor,456248-1,2,105,0.02,100,1,1.1,Verified Match,456248-1,2
96378,205318,86100000,URBAN GENERAL,MIAMI,URBAN PRIN ART OTHER,DIVIDED,US  441,SR    7,4,BROWARD,50000,6,45,1,LPI,Implement a Leading Pedestrian Interval (LPI),,LPI-02537,Potential Location,0.870000005,1,5408.8083328125,0.0172961963261721,0.00840100964414075,0.0357716787654924,0.0691398601194257,0.25138448978607,45289.6020690255,,312716.636121205,3.66426657947746,0.366426657947746,67.915004501429,367339.242270328,5408.8083328125,361930.433937515,4,86,86100000 = 17.264|86A08395 = 2.079,SR-7|SW 7TH ST,23750,86100000,86A08395,Y,-80.20440039,26.22247,10,0.646231535942809,On-System / Off-System,86100000,344,LPI-02537,1,17.264,17.253999999999998,17.274,SR-7,On Corridor,457381-1,1,106,0.02,100,0,0.6,Verified Match,457381-1,1
58658,116119,55010000,URBAN GENERAL,TALLAHASSEE,URBAN PRIN ART OTHER,DIVIDED,US   27,SR   63,3,LEON,24000,4,35,1,LPI,Implement a Leading Pedestrian Interval (LPI),,LPI-02616,Potential Location,0.870000005,1,5408.8083328125,0.0173956088332593,0.00844929571901166,0.0359772819051499,0.0695372519334703,0.252829360201575,45479.1526257925,,310929.521619916,3.68532750642533,0.368532750642533,68.1992491476164,368876.667081183,5408.8083328125,363467.858748371,3,55,55010000 = 9.531|55A04614 = .219,E 5TH AVE|N MONROE ST,12250,55010000,55A04614,Y,-84.28069999,30.45472029,10,0.649945849537276,On-System / Off-System,55010000,345,LPI-02616,1,9.531,9.521,9.541,E 5TH AVE,Off Corridor,,0,0,0,0,,,Unmatched,,0
365,3351,03010000,URBAN GENERAL,BONITA SPRINGS,URBAN PRIN ART OTHER,DIVIDED,US   41,SR   45,1,COLLIER,41500,6,45,1,LPI,Implement a Leading Pedestrian Interval (LPI),,LPI-02352,Potential Location,0.870000005,1,5408.8083328125,0.0174738042963885,0.00848727637253155,0.036139004340258,0.069849830680888,0.253965860171374,45754.6635278397,,309538.108649323,3.7018935199469,0.37018935199469,68.6123974928858,371111.307293764,5408.8083328125,365702.498960952,1,3,03010000 = 8.837|03A05476 = .496,9TH ST N|ANCHOR RODE DR|OHIO DR,19500,3010000,03A05476,Y,-81.79994021,26.18835,10,0.652867438381944,On-System / Off-System,3010000,346,LPI-02352,1,8.837,8.827,8.847,9TH ST N,On Corridor,"452524-1, 456234-1, 413627-1, 412666-1, 454326-1",8,106,0.02,100,0,1.2,Verified Match,"452524-1, 456234-1, 413627-1, 412666-1, 454326-1",8
102293,230236,87085000,URBAN GENERAL,MIAMI,URBAN MINOR ART,DIVIDED,,SR  933,6,MIAMI-DADE,22500,4,35,1,LPI,Implement a Leading Pedestrian Interval (LPI),,LPI-01935,Potential Location,0.870000005,1,5408.8083328125,0.0174863786897217,0.00849338393500769,0.0361650104719244,0.069900095593459,0.254148617547205,45716.4617188771,,309315.520885507,3.70455745416569,0.370455745416569,68.5551111421754,370801.456402686,5408.8083328125,365392.648069873,6,87,87085000 = 3.866|87A15493 = .254,NW 12TH AVE|NW 33RD ST,11000,87085000,87A15493,Y,-80.21562542,25.80736,10,0.653337250898178,On-System / Off-System,87085000,347,LPI-01935,1,3.866,3.8560000000000003,3.876,NW 12TH AVE,Off Corridor,,0,0,0,0,,,Unmatched,,0
99167,223506,87053000,URBAN GENERAL,MIAMI,URBAN MINOR ART,DIVIDED,,SR  968,6,MIAMI-DADE,31500,4,40,1,LPI,Implement a Leading Pedestrian Interval (LPI),,LPI-01270,Potential Location,0.870000005,1,5408.8083328125,0.0175318715520418,0.00851548046813457,0.0362590979826318,0.0700819488794605,0.25480981494388,45835.3984487535,,308512.888470404,3.71419529429311,0.371419529429311,68.7334652935905,371766.139823051,5408.8083328125,366357.331490238,6,87,87053000 = 6.187|87A16473 = .43,NW 25TH AVE|SW 25TH AVE|W FLAGLER ST,12250,87053000,87A16473,Y,-80.23705949,25.77239001,10,0.655036984281005,On-System / Off-System,87053000,348,LPI-01270,1,6.187,6.1770000000000005,6.197,NW 25TH AVE,On Corridor,437782-3,1,106,0.02,100,0,0.2,Verified Match,437782-3,1
88644,175893,78060000,URBAN GENERAL,ST. AUGUSTINE,URBAN PRIN ART OTHER,DIVIDED,,SR   16,2,ST. JOHNS,25500,4,40,1,LPI,Implement a Leading Pedestrian Interval (LPI),,LPI-01303,Potential Location,0.870000005,1,5408.8083328125,0.0203462871770289,0.00858358990280908,0.0340482399478093,0.0615952053210837,0.200299659935736,37831.5067279653,,265837.608884194,3.06561323825141,0.306561323825141,56.7310559675423,306847.408246495,5408.8083328125,301438.599913682,2,78,78060000 = 20.381|78601000 = 0,LEWIS SPEEDWAY|SR-16,14500,78060000,78601000,Y,-81.33088291,29.91561937,10,0.660276171765166,On-System / On-System,78060000,349,LPI-01303,1,20.381,20.371,20.391000000000002,LEWIS SPEEDWAY,Off Corridor,,0,0,0,0,,,Unmatched,,0
88644,175893,78601000,URBAN GENERAL,ST. AUGUSTINE,URBAN PRIN ART OTHER,DIVIDED,,SR   16,2,ST. JOHNS,25500,4,40,1,LPI,Implement a Leading Pedestrian Interval (LPI),,LPI-01303,Potential Location,0.870000005,1,5408.8083328125,0.0203462871770289,0.00858358990280908,0.0340482399478093,0.0615952053210837,0.200299659935736,37831.5067279653,,265837.608884194,3.06561323825141,0.306561323825141,56.7310559675423,306847.408246495,5408.8083328125,301438.599913682,2,78,78060000 = 20.381|78601000 = 0,LEWIS SPEEDWAY|SR-16,14500,78060000,78601000,Y,-81.33088291,29.91561937,10,0.660276171765166,On-System / On-System,78060000,349,LPI-01303,2,0,0,0.01,SR-16,Off Corridor,,0,0,0,0,,,Unmatched,,0
84516,196517,86010000,URBAN GENERAL,MIAMI,URBAN PRIN ART OTHER,DIVIDED,US    1,SR    5,4,BROWARD,35000,4,35,1,LPI,Implement a Leading Pedestrian Interval (LPI),,LPI-00717,Potential Location,0.870000005,1,5408.8083328125,0.0177238407272205,0.00860872263893568,0.0366561251403879,0.0708493269589412,0.257599912387671,46337.2834647416,,305171.346101389,3.75486471198658,0.375486471198658,69.4860778484122,375836.87688095,5408.8083328125,370428.068548137,4,86,86010000 = 1.018|86A21520 = .342,N FEDERAL HWY|NE 3RD ST,16500,86010000,86A21520,Y,-80.14248989,25.98931,10,0.662209459233877,On-System / Off-System,86010000,350,LPI-00717,1,1.018,1.008,1.028,N FEDERAL HWY,Off Corridor,,0,0,0,0,,,Unmatched,,0
28901,64910,15110000,URBAN GENERAL,TAMPA-ST PETERSBURG,URBAN MINOR ART,DIVIDED,,SR  693,7,PINELLAS,29000,4,35,1,LPI,Implement a Leading Pedestrian Interval (LPI),,LPI-02397,Potential Location,0.870000005,1,5408.8083328125,0.0221459682109219,0.00866856469970371,0.0289795812588635,0.0447981299809505,0.140658535236798,27805.7668633281,,244234.448514425,2.25319407997408,0.225319407997408,41.6967404308494,225529.677093498,5408.8083328125,220120.868760686,7,15,15110000 = .513,PASADENA AVE S|SAILBOAT KEY BLVD S,24250,15110000,15A20666,Y,-82.74527687,27.74814388,10,0.666812694854619,On-System / Off-System,15110000,351,LPI-02397,1,0.513,0.503,0.523,PASADENA AVE S,On Corridor,"443842-1, 449983-1",3,106,0.02,100,0.5,250.7,Verified Match,"443842-1, 449983-1",3
23733,62971,15020000,URBAN GENERAL,TAMPA-ST PETERSBURG,URBAN MINOR ART,DIVIDED,USA  19,SR  595,7,PINELLAS,17100,3,35,1,LPI,Implement a Leading Pedestrian Interval (LPI),,LPI-01769,Potential Location,0.870000005,1,5408.8083328125,0.0178822450596265,0.00868566188610429,0.0369837341005911,0.0714825328487407,0.259902175355253,40813.4417551477,,302468.080197838,3.78842328696652,0.378842328696652,61.2026812753868,331033.57247278,5408.8083328125,325624.764139967,7,15,15020000 = 3.462|15070001 = 0,BROADWAY|SKINNER BLVD|TILDEN ST,14550,15020000,15070001,Y,-82.78980152,28.0158,10,0.668127863089863,On-System / On-System,15020000,352,LPI-01769,1,3.462,3.4520000000000004,3.472,BROADWAY,Off Corridor,,0,0,0,0,89.5,6.2,No Match - Angle Mismatch,,0
23733,62971,15070001,URBAN GENERAL,TAMPA-ST PETERSBURG,URBAN MINOR ART,DIVIDED,USA  19,SR  595,7,PINELLAS,17100,3,35,1,LPI,Implement a Leading Pedestrian Interval (LPI),,LPI-01769,Potential Location,0.870000005,1,5408.8083328125,0.0178822450596265,0.00868566188610429,0.0369837341005911,0.0714825328487407,0.259902175355253,40813.4417551477,,302468.080197838,3.78842328696652,0.378842328696652,61.2026812753868,331033.57247278,5408.8083328125,325624.764139967,7,15,15020000 = 3.462|15070001 = 0,BROADWAY|SKINNER BLVD|TILDEN ST,14550,15020000,15070001,Y,-82.78980152,28.0158,10,0.668127863089863,On-System / On-System,15020000,352,LPI-01769,2,0,0,0.01,SKINNER BLVD,On Corridor,447535-1,1,53,0.01,100,0,0.7,Verified Parallel Fallback,447535-1,1
34894,83994,17020000,URBAN GENERAL,215,URBAN PRIN ART OTHER,DIVIDED,US   41,SR   45,1,SARASOTA,27500,4,35,1,LPI,Implement a Leading Pedestrian Interval (LPI),,LPI-00520,Potential Location,0.870000005,1,5408.8083328125,0.0179099876002414,0.00869913683440297,0.0370411107186811,0.0715934309526533,0.2603053879626,46823.9466295711,,301999.557651262,3.79430065228361,0.379430065228361,70.2158641463731,379784.151090533,5408.8083328125,374375.342757721,1,17,17020000 = 18.99|17A02396 = .426,BOULEVARD OF THE ARTS|N TAMIAMI TRL,15250,17020000,17A02396,Y,-82.54681,27.34128425,10,0.669164397614244,On-System / Off-System,17020000,353,LPI-00520,1,18.99,18.979999999999997,19,BOULEVARD OF THE ARTS,On Corridor,"456052-1, 413659-1",3,106,0.02,100,0.2,1.1,Verified Match,"456052-1, 413659-1",3
105600,226872,87038000,URBAN GENERAL,MIAMI,URBAN PRIN ART OTHER,DIVIDED,,SR  932,6,MIAMI-DADE,35000,6,40,1,LPI,Implement a Leading Pedestrian Interval (LPI),,LPI-01744,Potential Location,0.870000005,1,5408.8083328125,0.0179214793274271,0.0087047185304646,0.0370648776999061,0.0716393680127541,0.260472409770219,46926.8879654924,,301805.907536597,3.79673521946087,0.379673521946087,70.370232058059,380619.097537579,5408.8083328125,375210.289204766,6,87,87038000 = 6.921|87A13090 = .509,NW 103RD ST|NW 19TH AVE,15000,87038000,87A13090,Y,-80.23024502,25.86846019,10,0.669593758866268,On-System / Off-System,87038000,354,LPI-01744,1,6.921,6.9110000000000005,6.931,NW 103RD ST,Off Corridor,,0,0,0,0,,,Unmatched,,0
117681,264900,93030000,URBAN GENERAL,MIAMI,URBAN MINOR ART,DIVIDED,,SR  806,4,PALM BEACH,13600,4,35,1,LPI,Implement a Leading Pedestrian Interval (LPI),,LPI-00234,Potential Location,0.870000005,1,5408.8083328125,0.0179624264990112,0.00872460715666258,0.0371495638956822,0.0718030503428005,0.261067539684492,46961.0431062474,,301117.910384226,3.80541003729539,0.380541003729539,70.4214501397411,380896.126324572,5408.8083328125,375487.317991759,4,93,93030000 = 8.703|93A18082 = .63,E ATLANTIC AVE|NE 7TH AVE|SE 7TH AVE,7450,93030000,93A18082,Y,-80.0660294,26.46166558,10,0.671123653248031,On-System / Off-System,93030000,355,LPI-00234,1,8.703,8.693,8.713,E ATLANTIC AVE,Off Corridor,,0,0,0,0,89.8,288,No Match - Angle Mismatch,,0
75634,162106,75040000,URBAN GENERAL,ORLANDO,URBAN PRIN ART OTHER,DIVIDED,,SR  527,5,ORANGE,30500,4,40,1,LPI,Implement a Leading Pedestrian Interval (LPI),,LPI-01719,Potential Location,0.870000005,1,5408.8083328125,0.018025483856564,0.00875523501604538,0.0372799779760756,0.0720551159876676,0.261984021051652,47125.9005260603,,300064.529521235,3.81876898417097,0.381876898417097,70.6686656571488,382233.267675127,5408.8083328125,376824.459342315,5,75,75040000 = 12.24|75A11267 = .614,GRANT ST E|GRANT ST W|ORANGE AVE S,14750,75040000,75A11267,Y,-81.37635951,28.51659,10,0.673479642521938,On-System / Off-System,75040000,356,LPI-01719,1,12.24,12.23,12.25,GRANT ST E,On Corridor,437508-2,1,106,0.02,100,0.1,1.3,Verified Match,437508-2,1
87793,197552,86014000,URBAN GENERAL,MIAMI,URBAN PRIN ART OTHER,DIVIDED,,SR  870,4,BROWARD,55000,6,45,1,LPI,Implement a Leading Pedestrian Interval (LPI),,LPI-02045,Potential Location,0.870000005,1,5408.8083328125,0.018193112663636,0.00883665472233751,0.0376266648270655,0.0727251958164568,0.264420353372619,47638.1521922386,,297299.776723941,3.85428180004843,0.385428180004843,71.4368237469757,386388.0875523,5408.8083328125,380979.279219488,4,86,86014000 = 3.99|86A06112 = .01,NW 33RD AVE|W COMMERCIAL BLVD,25250,86014000,86A06112,Y,-80.19130024,26.18642,10,0.679742697092989,On-System / Off-System,86014000,357,LPI-02045,1,3.99,3.9800000000000004,4,NW 33RD AVE,On Corridor,441944-1,1,105,0.02,100,0,0.4,Verified Match,441944-1,1
1601,1890,03010000,URBAN GENERAL,BONITA SPRINGS,URBAN PRIN ART OTHER,DIVIDED,US   41,SR   45,1,COLLIER,41500,6,45,1,LPI,Implement a Leading Pedestrian Interval (LPI),,LPI-02321,Potential Location,0.870000005,1,5408.8083328125,0.0210132105540467,0.00886494820248847,0.0351642945365376,0.0636142116382274,0.206865207962143,39132.3607276306,,257400.377676741,3.16609983394801,0.316609983394801,58.6817797806666,317398.499461938,5408.8083328125,311989.691129125,1,3,03010000 = 9.382|03516000 = .849,9TH ST N|HARBOUR DR,21500,3010000,3516000,Y,-81.7997903,26.18059745,10,0.681919118726771,On-System / On-System,3010000,358,LPI-02321,1,9.382,9.372,9.392,9TH ST N,On Corridor,"456234-1, 413627-1, 412666-1, 454326-1",7,106,0.02,100,0,1.2,Verified Match,"456234-1, 413627-1, 412666-1, 454326-1",7
1601,1890,03516000,URBAN GENERAL,BONITA SPRINGS,URBAN PRIN ART OTHER,DIVIDED,US   41,SR   45,1,COLLIER,41500,6,45,1,LPI,Implement a Leading Pedestrian Interval (LPI),,LPI-02321,Potential Location,0.870000005,1,5408.8083328125,0.0210132105540467,0.00886494820248847,0.0351642945365376,0.0636142116382274,0.206865207962143,39132.3607276306,,257400.377676741,3.16609983394801,0.316609983394801,58.6817797806666,317398.499461938,5408.8083328125,311989.691129125,1,3,03010000 = 9.382|03516000 = .849,9TH ST N|HARBOUR DR,21500,3010000,3516000,Y,-81.7997903,26.18059745,10,0.681919118726771,On-System / On-System,3010000,358,LPI-02321,2,0.849,0.839,0.859,HARBOUR DR,Off Corridor,,0,0,0,0,79.1,47.1,No Match - Angle Mismatch,,0
86055,194367,86010000,URBAN GENERAL,MIAMI,URBAN PRIN ART OTHER,DIVIDED,US    1,SR    5,4,BROWARD,30125,4,35,1,LPI,Implement a Leading Pedestrian Interval (LPI),,LPI-02053,Potential Location,0.870000005,1,5408.8083328125,0.0210303977541588,0.00887219905253573,0.0351930562417251,0.0636662432010666,0.207034407890746,39103.5291700047,,257190.015901763,3.16868946161489,0.316868946161489,58.6385447934622,317164.649702877,5408.8083328125,311755.841370065,4,86,86010000 = 2.293|86A21116 = 1.427,MONROE ST|S FEDERAL HWY,14505,86010000,86A21116,Y,-80.14299197,26.00780995,10,0.682476876444167,On-System / Off-System,86010000,359,LPI-02053,1,2.293,2.2830000000000004,2.303,MONROE ST,Off Corridor,,0,0,0,0,,,Unmatched,,0
67653,156508,75010000,URBAN GENERAL,ORLANDO,URBAN PRIN ART OTHER,DIVIDED,US   17,SR  500,5,ORANGE,26000,4,35,1,LPI,Implement a Leading Pedestrian Interval (LPI),,LPI-00078,Potential Location,0.870000005,1,5408.8083328125,0.0186097586895088,0.00903902564918998,0.0384883645623932,0.0743906977224779,0.270475924589565,48653.4310975744,,290643.657612912,3.94254988392577,0.394254988392577,72.9593072371375,394622.908940456,5408.8083328125,389214.100607644,5,75,75010000 = 11.4|75A11599 = .815,29TH ST|S ORANGE BLOSSOM TRL,14250,75010000,75A11599,Y,-81.39698789,28.51270038,10,0.695309692064986,On-System / Off-System,75010000,360,LPI-00078,1,11.4,11.39,11.41,29TH ST,On Corridor,437575-1,1,106,0.02,100,0,1.3,Verified Match,437575-1,1
79308,158594,75060000,URBAN GENERAL,ORLANDO,URBAN PRIN ART OTHER,DIVIDED,,SR   50,5,ORANGE,48500,4,40,1,LPI,Implement a Leading Pedestrian Interval (LPI),,LPI-00122,Potential Location,0.870000005,1,5408.8083328125,0.018666124090264,0.00906640312955681,0.0386049384594097,0.0746160129218606,0.271295144448269,48800.7930374945,,289766.011768542,3.95449111368122,0.395449111368122,73.1802870284318,395818.146276992,5408.8083328125,390409.33794418,5,75,75060000 = 2.401|75A07543 = .709,E COLONIAL DR|N HAMPTON AVE,18000,75060000,75A07543,Y,-81.35617033,28.55315999,10,0.697415652174202,On-System / Off-System,75060000,361,LPI-00122,1,2.401,2.391,2.4109999999999996,E COLONIAL DR,On Corridor,447717-1,1,105,0.02,100,0,0.7,Verified Match,447717-1,1
116608,268694,93010000,URBAN GENERAL,MIAMI,URBAN PRIN ART OTHER,DIVIDED,US    1,SR    5,4,PALM BEACH,25500,4,35,1,LPI,Implement a Leading Pedestrian Interval (LPI),,LPI-02310,Potential Location,0.870000005,1,5408.8083328125,0.018777080523918,0.00912029625447447,0.0388344165381032,0.0750595504579476,0.272907795341945,49090.8780025758,,288053.743281488,3.97799766644862,0.397799766644862,73.6152902258383,398170.995195925,5408.8083328125,392762.186863112,4,93,93010000 = 1.531|93A21000 = .12,S FEDERAL HWY|SE 3RD ST,11250,93010000,93A21000,Y,-80.08636047,26.34701496,10,0.701561277327316,On-System / Off-System,93010000,362,LPI-02310,1,1.531,1.521,1.541,S FEDERAL HWY,On Corridor,"438386-5, 448064-1, 233752-1",5,106,0.02,100,0,0.6,Verified Match,"438386-5, 448064-1, 233752-1",5
65088,138608,72010000,URBAN GENERAL,JACKSONVILLE,URBAN MINOR ART,DIVIDED,US   90,SR   10,2,DUVAL,21000,4,35,1,LPI,Implement a Leading Pedestrian Interval (LPI),,LPI-01370,Potential Location,0.870000005,1,5408.8083328125,0.0216562404764999,0.0091362264510234,0.0362403649223928,0.065560884255029,0.213195536128418,40267.2094500918,,249757.493166084,3.26298635804514,0.326298635804514,60.3835667819506,326603.139175154,5408.8083328125,321194.330842342,2,72,72010000 = 19.755|72A06917 = .445,BEAVER ST W|ROBINSON AVE,9050,72010000,72A06917,Y,-81.68832639,30.3344673,10,0.70278667710898,On-System / Off-System,72010000,363,LPI-01370,1,19.755,19.744999999999997,19.765,BEAVER ST W,Off Corridor,,0,0,0,0,,,Unmatched,,0
93859,220508,87020001,URBAN GENERAL,MIAMI,URBAN PRIN ART OTHER,1WAY,US    1,SR    5,6,MIAMI-DADE,26500,3,45,1,LPI,Implement a Leading Pedestrian Interval (LPI),,LPI-00107,Potential Location,0.870000005,1,5408.8083328125,0.0188522794961107,0.00915682146953946,0.0389899416851379,0.0753601510247125,0.274000744040063,63540.6124392949,,286904.739234763,3.99392886169064,0.399392886169064,95.283702719694,515371.28525151,5408.8083328125,509962.476918698,6,87,87020001 = .811|87A00490 = .335,E HIBISCUS ST|S DIXIE HWY,13000,87020001,87A00490,Y,-80.3515885,25.60440318,10,0.704370909363455,On-System / Off-System,87020001,364,LPI-00107,1,0.811,0.801,0.8210000000000001,E HIBISCUS ST,Off Corridor,,0,0,0,0,,,Unmatched,,0
18816,34034,11040000,URBAN GENERAL,LEESBURG-EUSTIS-TAVARES,URBAN PRIN ART OTHER,DIVIDED,US   27,SR   25,5,LAKE,26500,4,35,1,LPI,Implement a Leading Pedestrian Interval (LPI),,LPI-00297,Potential Location,0.870000005,1,5408.8083328125,0.0188576974429056,0.009159453043697,0.0390011469841911,0.0753818087393031,0.274079488971321,49301.6432133828,,286822.309520473,3.99507667482803,0.399507667482803,73.9313477663502,399880.489854694,5408.8083328125,394471.681521881,5,11,11040000 = 3.016|11A04210 = .074,S 14TH ST|SUMTER ST,13750,11040000,11A04210,Y,-81.88763001,28.80528953,10,0.70457333815259,On-System / Off-System,11040000,365,LPI-00297,1,3.016,3.0060000000000002,3.026,S 14TH ST,Off Corridor,,0,0,0,0,,,Unmatched,,0
15675,46220,13010000,URBAN GENERAL,215,URBAN PRIN ART OTHER,NOT DIVIDED,USB  41,SR   45,1,MANATEE,19900,4,35,1,LPI,Implement a Leading Pedestrian Interval (LPI),,LPI-01156,Potential Location,0.870000005,1,5408.8083328125,0.0189314780623335,0.00919528934456201,0.0391537387198262,0.0756767395790424,0.275151823201416,45279.2821107523,,285704.492539015,4.0107073865108,0.40107073865108,67.8995289843002,367255.538164327,5408.8083328125,361846.729831514,1,13,13010000 = 7.09|13A03953 = .881,12TH AVE W|14TH ST W,8400,13010000,13A03953,Y,-82.57526,27.48908915,10,0.707329976786692,On-System / Off-System,13010000,366,LPI-01156,1,7.09,7.08,7.1,12TH AVE W,On Corridor,413639-1,2,107,0.02,100,0,1.2,Verified Match,413639-1,2
88422,179155,79001000,URBAN GENERAL,DAYTONA BEACH-PORT ORANGE,URBAN PRIN ART OTHER,DIVIDED,,SR  400,5,VOLUSIA,21500,4,45,1,LPI,Implement a Leading Pedestrian Interval (LPI),,LPI-02649,Potential Location,0.870000005,1,5408.8083328125,0.0218215785294394,0.00920597844210726,0.0365170478203588,0.0660614193762326,0.214823211757395,40574.6359406228,,247865.126966663,3.28789815249038,0.328789815249038,60.8445748397482,329096.643399664,5408.8083328125,323687.835066852,5,79,79001000 = 3.202|79A02085 = .692,BEVILLE RD|MAGNOLIA AVE,11750,79001000,79A02085,Y,-81.02329565,29.17747031,10,0.708152215091028,On-System / Off-System,79001000,367,LPI-02649,1,3.202,3.192,3.2119999999999997,BEVILLE RD,On Corridor,453490-1,1,105,0.02,100,0,1.1,Verified Match,453490-1,1
98639,225695,87034000,URBAN GENERAL,MIAMI,URBAN MINOR ART,DIVIDED,,SR  915,6,MIAMI-DADE,26500,4,40,1,LPI,Implement a Leading Pedestrian Interval (LPI),,LPI-01681,Potential Location,0.870000005,1,5408.8083328125,0.0192266933218297,0.00933867961346017,0.0397642975519661,0.0768568338241454,0.279442508620685,50266.3475854307,,281317.657814379,4.07324988942439,0.407324988942439,75.3779911188426,407705.106474262,5408.8083328125,402296.29814145,6,87,87034000 = 5.612|87A10598 = .252,NE 177TH ST|NE 6TH AVE,13750,87034000,87A10598,Y,-80.18863936,25.93776003,10,0.718359997895397,On-System / Off-System,87034000,368,LPI-01681,1,5.612,5.602,5.622,NE 177TH ST,On Corridor,440179-2,1,106,0.02,100,0,0.4,Verified Match,440179-2,1
105166,226707,87038000,URBAN GENERAL,MIAMI,URBAN MINOR ART,DIVIDED,,SR  932,6,MIAMI-DADE,28500,5,40,1,LPI,Implement a Leading Pedestrian Interval (LPI),,LPI-01347,Potential Location,0.870000005,1,5408.8083328125,0.0192295717969747,0.00934007772995912,0.0397702507619249,0.0768683402481663,0.27948434464012,50273.8730829111,,281275.547366242,4.07385970559868,0.407385970559868,75.3892761417156,407766.145000014,5408.8083328125,402357.336667201,6,87,87038000 = 8.438|87A11485 = 1.017,NW 103RD ST|NW 5TH AVE,12500,87038000,87A11485,Y,-80.2058806,25.86930998,10,0.71846754532253,On-System / Off-System,87038000,369,LPI-01347,1,8.438,8.428,8.448,NW 103RD ST,Off Corridor,,0,0,0,0,,,Unmatched,,0
25729,64373,15010000,URBAN GENERAL,TAMPA-ST PETERSBURG,URBAN PRIN ART OTHER,DIVIDED,USA  19,SR  595,7,PINELLAS,36500,6,45,1,LPI,Implement a Leading Pedestrian Interval (LPI),,LPI-02206,Potential Location,0.870000005,1,5408.8083328125,0.0193503527890939,0.00939874278327418,0.0400200478138078,0.0773511504997805,0.281239786559671,50668.3528092949,,279519.882234962,4.09944762935443,0.409944762935443,75.9808267663435,410965.728947782,5408.8083328125,405556.920614969,7,15,15010000 = 15.042|15A01109 = .722,126TH AVE N|POINT WEST WAY|SEMINOLE BLVD,17000,15010000,15A01109,Y,-82.78715599,27.88741719,10,0.722980241904946,On-System / Off-System,15010000,370,LPI-02206,1,15.042,15.032,15.052,126TH AVE N,Off Corridor,,0,0,0,0,,,Unmatched,,0
98852,223406,87030000,URBAN GENERAL,MIAMI,URBAN PRIN ART OTHER,DIVIDED,US    1,SR    5,6,MIAMI-DADE,55000,4,35,1,LPI,Implement a Leading Pedestrian Interval (LPI),,LPI-01269,Potential Location,0.870000005,1,5408.8083328125,0.022314609201223,0.00941397575676597,0.0373421038351717,0.0675539926990151,0.219676867612978,41491.3679720931,,242388.664934184,3.36218400824053,0.336218400824053,62.2192802290563,336532.161364516,5408.8083328125,331123.353031703,6,87,87030000 = 16.891,BISCAYNE BLVD|NE 91ST ST,25000,87030000,87A13542,Y,-80.18328797,25.85895011,10,0.72415200914169,On-System / Off-System,87030000,371,LPI-01269,1,16.891,16.880999999999997,16.901,BISCAYNE BLVD,On Corridor,447827-1,2,106,0.02,100,0,0.4,Verified Match,447827-1,2
19608,47036,13150000,URBAN GENERAL,215,URBAN PRIN ART OTHER,DIVIDED,,SR   64,1,MANATEE,35000,4,45,1,LPI,Implement a Leading Pedestrian Interval (LPI),,LPI-00500,Potential Location,0.870000005,1,5408.8083328125,0.0194643176391539,0.00945409713901763,0.0402557478446138,0.0778067138874231,0.282896162050885,50887.5935963506,,277883.275082414,4.12359152685855,0.412359152685855,76.3095940409398,412743.968122174,5408.8083328125,407335.159789362,1,13,13150000 = 5.066|13A00980 = .163,67TH ST W|MANATEE AVE W,17500,13150000,13A00980,Y,-82.62850076,27.49604,10,0.727238269433597,On-System / Off-System,13150000,372,LPI-00500,1,5.066,5.056,5.076,67TH ST W,Off Corridor,,0,0,0,0,,,Unmatched,,0
69026,152986,75003000,URBAN GENERAL,ORLANDO,URBAN PRIN ART OTHER,DIVIDED,,SR  436,5,ORANGE,58000,6,45,1,LPI,Implement a Leading Pedestrian Interval (LPI),,LPI-02229,Potential Location,0.870000005,1,5408.8083328125,0.0224475873166352,0.00947007589920548,0.0375646344001817,0.0679565631655949,0.220985974825719,41803.5636239502,,240952.769512303,3.38222007022365,0.338222007022365,62.6874399860993,339064.347759497,5408.8083328125,333655.539426685,5,75,75003000 = 7.076|75A08499 = .009,N SEMORAN BLVD|OLEANDER DR,30250,75003000,75A08499,Y,-81.31068571,28.55359171,10,0.728467404879937,On-System / Off-System,75003000,373,LPI-02229,1,7.076,7.066,7.085999999999999,N SEMORAN BLVD,Off Corridor,,0,0,0,0,,,Unmatched,,0
68311,140692,72030000,URBAN GENERAL,JACKSONVILLE,URBAN PRIN ART OTHER,DIVIDED,US   17,SR   15,2,DUVAL,39500,6,45,1,LPI,Implement a Leading Pedestrian Interval (LPI),,LPI-02152,Potential Location,0.870000005,1,5408.8083328125,0.0224535179321992,0.00947257787764654,0.0375745589146646,0.0679745171775562,0.22104435895597,41814.6080565461,,240889.127002057,3.38311364719058,0.338311364719058,62.7040019044027,339153.928001224,5408.8083328125,333745.119668412,2,72,72030000 = 6.125|72A09784 = 1.908,ORTEGA FOREST DR|ROOSEVELT BLVD,19500,72030000,72A09784,Y,-81.71440645,30.27184889,10,0.728659864767421,On-System / Off-System,72030000,374,LPI-02152,1,6.125,6.115,6.135,ORTEGA FOREST DR,Off Corridor,,0,0,0,0,,,Unmatched,,0
33694,75369,16250000,URBAN GENERAL,LAKELAND,URBAN MINOR ART,DIVIDED,,SR   37,1,POLK,37500,4,45,1,LPI,Implement a Leading Pedestrian Interval (LPI),,LPI-02451,Potential Location,0.870000005,1,5408.8083328125,0.0224561280100322,0.00947367900423234,0.0375789267167883,0.067982418780371,0.221070053948763,41754.5054045403,,240861.128436573,3.38350691251157,0.338350691251157,62.613873669774,338666.441654743,5408.8083328125,333257.63332193,1,16,16250000 = 22.877|16A06966 = .012,S FLORIDA AVE|W BRANNEN RD,21500,16250000,16A06966,Y,-81.96624041,27.96148,10,0.72874456681574,On-System / Off-System,16250000,375,LPI-02451,1,22.877,22.866999999999997,22.887,S FLORIDA AVE,Off Corridor,,0,0,0,0,,,Unmatched,,0
105172,242175,88010000,URBAN GENERAL,VERO BEACH-SEBASTIAN,URBAN PRIN ART OTHER,DIVIDED,US    1,SR    5,4,INDIAN RIVER,27000,4,35,1,LPI,Implement a Leading Pedestrian Interval (LPI),,LPI-00616,Potential Location,0.870000005,1,5408.8083328125,0.0196005963369784,0.0095202896493895,0.0405375969696598,0.0783514747080772,0.284876849034038,51243.881194986,,275951.212903062,4.15246269994862,0.415246269994862,76.8438728325318,415633.779702182,5408.8083328125,410224.97136937,4,88,88010000 = 5.19|88A00264 = 0,15TH PL|US-1,12500,88010000,88A00264,Y,-80.38920371,27.62975985,10,0.7323300011965,On-System / Off-System,88010000,376,LPI-00616,1,5.19,5.180000000000001,5.2,15TH PL,Off Corridor,,0,0,0,0,,,Unmatched,,0
78340,201517,86016000,URBAN GENERAL,MIAMI,URBAN MINOR ART,DIVIDED,,SR  848,4,BROWARD,40000,6,45,1,LPI,Implement a Leading Pedestrian Interval (LPI),,LPI-00049,Potential Location,0.870000005,1,5408.8083328125,0.0228474193712784,0.00963875504725807,0.0382337283541237,0.0691669922372685,0.224922133982405,42548.1605598884,,236736.07267926,3.44246351558184,0.344246351558184,63.8040164616204,345103.695904519,5408.8083328125,339694.887571706,4,86,86016000 = 4.5|86A19358 = .009,LAKESHORE DR|STIRLING RD,19500,86016000,86A19358,Y,-80.17932038,26.04759,10,0.741442724459956,On-System / Off-System,86016000,377,LPI-00049,1,4.5,4.49,4.51,LAKESHORE DR,On Corridor,446370-1,1,105,0.02,100,0,0.3,Verified Match,446370-1,1
103145,237772,87240000,URBAN GENERAL,MIAMI,URBAN PRIN ART OTHER,DIVIDED,,SR    9,6,MIAMI-DADE,37500,6,35,1,LPI,Implement a Leading Pedestrian Interval (LPI),,LPI-00611,Potential Location,0.870000005,1,5408.8083328125,0.0262531011070006,0.0096501125073678,0.0390919464428899,0.0625638971129845,0.212674094401506,40367.7693564042,,206025.501930901,3.26605360575448,0.326605360575448,60.5343635692454,327418.770094836,5408.8083328125,322009.961762024,6,87,87240000 = 4.068|87A15707 = .434,NW 24TH ST|NW 27TH AVE,17250,87240000,87A15707,N,,,10,0.742316375271229,On-System / Off-System,87240000,378,LPI-00611,1,4.068,4.058,4.077999999999999,NW 24TH ST,On Corridor,"451124-1, 457511-1",7,106,0.02,100,0,0.3,Verified Match,"451124-1, 457511-1",7
101714,225188,87044000,URBAN GENERAL,MIAMI,URBAN PRIN ART OTHER,DIVIDED,,SR  976,6,MIAMI-DADE,45000,6,40,1,LPI,Implement a Leading Pedestrian Interval (LPI),,LPI-01049,Potential Location,0.870000005,1,5408.8083328125,0.0228940524793323,0.00965842838971832,0.0383117659458827,0.0693081666854787,0.225381215071927,42635.0041957775,,236253.862774855,3.4494898134094,0.34494898134094,63.9342447182817,345808.075584315,5408.8083328125,340399.267251503,6,87,87044000 = .293,SW 40TH ST,20250,87044000,87A33768,Y,-80.38136,25.73207135,10,0.742956058553565,On-System / Off-System,87044000,379,LPI-01049,1,0.293,0.283,0.303,SW 40TH ST,Off Corridor,,0,0,0,0,,,Unmatched,,0
16536,47494,13010000,URBAN GENERAL,215,URBAN PRIN ART OTHER,DIVIDED,USB  41,SR   45,1,MANATEE,27500,4,40,1,LPI,Implement a Leading Pedestrian Interval (LPI),,LPI-02066,Potential Location,0.870000005,1,5408.8083328125,0.0229342157662416,0.00967537227638319,0.03837897669632,0.0694297547610831,0.225776603805008,42643.4528576174,,235840.125860073,3.45554129115419,0.345554129115419,63.9469140922809,345876.601799974,5408.8083328125,340467.793467161,1,13,13010000 = 5.48|13A04740 = 0,14TH ST W|39TH AVE W,14500,13010000,13A04740,Y,-82.57531114,27.46559,10,0.744259434500993,On-System / Off-System,13010000,380,LPI-02066,1,5.48,5.470000000000001,5.49,14TH ST W,On Corridor,"456052-2, 412673-1",3,107,0.02,100,0,1.2,Verified Match,"456052-2, 412673-1",3
118723,265536,93005000,URBAN GENERAL,MIAMI,URBAN PRIN ART OTHER,DIVIDED,,SR  794,4,PALM BEACH,35500,8,45,1,LPI,Implement a Leading Pedestrian Interval (LPI),,LPI-02265,Potential Location,0.870000005,1,5408.8083328125,0.0229464155225578,0.00968051904857909,0.0383993922260304,0.0694666876171185,0.225896704687306,42732.5185423371,,235714.738430291,3.4573794513129,0.34573794513129,64.0804744704323,346599.004286253,5408.8083328125,341190.19595344,4,93,93005000 = .279,OLD COURSE WAY|W YAMATO RD,16750,93005000,93A31740,Y,-80.11689,26.39399091,10,0.744655340069751,On-System / Off-System,93005000,381,LPI-02265,1,0.279,0.269,0.28900000000000003,OLD COURSE WAY,Off Corridor,,0,0,0,0,,,Unmatched,,0
40619,90283,26070000,URBAN GENERAL,GAINESVILLE,URBAN PRIN ART OTHER,DIVIDED,,SR   26,2,ALACHUA,31500,4,35,1,LPI,Implement a Leading Pedestrian Interval (LPI),,LPI-00548,Potential Location,0.870000005,1,5408.8083328125,0.0229943736491454,0.00970075138323323,0.0384796471534918,0.0696118733519051,0.226368829963189,42755.3093025802,,235223.120896512,3.46460539216733,0.346460539216733,64.114650848978,346783.857767317,5408.8083328125,341375.049434504,2,26,26070000 = 16.969|26A01075 = .442,SR-26|SW 38TH ST|W UNIVERSITY AVE,15500,26070000,26A01075,Y,-82.38092,29.65233799,10,0.746211673564543,On-System / Off-System,26070000,382,LPI-00548,1,16.969,16.959,16.979000000000003,SR-26,On Corridor,"207817-5, 441046-2",2,106,0.02,100,0.8,0.6,Verified Match,"207817-5, 441046-2",2
110364,266981,93004000,URBAN GENERAL,MIAMI,URBAN PRIN ART OTHER,DIVIDED,,SR  808,4,PALM BEACH,46000,6,45,1,LPI,Implement a Leading Pedestrian Interval (LPI),,LPI-01874,Potential Location,0.870000005,1,5408.8083328125,0.0199822343532256,0.00970565668585243,0.0413268937759893,0.0798770355054914,0.29042361065654,52322.9168564765,,270680.857665919,4.23331420059196,0.423331420059196,78.461964148407,424385.725494739,5408.8083328125,418976.917161927,4,93,93004000 = 1.553|93A20162 = .044,CONCORD GREEN DR|GLADES RD|GOLF COURSE RD,22750,93004000,93A20162,Y,-80.178435,26.36792494,10,0.746589004549764,On-System / Off-System,93004000,383,LPI-01874,1,1.553,1.543,1.563,CONCORD GREEN DR,Off Corridor,,0,0,0,0,,,Unmatched,,0
28813,70340,15200001,URBAN GENERAL,TAMPA-ST PETERSBURG,URBAN MINOR ART,DIVIDED,,SR  682,7,PINELLAS,28500,4,45,1,LPI,Implement a Leading Pedestrian Interval (LPI),,LPI-02221,Potential Location,0.870000005,1,5408.8083328125,0.0200239622665393,0.00972592452946192,0.0414131946876153,0.0800438387745556,0.291030087942088,52350.7308552432,,270116.786119339,4.24215442160374,0.424215442160374,78.5036732331669,424611.321939943,5408.8083328125,419202.51360713,7,15,15200001 = 2.327|15A15366 = .234,BACOPA LN S|LEELAND ST S|PINELLAS BAYWAY S,15250,15200001,15A15366,Y,-82.70122508,27.71661091,10,0.748148069502766,On-System / Off-System,15200001,384,LPI-02221,1,2.327,2.317,2.3369999999999997,BACOPA LN S,On Corridor,"454969-1, 455331-1",2,106,0.02,100,0.1,0.9,Verified Match,"454969-1, 455331-1",2
95670,225454,87055000,URBAN GENERAL,MIAMI,URBAN MINOR ART,DIVIDED,,SR  986,6,MIAMI-DADE,37500,4,40,1,LPI,Implement a Leading Pedestrian Interval (LPI),,LPI-01676,Potential Location,0.870000005,1,5408.8083328125,0.0200659985059332,0.00974634213145326,0.0415001332736345,0.0802118745470939,0.291641046466915,52460.6305756574,,269550.91874512,4.2510599626969,0.42510599626969,78.6684757411523,425502.707118403,5408.8083328125,420093.89878559,6,87,87055000 = 1.357|87A20221 = .246,SW 113TH PL|SW 72ND ST,19000,87055000,87A20221,Y,-80.37678011,25.70066,10,0.749718654331737,On-System / Off-System,87055000,385,LPI-01676,1,1.357,1.347,1.367,SW 113TH PL,Off Corridor,,0,0,0,0,,,Unmatched,,0
71019,141641,72050000,URBAN GENERAL,JACKSONVILLE,URBAN PRIN ART OTHER,DIVIDED,US   17,SR    5,2,DUVAL,14400,4,35,1,LPI,Implement a Leading Pedestrian Interval (LPI),,LPI-01430,Potential Location,0.870000005,1,5408.8083328125,0.0200938042821054,0.00975984779416549,0.0415576406743544,0.0803230254289876,0.2920451781456,52533.3261133955,,269177.914588793,4.25695072471318,0.425695072471318,78.7774879105504,426092.333048621,5408.8083328125,420683.524715808,2,72,72050000 = 12.458|72A04444 = .351,63RD ST E|63RD ST W|MAIN ST N,7950,72050000,72A04444,Y,-81.64899904,30.38492494,10,0.750757551503405,On-System / Off-System,72050000,386,LPI-01430,1,12.458,12.448,12.468,63RD ST E,Off Corridor,,0,0,0,0,,,Unmatched,,0
54364,133095,70100000,URBAN GENERAL,PALM BAY-MELBOURNE,URBAN PRIN ART OTHER,1WAY,,SR  520,5,BREVARD,14000,3,35,1,LPI,Implement a Leading Pedestrian Interval (LPI),,LPI-01724,Potential Location,0.870000005,1,5408.8083328125,0.0201050693318713,0.00976531938976606,0.0415809388454611,0.0803680563681817,0.292208905402993,67763.07442,,269027.091801084,4.25933726939589,0.425933726939589,101.615587110942,549619.234309299,5408.8083328125,544210.425976487,5,70,70100000 = 9.115|70A01945 = .44,BREVARD AVE|KING ST,6875,70100000,70A01945,Y,-80.72624061,28.35587,10,0.751178443488868,On-System / Off-System,70100000,387,LPI-01724,1,9.115,9.105,9.125,BREVARD AVE,On Corridor,456100-1,2,106,0.02,100,0.8,208.1,Verified Match,456100-1,2
96016,204855,86090000,URBAN GENERAL,MIAMI,URBAN PRIN ART OTHER,DIVIDED,,SR  816,4,BROWARD,60500,6,45,1,LPI,Implement a Leading Pedestrian Interval (LPI),,LPI-01563,Potential Location,0.870000005,1,5408.8083328125,0.0235643771704963,0.00994122161880315,0.0394335124212525,0.0713374699497448,0.231980247441738,43883.3326009872,,229533.260891129,3.55048889148588,0.355048889148588,65.8062026376704,355933.13717738,5408.8083328125,350524.328844567,4,86,86090000 = 4.173,SOMERSET DR|W OAKLAND PARK BLVD,28750,86090000,86A41230,Y,-80.18969463,26.16524305,10,0.764709384704449,On-System / Off-System,86090000,388,LPI-01563,1,4.173,4.163,4.183,SOMERSET DR,On Corridor,"447675-1, 447546-1",2,105,0.02,100,0.1,0.3,Verified Match,"447675-1, 447546-1",2
85609,193115,86015000,URBAN GENERAL,MIAMI,URBAN PRIN ART OTHER,DIVIDED,,SR  818,4,BROWARD,34000,6,45,1,LPI,Implement a Leading Pedestrian Interval (LPI),,LPI-00838,Potential Location,0.870000005,1,5408.8083328125,0.0204868371195584,0.00995074945807122,0.042370504042723,0.0818941359142867,0.2977575531354,53644.2049627846,,264013.830014239,4.34021626262436,0.434021626262437,80.4433303690869,435102.555619506,5408.8083328125,429693.747286693,4,86,86015000 = 7.606|86A19094 = .28,GRIFFIN RD|SW 35TH AVE|SW 48TH ST,15000,86015000,86A19094,Y,-80.19263,26.06257526,10,0.765442295445566,On-System / Off-System,86015000,389,LPI-00838,1,7.606,7.596,7.616,GRIFFIN RD,Off Corridor,,0,0,0,0,,,Unmatched,,0
119358,264817,93010101,URBAN GENERAL,MIAMI,URBAN MINOR ART,1WAY,US    1,SR    5,4,PALM BEACH,13000,2,35,1,LPI,Implement a Leading Pedestrian Interval (LPI),,LPI-02238,Potential Location,0.870000005,1,5408.8083328125,0.0205959767368961,0.0100037601293495,0.0425962246149442,0.082330410904112,0.29934379825557,69417.6519034655,,262614.801031652,4.36333791577665,0.436333791577665,104.096744641676,563039.339836554,5408.8083328125,557630.531503742,4,93,93010101 = 1.301|93A18408 = 1.268,SE 2ND ST|SE 5TH AVE,5750,93010101,93A18408,Y,-80.06794054,26.45801,10,0.769520039546889,On-System / Off-System,93010101,390,LPI-02238,1,1.301,1.291,1.311,SE 2ND ST,Off Corridor,,0,0,0,0,,,Unmatched,,0
117714,265036,93010000,URBAN GENERAL,MIAMI,URBAN MINOR ART,DIVIDED,US    1,SR    5,4,PALM BEACH,30500,4,45,1,LPI,Implement a Leading Pedestrian Interval (LPI),,LPI-00263,Potential Location,0.870000005,1,5408.8083328125,0.0208163446725376,0.010110795983804,0.0430519855727482,0.0832113102624295,0.302546645865632,54422.3387377733,,259834.683653571,4.41002372151867,0.441002372151867,81.6101977385667,441413.917570835,5408.8083328125,436005.109238023,4,93,93010000 = 7.908|93A18875 = 0,S FEDERAL HWY|TROPIC BLVD,14000,93010000,93A18875,Y,-80.07178,26.43689533,10,0.777753567129289,On-System / Off-System,93010000,391,LPI-00263,1,7.908,7.898000000000001,7.918,S FEDERAL HWY,On Corridor,"447658-1, 233752-1",4,106,0.02,100,0.2,0.6,Verified Match,"447658-1, 233752-1",4
65198,143328,72150000,URBAN GENERAL,JACKSONVILLE,URBAN MINOR ART,DIVIDED,,SR  115,2,DUVAL,28000,4,35,1,LPI,Implement a Leading Pedestrian Interval (LPI),,LPI-02627,Potential Location,0.870000005,1,5408.8083328125,0.0239967775238217,0.0101236405178623,0.0401571073875204,0.0726464944568822,0.236237026232561,44619.1603629235,,225397.277923802,3.61563946347208,0.361563946347208,66.9096291082324,361901.359466001,5408.8083328125,356492.551133189,2,72,72150000 = 2.845|72A04190 = 0,LAKE FOREST BLVD|LEM TURNER RD,14750,72150000,72A04190,Y,-81.6803577,30.39254724,10,0.7787416082487,On-System / Off-System,72150000,392,LPI-02627,1,2.845,2.8350000000000004,2.855,LAKE FOREST BLVD,Off Corridor,,0,0,0,0,,,Unmatched,,0
65501,139532,72017000,URBAN GENERAL,JACKSONVILLE,URBAN MINOR ART,DIVIDED,,SR  128,2,DUVAL,16100,4,40,1,LPI,Implement a Leading Pedestrian Interval (LPI),,LPI-00576,Potential Location,0.870000005,1,5408.8083328125,0.0210221173890999,0.0102107427318485,0.0434775609638202,0.0840338666540901,0.305537365234758,54960.3117901948,,257291.320027402,4.45361747323427,0.445361747323427,82.4169268906835,445777.360931128,5408.8083328125,440368.552598315,2,72,72017000 = 1.993|72A02636 = .609,HAMILTON ST|SAN JUAN AVE,8850,72017000,72A02636,Y,-81.72195,30.28217938,10,0.78544177881303,On-System / Off-System,72017000,393,LPI-00576,1,1.993,1.983,2.003,HAMILTON ST,On Corridor,209138-4,3,105,0.02,100,0,0.8,Verified Match,209138-4,3
105916,231819,87140000,URBAN GENERAL,MIAMI,URBAN MINOR ART,DIVIDED,US  441,SR    7,6,MIAMI-DADE,26000,4,35,1,LPI,Implement a Leading Pedestrian Interval (LPI),,LPI-01519,Potential Location,0.870000005,1,5408.8083328125,0.0212724941051113,0.0103323542796255,0.0439953855355712,0.0850347231890035,0.309176363186789,55614.8977256787,,254263.007717223,4.506660756015,0.4506660756015,83.3985254193525,451086.639232469,5408.8083328125,445677.830899657,6,87,87140000 = 4.893|87A14469 = .764,NW 67TH ST|NW 7TH AVE,12000,87140000,87A14469,Y,-80.2086795,25.83598002,10,0.794796513617213,On-System / Off-System,87140000,394,LPI-01519,1,4.893,4.883,4.903,NW 67TH ST,Off Corridor,,0,0,0,0,,,Unmatched,,0
102441,233003,87120000,URBAN GENERAL,MIAMI,URBAN PRIN ART OTHER,DIVIDED,US   41,SR   90,6,MIAMI-DADE,33000,4,35,1,LPI,Implement a Leading Pedestrian Interval (LPI),,LPI-00143,Potential Location,0.870000005,1,5408.8083328125,0.0212782462963754,0.0103351482010966,0.0440072821129583,0.0850577170133033,0.309259966057547,55629.9362786227,,254194.272285205,4.50787938014543,0.450787938014543,83.4210768074025,451208.61536807,5408.8083328125,445799.807035258,6,87,87120000 = 13.971|87A17103 = .888,GALIANO ST|SW 8TH ST,18000,87120000,87A17103,Y,-80.25723992,25.76463,10,0.795011430661719,On-System / Off-System,87120000,395,LPI-00143,1,13.971,13.961,13.981,GALIANO ST,On Corridor,"440183-1, 452564-3",2,105,0.02,100,0,0.2,Verified Match,"440183-1, 452564-3",2
100008,221387,87008000,URBAN GENERAL,MIAMI,URBAN MINOR ART,1WAY,,SR  916,6,MIAMI-DADE,18000,3,40,1,LPI,Implement a Leading Pedestrian Interval (LPI),,LPI-01391,Potential Location,0.870000005,1,5408.8083328125,0.0213912497810402,0.0103900356079338,0.0442409938653331,0.0855094374364178,0.310902368976709,72098.0776998156,,252851.441041398,4.53181960864498,0.453181960864498,108.11623524677,584779.994115045,5408.8083328125,579371.185782232,6,87,87008000 = 6.841|87A11659 = 2.253,NW 10TH AVE|NW 135TH ST,7000,87008000,87A11659,Y,-80.21529979,25.89812001,10,0.799233539042352,On-System / Off-System,87008000,396,LPI-01391,1,6.841,6.831,6.851,NW 10TH AVE,Off Corridor,,0,0,0,0,,,Unmatched,,0
101903,225515,87044000,URBAN GENERAL,MIAMI,URBAN PRIN ART OTHER,DIVIDED,,SR  976,6,MIAMI-DADE,45000,6,40,1,LPI,Implement a Leading Pedestrian Interval (LPI),,LPI-01505,Potential Location,0.870000005,1,5408.8083328125,0.0247729808549751,0.0104511012981926,0.0414560351494974,0.0749963287601785,0.243878384182454,46134.0841097164,,218334.982151583,3.7325914747582,0.37325914747582,69.1813658509389,374188.748089908,5408.8083328125,368779.939757096,6,87,87044000 = .895|87A18298 = .01,SW 109TH AVE|SW 40TH ST,20250,87044000,87A18298,Y,-80.37173,25.7322931,10,0.803930900012158,On-System / Off-System,87044000,397,LPI-01505,1,0.895,0.885,0.905,SW 109TH AVE,Off Corridor,,0,0,0,0,,,Unmatched,,0
110051,246288,90010000,URBAN GENERAL,KEY WEST,URBAN PRIN ART OTHER,DIVIDED,US    1,SR    5,6,MONROE,40209,4,35,1,LPI,Implement a Leading Pedestrian Interval (LPI),,LPI-00905,Potential Location,0.870000005,1,5408.8083328125,0.0249536782433368,0.0105273330089077,0.041758420935334,0.0755433618694767,0.245657265268974,46398.4037056205,,216753.950262093,3.75981748907026,0.375981748907026,69.5777320304934,376332.616784728,5408.8083328125,370923.808451916,6,90,90010000 = 4.47|90020000 = 0|90550026 = .004,CROSS ST|FLORIDA KEYS OVERSEAS HERITAGE TRL|OVERSEAS HWY,18500,90010000,90550026,Y,-81.74435933,24.57245247,10,0.809794877985012,On-System / On-System,90010000,398,LPI-00905,1,4.47,4.46,4.4799999999999995,CROSS ST,On Corridor,433891-4,1,106,0.02,100,0.1,0.3,Verified Match,433891-4,1
110051,246288,90020000,URBAN GENERAL,KEY WEST,URBAN PRIN ART OTHER,DIVIDED,US    1,SR    5,6,MONROE,40209,4,35,1,LPI,Implement a Leading Pedestrian Interval (LPI),,LPI-00905,Potential Location,0.870000005,1,5408.8083328125,0.0249536782433368,0.0105273330089077,0.041758420935334,0.0755433618694767,0.245657265268974,46398.4037056205,,216753.950262093,3.75981748907026,0.375981748907026,69.5777320304934,376332.616784728,5408.8083328125,370923.808451916,6,90,90010000 = 4.47|90020000 = 0|90550026 = .004,CROSS ST|FLORIDA KEYS OVERSEAS HERITAGE TRL|OVERSEAS HWY,18500,90010000,90550026,Y,-81.74435933,24.57245247,10,0.809794877985012,On-System / On-System,90010000,398,LPI-00905,2,0,0,0.01,FLORIDA KEYS OVERSEAS HERITAGE TRL,On Corridor,433891-4,2,53,0.01,100,0.3,9.4,Verified Parallel Fallback,433891-4,2
110051,246288,90550026,URBAN GENERAL,KEY WEST,URBAN PRIN ART OTHER,DIVIDED,US    1,SR    5,6,MONROE,40209,4,35,1,LPI,Implement a Leading Pedestrian Interval (LPI),,LPI-00905,Potential Location,0.870000005,1,5408.8083328125,0.0249536782433368,0.0105273330089077,0.041758420935334,0.0755433618694767,0.245657265268974,46398.4037056205,,216753.950262093,3.75981748907026,0.375981748907026,69.5777320304934,376332.616784728,5408.8083328125,370923.808451916,6,90,90010000 = 4.47|90020000 = 0|90550026 = .004,CROSS ST|FLORIDA KEYS OVERSEAS HERITAGE TRL|OVERSEAS HWY,18500,90010000,90550026,Y,-81.74435933,24.57245247,10,0.809794877985012,On-System / On-System,90010000,398,LPI-00905,3,0.004,0,0.014,OVERSEAS HWY,Off Corridor,,0,0,0,0,89.6,17,No Match - Angle Mismatch,,0
115830,267941,93010000,URBAN GENERAL,MIAMI,URBAN MINOR ART,1WAY,US    1,SR    5,4,PALM BEACH,14000,2,35,1,LPI,Implement a Leading Pedestrian Interval (LPI),,LPI-02306,Potential Location,0.870000005,1,5408.8083328125,0.0216776228709388,0.0105291311087417,0.044833265483078,0.0866541859698048,0.315064541499213,73063.2830757514,,249511.137130427,4.59248886347931,0.459248886347931,109.563629890502,592608.674324934,5408.8083328125,587199.865992121,4,93,93010000 = 9.436|93A18408 = 1.329,S FEDERAL HWY|SE 2ND ST,7000,93010000,93A18408,Y,-80.06696001,26.45801055,10,0.809933193362177,On-System / Off-System,93010000,399,LPI-02306,1,9.436,9.426,9.446,S FEDERAL HWY,On Corridor,233752-1,3,106,0.02,100,0,0.7,Verified Match,233752-1,3
73149,156742,75012000,URBAN GENERAL,ORLANDO,URBAN MINOR ART,DIVIDED,,SR  552,5,ORANGE,29500,4,40,0,LPI,Implement a Leading Pedestrian Interval (LPI),,LPI-00080,Potential Location,0.870000005,1,5408.8083328125,0.0284754304288506,0.0106283619548723,0.0384233405397088,0.0592214990763134,0.194868094937383,37760.8587336508,,189946.499538509,3.05988839551163,0.305988839551163,56.6251142362687,306274.38972759,5408.8083328125,300865.581394777,5,75,75012000 = .755|75A10698 = 1.128,CURRY FORD RD|FREDRICA DR,14750,75012000,75A10698,N,,,10,0.817566335665803,On-System / Off-System,75012000,400,LPI-00080,1,0.755,0.745,0.765,CURRY FORD RD,Off Corridor,,0,0,0,0,,,Unmatched,,0
104633,228144,87066000,URBAN GENERAL,MIAMI,URBAN MINOR ART,DIVIDED,,SR  922,6,MIAMI-DADE,29000,4,35,1,LPI,Implement a Leading Pedestrian Interval (LPI),,LPI-01795,Potential Location,0.870000005,1,5408.8083328125,0.0219583398855403,0.0106654793729767,0.0454138393087311,0.0877763248931079,0.31914450810916,57407.9758079042,,246321.368601013,4.65195985672529,0.465195985672529,86.0873745251617,465630.108681645,5408.8083328125,460221.300348833,6,87,87066000 = 1.894|87A11732 = 1.146,NE 125TH ST|NE 9TH AVE,15500,87066000,87A11732,Y,-80.18042,25.89053038,10,0.820421521783652,On-System / Off-System,87066000,401,LPI-01795,1,1.894,1.884,1.904,NE 125TH ST,Off Corridor,,0,0,0,0,,,Unmatched,,0
120034,272277,93170000,URBAN GENERAL,BELLE GLADE,URBAN MINOR ART,NOT DIVIDED,,SR  715,4,PALM BEACH,11600,2,40,1,LPI,Implement a Leading Pedestrian Interval (LPI),,LPI-02000,Potential Location,0.870000005,1,5408.8083328125,0.0221753331151658,0.0107708760845091,0.0458626207609112,0.0886437341928318,0.322298307435195,246043.316106723,,243911.029643716,4.69793071784963,0.469793071784963,368.959588019056,1995631.69414854,5408.8083328125,1990222.88581573,4,93,93170000 = 1.721|93290000 = 2.137,NW 16TH ST|W CANAL ST N,9000,93290000,93170000,Y,-80.6840026,26.69428119,10,0.828528961444123,On-System / On-System,93290000,402,LPI-02000,1,1.721,1.711,1.731,NW 16TH ST,Off Corridor,,0,0,0,0,61.3,0.2,No Match - Angle Mismatch,,0
120034,272277,93290000,URBAN GENERAL,BELLE GLADE,URBAN MINOR ART,NOT DIVIDED,,SR  715,4,PALM BEACH,11600,2,40,1,LPI,Implement a Leading Pedestrian Interval (LPI),,LPI-02000,Potential Location,0.870000005,1,5408.8083328125,0.0221753331151658,0.0107708760845091,0.0458626207609112,0.0886437341928318,0.322298307435195,246043.316106723,,243911.029643716,4.69793071784963,0.469793071784963,368.959588019056,1995631.69414854,5408.8083328125,1990222.88581573,4,93,93170000 = 1.721|93290000 = 2.137,NW 16TH ST|W CANAL ST N,9000,93290000,93170000,Y,-80.6840026,26.69428119,10,0.828528961444123,On-System / On-System,93290000,402,LPI-02000,2,2.137,2.1270000000000002,2.147,W CANAL ST N,On Corridor,441757-2,2,106,0.02,100,0,0.7,Verified Match,441757-2,2
95602,199385,86020000,URBAN GENERAL,MIAMI,URBAN PRIN ART OTHER,DIVIDED,US    1,SR    5,4,BROWARD,42500,6,45,1,LPI,Implement a Leading Pedestrian Interval (LPI),,LPI-00366,Potential Location,0.870000005,1,5408.8083328125,0.0222447506809078,0.0108045931878695,0.046006188908241,0.0889212241504339,0.323307228646375,58247.252023761,,243149.874341131,4.7126370996101,0.47126370996101,87.3459293671978,472437.390598551,5408.8083328125,467028.582265739,4,86,86020000 = 7.874|86A13230 = .012,S FEDERAL HWY|SE 9TH ST,22750,86020000,86A13230,Y,-80.10482681,26.21899262,10,0.83112258487929,On-System / Off-System,86020000,403,LPI-00366,1,7.874,7.864,7.8839999999999995,S FEDERAL HWY,On Corridor,"457344-1, 457345-1",2,106,0.02,100,0.1,0.7,Verified Match,"457344-1, 457345-1",2
41405,85928,17120000,URBAN GENERAL,215,URBAN PRIN ART OTHER,DIVIDED,US  301,SR  683,1,SARASOTA,39000,4,35,1,LPI,Implement a Leading Pedestrian Interval (LPI),,LPI-00532,Potential Location,0.870000005,1,5408.8083328125,0.0222551495723206,0.0108096440779843,0.0460276957063904,0.0889627927059778,0.323458367079524,58183.9562967324,,243036.260674679,4.71484014527109,0.471484014527109,87.2510128877039,471924.005553344,5408.8083328125,466515.197220531,1,17,17120000 = .186|17A04675 = .469,OAK ST|S WASHINGTON BLVD,15500,17120000,17A04675,Y,-82.53099944,27.33139,10,0.831511114903067,On-System / Off-System,17120000,404,LPI-00532,1,0.186,0.176,0.196,OAK ST,Off Corridor,,0,0,0,0,,,Unmatched,,0
103948,203613,86050000,URBAN GENERAL,MIAMI,URBAN PRIN ART OTHER,DIVIDED,,SR  816,4,BROWARD,25500,3,35,1,LPI,Implement a Leading Pedestrian Interval (LPI),,LPI-00721,Potential Location,0.870000005,1,5408.8083328125,0.0223266114347532,0.0108443541254516,0.0461754918309669,0.0892484545404811,0.324497000284652,58370.7864893199,,242258.362789135,4.72997961925027,0.472997961925027,87.5311781528182,473439.365773858,5408.8083328125,468030.557441046,4,86,86050000 = 5.385|86090000 = 9.717|86A08807 = 0,E OAKLAND PARK BLVD|N OCEAN BLVD|SR-A1A,33800,86090000,86050000,Y,-80.10040404,26.16754,10,0.834181118657087,On-System / On-System,86090000,405,LPI-00721,1,5.385,5.375,5.395,E OAKLAND PARK BLVD,On Corridor,"444120-1, 451576-3",6,106,0.02,100,0.6,0.6,Verified Match,"444120-1, 451576-3",6
103948,203613,86090000,URBAN GENERAL,MIAMI,URBAN PRIN ART OTHER,DIVIDED,,SR  816,4,BROWARD,25500,3,35,1,LPI,Implement a Leading Pedestrian Interval (LPI),,LPI-00721,Potential Location,0.870000005,1,5408.8083328125,0.0223266114347532,0.0108443541254516,0.0461754918309669,0.0892484545404811,0.324497000284652,58370.7864893199,,242258.362789135,4.72997961925027,0.472997961925027,87.5311781528182,473439.365773858,5408.8083328125,468030.557441046,4,86,86050000 = 5.385|86090000 = 9.717|86A08807 = 0,E OAKLAND PARK BLVD|N OCEAN BLVD|SR-A1A,33800,86090000,86050000,Y,-80.10040404,26.16754,10,0.834181118657087,On-System / On-System,86090000,405,LPI-00721,2,9.717,9.707,9.727,N OCEAN BLVD,On Corridor,"448409-1, 444120-1",5,68,0.01,100,11.2,0.6,Verified Parallel Fallback,"448409-1, 444120-1",5
114748,267562,93030000,URBAN GENERAL,MIAMI,URBAN PRIN ART OTHER,DIVIDED,,SR  806,4,PALM BEACH,41500,6,45,1,LPI,Implement a Leading Pedestrian Interval (LPI),,LPI-00279,Potential Location,0.870000005,1,5408.8083328125,0.0223376485644928,0.0108497150170394,0.0461983186220193,0.0892925743915701,0.324657414931663,58490.5025108207,,242138.661873755,4.73231787818741,0.473231787818741,87.7107009078808,474410.369947371,5408.8083328125,469001.561614558,4,93,93030000 = 4.913,MARKET PLACE OF DELRAY|PINE WEST PLZ|W ATLANTIC AVE,17750,93030000,93A35741,Y,-80.12651,26.45782573,10,0.834593494948932,On-System / Off-System,93030000,406,LPI-00279,1,4.913,4.9030000000000005,4.923,MARKET PLACE OF DELRAY,Off Corridor,,0,0,0,0,,,Unmatched,,0
101805,219142,87008001,URBAN GENERAL,MIAMI,URBAN MINOR ART,1WAY,,SR  916,6,MIAMI-DADE,14500,3,40,1,LPI,Implement a Leading Pedestrian Interval (LPI),,LPI-00402,Potential Location,0.870000005,1,5408.8083328125,0.0224021628978157,0.0108810505503676,0.0463317459932097,0.0895504641551646,0.325595072117117,75505.3069728636,,241441.344636409,4.7459854910564,0.47459854910564,113.225619759881,612415.675645105,5408.8083328125,607006.867312293,6,87,87008001 = 1.821|87A00965 = .052,NW 19TH AVE|OPA LOCKA BLVD,5750,87008001,87A00965,Y,-80.23147105,25.89828998,10,0.837003920682276,On-System / Off-System,87008001,407,LPI-00402,1,1.821,1.811,1.831,NW 19TH AVE,Off Corridor,,0,0,0,0,,,Unmatched,,0
104725,228344,87140000,URBAN GENERAL,MIAMI,URBAN MINOR ART,DIVIDED,US  441,SR    7,6,MIAMI-DADE,27000,4,35,1,LPI,Implement a Leading Pedestrian Interval (LPI),,LPI-01530,Potential Location,0.870000005,1,5408.8083328125,0.0224172769024437,0.0108883916383298,0.0463630045027814,0.0896108809165219,0.325814740434381,58607.8226679618,,241278.561903425,4.74918745182259,0.474918745182259,87.8866308926089,475361.941514759,5408.8083328125,469953.133181947,6,87,87140000 = 4.385|87A14774 = 2.541,NW 58TH ST|NW 7TH AVE,14000,87140000,87A14774,Y,-80.20833001,25.82861028,10,0.83756861977801,On-System / Off-System,87140000,408,LPI-01530,1,4.385,4.375,4.395,NW 58TH ST,Off Corridor,,0,0,0,0,,,Unmatched,,0
69823,141343,72100000,URBAN GENERAL,JACKSONVILLE,URBAN PRIN ART OTHER,DIVIDED,USA  90,SR  A1A,2,DUVAL,37500,4,35,1,LPI,Implement a Leading Pedestrian Interval (LPI),,LPI-02158,Potential Location,0.870000005,1,5408.8083328125,0.0224304860627798,0.0108948075162073,0.0463903234480218,0.0896636832483586,0.326006723571538,58642.3567520941,,241136.474603092,4.75198586390403,0.475198586390403,87.9384172270466,475642.043871992,5408.8083328125,470233.235539179,2,72,72100000 = 19.39|72A01776 = .148,23RD AVE S|3RD ST S|LAGUNA VILLAS BLVD S,21000,72100000,72A01776,Y,-81.38858388,30.26905876,10,0.838062148864491,On-System / Off-System,72100000,409,LPI-02158,1,19.39,19.38,19.400000000000002,23RD AVE S,On Corridor,430911-2,1,106,0.02,100,0,0.8,Verified Match,430911-2,1
54252,132419,70080000,URBAN GENERAL,PALM BAY-MELBOURNE,URBAN PRIN ART OTHER,DIVIDED,,SR  A1A,5,BREVARD,30000,4,35,1,LPI,Implement a Leading Pedestrian Interval (LPI),,LPI-00996,Potential Location,0.870000005,1,5408.8083328125,0.0258919933122671,0.0109231846786127,0.043328632558497,0.0783839641289337,0.254894537287405,48143.0892364168,,208898.877254456,3.90119517984675,0.390119517984675,72.1940130368273,390483.579292766,5408.8083328125,385074.770959953,5,70,70080000 = .753|70A07237 = .206,N ATLANTIC AVE|SHEPARD DR S,16750,70080000,70A07237,Y,-80.60563944,28.36852895,10,0.840245007595015,On-System / Off-System,70080000,410,LPI-00996,1,0.753,0.743,0.763,N ATLANTIC AVE,On Corridor,452688-1,1,106,0.02,100,0.5,1.2,Verified Match,452688-1,1
103478,230956,87120000,URBAN GENERAL,MIAMI,URBAN PRIN ART OTHER,DIVIDED,US   41,SR   90,6,MIAMI-DADE,38500,4,35,1,LPI,Implement a Leading Pedestrian Interval (LPI),,LPI-01940,Potential Location,0.870000005,1,5408.8083328125,0.0225244058092815,0.0109404256787939,0.0465845665601049,0.090039118286972,0.327371761705353,58887.9009308964,,240131.010718326,4.77188312812152,0.477188312812152,88.3066283229012,477633.627115485,5408.8083328125,472224.818782672,6,87,87120000 = 13.084|87A16260 = .5,CORTEZ ST|SW 47TH AVE|SW 8TH ST,20250,87120000,87A16260,Y,-80.27146001,25.76415014,10,0.841571238429192,On-System / Off-System,87120000,411,LPI-01940,1,13.084,13.074,13.094,CORTEZ ST,On Corridor,"440183-1, 452564-3",2,105,0.02,100,0,0.2,Verified Match,"440183-1, 452564-3",2
87464,177845,79040000,URBAN GENERAL,DELTONA,URBAN PRIN ART OTHER,DIVIDED,US   17,SR   15,5,VOLUSIA,31000,4,45,1,LPI,Implement a Leading Pedestrian Interval (LPI),,LPI-02022,Potential Location,0.870000005,1,5408.8083328125,0.0225603417726405,0.0109578802895683,0.0466588886661429,0.0901827688002435,0.327894058263718,58981.8520640832,,239748.510342689,4.77949630196937,0.477949630196937,88.4475147812007,478395.654965115,5408.8083328125,472986.846632303,5,79,79040000 = 7.198|79A06456 = .248,E OHIO AVE|S VOLUSIA AVE|W OHIO AVE,15500,79040000,79A06456,Y,-81.29888928,28.93947999,10,0.842913900848092,On-System / Off-System,79040000,412,LPI-02022,1,7.198,7.188000000000001,7.208,E OHIO AVE,On Corridor,450991-1,1,106,0.02,100,0,1.1,Verified Match,450991-1,1
96296,206834,86100000,URBAN GENERAL,MIAMI,URBAN PRIN ART OTHER,DIVIDED,US  441,SR    7,4,BROWARD,53500,6,45,1,LPI,Implement a Leading Pedestrian Interval (LPI),,LPI-01626,Potential Location,0.870000005,1,5408.8083328125,0.0226410089536067,0.0109970614917518,0.046825723063141,0.0905052279989627,0.32906648240526,59284.8431304216,,238894.315350328,4.79658595854477,0.479658595854477,88.901871602506,480853.183926261,5408.8083328125,475444.375593449,4,86,86100000 = 19.822|86A04681 = .983,SR-7|WINFIELD BLVD,26750,86100000,86A04681,Y,-80.20163823,26.25866,10,0.845927839593517,On-System / Off-System,86100000,413,LPI-01626,1,19.822,19.811999999999998,19.832,SR-7,On Corridor,457381-1,1,106,0.02,100,0,0.6,Verified Match,457381-1,1
75831,157501,75030000,URBAN GENERAL,ORLANDO,URBAN MINOR ART,DIVIDED,,SR  526,5,ORANGE,16200,4,35,1,LPI,Implement a Leading Pedestrian Interval (LPI),,LPI-01031,Potential Location,0.870000005,1,5408.8083328125,0.0293597019725478,0.0110098882397054,0.0616553741423503,0.0965200202347508,0.375804185248612,67617.2866095622,,184225.587094511,5.47925438062673,0.547925438062673,101.396967839635,548436.764572937,5408.8083328125,543027.956240125,5,75,75030000 = 2.134|75080102 = .721|75080103 = 0|75130000 = 0,E ROBINSON ST|MILLS AVE N|N THORNTON AVE,24450,75130000,75030000,Y,-81.36435992,28.5457828,10,0.846914512550975,On-System / On-System,75130000,414,LPI-01031,1,2.134,2.124,2.1439999999999997,E ROBINSON ST,On Corridor,"441143-2, 447106-2",3,106,0.02,100,1.2,1.3,Verified Match,"441143-2, 447106-2",3
75831,157501,75080102,URBAN GENERAL,ORLANDO,URBAN MINOR ART,DIVIDED,,SR  526,5,ORANGE,16200,4,35,1,LPI,Implement a Leading Pedestrian Interval (LPI),,LPI-01031,Potential Location,0.870000005,1,5408.8083328125,0.0293597019725478,0.0110098882397054,0.0616553741423503,0.0965200202347508,0.375804185248612,67617.2866095622,,184225.587094511,5.47925438062673,0.547925438062673,101.396967839635,548436.764572937,5408.8083328125,543027.956240125,5,75,75030000 = 2.134|75080102 = .721|75080103 = 0|75130000 = 0,E ROBINSON ST|MILLS AVE N|N THORNTON AVE,24450,75130000,75030000,Y,-81.36435992,28.5457828,10,0.846914512550975,On-System / On-System,75130000,414,LPI-01031,2,0.721,0.711,0.731,MILLS AVE N,Off Corridor,,0,0,0,0,64.1,24.5,No Match - Angle Mismatch,,0
75831,157501,75080103,URBAN GENERAL,ORLANDO,URBAN MINOR ART,DIVIDED,,SR  526,5,ORANGE,16200,4,35,1,LPI,Implement a Leading Pedestrian Interval (LPI),,LPI-01031,Potential Location,0.870000005,1,5408.8083328125,0.0293597019725478,0.0110098882397054,0.0616553741423503,0.0965200202347508,0.375804185248612,67617.2866095622,,184225.587094511,5.47925438062673,0.547925438062673,101.396967839635,548436.764572937,5408.8083328125,543027.956240125,5,75,75030000 = 2.134|75080102 = .721|75080103 = 0|75130000 = 0,E ROBINSON ST|MILLS AVE N|N THORNTON AVE,24450,75130000,75030000,Y,-81.36435992,28.5457828,10,0.846914512550975,On-System / On-System,75130000,414,LPI-01031,3,0,0,0.01,N THORNTON AVE,On Corridor,441143-2,2,51,0.01,100,24.7,22.9,Verified Parallel Fallback,441143-2,2
75831,157501,75130000,URBAN GENERAL,ORLANDO,URBAN MINOR ART,DIVIDED,,SR  526,5,ORANGE,16200,4,35,1,LPI,Implement a Leading Pedestrian Interval (LPI),,LPI-01031,Potential Location,0.870000005,1,5408.8083328125,0.0293597019725478,0.0110098882397054,0.0616553741423503,0.0965200202347508,0.375804185248612,67617.2866095622,,184225.587094511,5.47925438062673,0.547925438062673,101.396967839635,548436.764572937,5408.8083328125,543027.956240125,5,75,75030000 = 2.134|75080102 = .721|75080103 = 0|75130000 = 0,E ROBINSON ST|MILLS AVE N|N THORNTON AVE,24450,75130000,75030000,Y,-81.36435992,28.5457828,10,0.846914512550975,On-System / On-System,75130000,414,LPI-01031,4,0,0,0.01,,On Corridor,"441143-2, 447106-2",3,53,0.01,100,44,0.7,Verified Parallel Fallback,"441143-2, 447106-2",3
65728,143716,72291000,URBAN GENERAL,JACKSONVILLE,URBAN MINOR ART,DIVIDED,,SR  111,2,DUVAL,16300,4,35,1,LPI,Implement a Leading Pedestrian Interval (LPI),,LPI-02194,Potential Location,0.870000005,1,5408.8083328125,0.0227993029915716,0.0110739471673348,0.0471531039143868,0.0911379929974772,0.33136714234341,59606.5932761663,,237235.688073974,4.83012116721766,0.483012116721766,89.3843590079657,483462.865825389,5408.8083328125,478054.057492577,2,72,72291000 = 10.391|72A04111 = .653,BUNKER HILL BLVD|EDGEWOOD AVE W,7350,72291000,72A04111,Y,-81.6698602,30.39242083,10,0.851842122558142,On-System / Off-System,72291000,415,LPI-02194,1,10.391,10.381,10.401,BUNKER HILL BLVD,Off Corridor,,0,0,0,0,,,Unmatched,,0
105956,231904,87120000,URBAN GENERAL,MIAMI,URBAN PRIN ART OTHER,DIVIDED,US   41,SR   90,6,MIAMI-DADE,50000,4,35,1,LPI,Implement a Leading Pedestrian Interval (LPI),,LPI-00582,Potential Location,0.870000005,1,5408.8083328125,0.0262525289435665,0.0110752856480671,0.0439319664039996,0.0794754294190003,0.25844384157647,48813.4624618854,,206029.992174829,3.95551775941894,0.395551775941894,73.1992857384056,395920.906657811,5408.8083328125,390512.098324999,6,87,87120000 = 10.57|87A17280 = .5,SW 72ND AVE|SW 8TH ST,27000,87120000,87A17280,Y,-80.31177407,25.76281941,10,0.851945082618437,On-System / Off-System,87120000,416,LPI-00582,1,10.57,10.56,10.58,SW 72ND AVE,On Corridor,452564-3,1,105,0.02,100,0,0.2,Verified Match,452564-3,1
102432,233003,87120000,URBAN GENERAL,MIAMI,URBAN PRIN ART OTHER,DIVIDED,US   41,SR   90,6,MIAMI-DADE,33000,4,35,1,LPI,Implement a Leading Pedestrian Interval (LPI),,LPI-00144,Potential Location,0.870000005,1,5408.8083328125,0.0301584358811141,0.0110856351069849,0.0449071504147548,0.0718707200290112,0.244310872587601,46300.7245023759,,179346.447346748,3.75190221726463,0.375190221726463,69.4312550639274,375540.350947401,5408.8083328125,370131.542614588,6,87,87120000 = 13.747|87A16987 = 1.475,SALZEDO ST|SW 39TH CT|SW 8TH ST,18000,87120000,87A16987,N,,,10,0.852741194873497,On-System / Off-System,87120000,417,LPI-00144,1,13.747,13.737,13.757,SALZEDO ST,On Corridor,"440183-1, 452564-3",2,105,0.02,100,0,0.2,Verified Match,"440183-1, 452564-3",2
109103,267168,93020000,URBAN GENERAL,MIAMI,URBAN MINOR ART,DIVIDED,US    1,SR    5,4,PALM BEACH,24000,4,35,1,LPI,Implement a Leading Pedestrian Interval (LPI),,LPI-00216,Potential Location,0.870000005,1,5408.8083328125,0.0228645607359214,0.011105643786019,0.0472880687947466,0.0913988544742418,0.332315604332313,59777.2033964413,,236558.593680524,4.84394627460912,0.484394627460912,89.6402011120498,484846.666729843,5408.8083328125,479437.858397031,4,93,93020000 = 11.632|93A10597 = .289,49TH ST|BROADWAY,11750,93020000,93A10597,Y,-80.05588994,26.75575047,10,0.854280324089165,On-System / Off-System,93020000,418,LPI-00216,1,11.632,11.622,11.642,49TH ST,On Corridor,"447554-1, 453589-1",3,106,0.02,100,0,0.8,Verified Match,"447554-1, 453589-1",3
97567,205929,86200000,URBAN GENERAL,MIAMI,URBAN PRIN ART OTHER,DIVIDED,,SR  858,4,BROWARD,57390,6,40,1,LPI,Implement a Leading Pedestrian Interval (LPI),,LPI-01337,Potential Location,0.870000005,1,5408.8083328125,0.0228701163400005,0.011108342222286,0.047299558794092,0.0914210624604176,0.332396349987053,59884.7543574439,,236501.128914344,4.84512325097848,0.484512325097848,89.8014814869466,485719.001365504,5408.8083328125,480310.193032691,4,86,86200000 = 2.736|86A02140 = .275,NW 10TH TER|SW 10TH TER|W HALLANDALE BEACH BLVD,28288,86200000,86A02140,Y,-80.16266,25.98504984,10,0.854487896117685,On-System / Off-System,86200000,419,LPI-01337,1,2.736,2.7260000000000004,2.746,NW 10TH TER,On Corridor,"446996-1, 444120-1, 449565-1, 436903-4",7,106,0.02,100,0,0.3,Verified Match,"446996-1, 444120-1, 449565-1, 436903-4",7
95905,202413,86040000,URBAN GENERAL,MIAMI,URBAN PRIN ART OTHER,DIVIDED,,SR  820,4,BROWARD,48500,6,45,1,LPI,Implement a Leading Pedestrian Interval (LPI),,LPI-00871,Potential Location,0.870000005,1,5408.8083328125,0.0264422954222415,0.0111553433812581,0.0442495287456573,0.0800499177821764,0.260312003605988,49242.8056278367,,204551.391868309,3.98411023057304,0.398411023057304,73.8431165895533,399403.264330421,5408.8083328125,393994.455997608,4,86,86040000 = 3.782|86A04492 = .014,PINES BLVD|SW 168TH AVE,22000,86040000,86A04492,Y,-80.37158,26.00761202,10,0.858103370023832,On-System / Off-System,86040000,420,LPI-00871,1,3.782,3.7720000000000002,3.792,PINES BLVD,Off Corridor,,0,0,0,0,,,Unmatched,,0
106823,228471,87220000,URBAN GENERAL,MIAMI,URBAN PRIN ART OTHER,DIVIDED,,SR  948,6,MIAMI-DADE,45500,6,40,1,LPI,Implement a Leading Pedestrian Interval (LPI),,LPI-01797,Potential Location,0.870000005,1,5408.8083328125,0.0265137841950181,0.0111855027072733,0.0443691607388507,0.080266338871637,0.261015777063612,49375.9373278725,,203999.862600858,3.99488157800875,0.399488157800875,74.0427571161677,400483.08167434,5408.8083328125,395074.273341527,6,87,87220000 = 2.678|87A15455 = .008,NW 36TH ST|PALMETTO DR,26000,87220000,87A15455,Y,-80.28092,25.8079312,10,0.860423318268072,On-System / Off-System,87220000,421,LPI-01797,1,2.678,2.668,2.6879999999999997,NW 36TH ST,Off Corridor,,0,0,0,0,,,Unmatched,,0
117253,264240,93030000,URBAN GENERAL,MIAMI,URBAN MINOR ART,DIVIDED,,SR  806,4,PALM BEACH,30000,4,35,1,LPI,Implement a Leading Pedestrian Interval (LPI),,LPI-00221,Potential Location,0.870000005,1,5408.8083328125,0.0269359511540708,0.0113636043931236,0.0450756307593904,0.0815443833765816,0.265171812884724,50084.2049678657,,200802.574294655,4.05849026529227,0.405849026529226,75.1048552084636,406227.766686214,5408.8083328125,400818.958353402,4,93,93030000 = 8.139|93A18368 = .498,SW 2ND AVE|W ATLANTIC AVE,14250,93030000,93A18368,Y,-80.07514235,26.46159485,10,0.874123448475796,On-System / Off-System,93030000,422,LPI-00221,1,8.139,8.129,8.149,SW 2ND AVE,Off Corridor,,0,0,0,0,,,Unmatched,,0
106766,227786,87030000,URBAN GENERAL,MIAMI,URBAN PRIN ART OTHER,DIVIDED,US    1,SR    5,6,MIAMI-DADE,69000,6,45,1,LPI,Implement a Leading Pedestrian Interval (LPI),,LPI-01407,Potential Location,0.870000005,1,5408.8083328125,0.0271109928971572,0.0114374501284882,0.0453685521763365,0.0820742949035032,0.266895016794592,50488.1037101432,,199506.095307179,4.08486413292636,0.408486413292636,75.7105303225458,409503.74729023897,5408.8083328125,404094.938957427,6,87,87030000 = 3.54|87A19845 = .107,MARIPOSA CT|S DIXIE HWY,36500,87030000,87A19845,Y,-80.27624296,25.71505774,10,0.879803889876164,On-System / Off-System,87030000,423,LPI-01407,1,3.54,3.5300000000000002,3.55,MARIPOSA CT,Off Corridor,,0,0,0,0,,,Unmatched,,0
106770,238207,87250000,URBAN GENERAL,MIAMI,URBAN MINOR ART,DIVIDED,,SR  944,6,MIAMI-DADE,25000,4,40,1,LPI,Implement a Leading Pedestrian Interval (LPI),,LPI-00355,Potential Location,0.870000005,1,5408.8083328125,0.023640823605263,0.0114826857511277,0.0488935215472484,0.0945018896844149,0.343597879444674,61806.6682947909,,228791.027889924,5.00840058787992,0.500840058787992,92.6835291920103,501307.445008216,5408.8083328125,495898.636675403,6,87,87250000 = 2.336|87A32523 = .253,NW 29TH AVE|NW 54TH ST,10750,87250000,87A32523,Y,-80.2428094,25.82386001,10,0.883283553289962,On-System / Off-System,87250000,424,LPI-00355,1,2.336,2.326,2.3459999999999996,NW 29TH AVE,On Corridor,451049-1,5,105,0.02,100,0,0.2,Verified Match,451049-1,5
104051,229772,87170000,URBAN GENERAL,MIAMI,URBAN PRIN ART OTHER,DIVIDED,,SR  826,6,MIAMI-DADE,57500,6,35,1,LPI,Implement a Leading Pedestrian Interval (LPI),,LPI-02571,Potential Location,0.870000005,1,5408.8083328125,0.0236525661060827,0.0114883892515259,0.0489178071739438,0.0945488291876917,0.343768546019089,61933.5769931608,,228677.442800657,5.01088828242858,0.501088828242858,92.8738378815838,502336.788234188,5408.8083328125,496927.979901375,6,87,87170000 = .981|87A10681 = 1.378,NE 167TH ST|NE 2ND AVE,30250,87170000,87A10681,Y,-80.19633501,25.92824512,10,0.883722284106695,On-System / Off-System,87170000,425,LPI-02571,1,0.981,0.971,0.991,NE 167TH ST,On Corridor,"452561-1, 458153-1",5,105,0.02,100,0,0.3,Verified Match,"452561-1, 458153-1",5
49611,106336,48020000,URBAN GENERAL,PENSACOLA,URBAN PRIN ART OTHER,DIVIDED,US   90,SR   10A,3,ESCAMBIA,25500,4,35,1,LPI,Implement a Leading Pedestrian Interval (LPI),,LPI-02478,Potential Location,0.870000005,1,5408.8083328125,0.0239239865793141,0.0116202220528097,0.0494791540617632,0.095633806092375,0.347713395851622,62546.9707606765,,226083.070013475,5.06838976716501,0.506838976716501,93.7936658018752,507311.961154214,5408.8083328125,501903.152821401,3,48,48020000 = 15.222|48A02326 = .268,E CERVANTES ST|N HAYNE ST,14750,48020000,48A02326,Y,-87.21332098,30.42198982,10,0.893863269210872,On-System / Off-System,48020000,426,LPI-02478,1,15.222,15.212,15.232,E CERVANTES ST,On Corridor,"457655-2, 456593-2",4,106,0.02,100,0.1,1.5,Verified Match,"457655-2, 456593-2",4
115092,266945,93030000,URBAN GENERAL,MIAMI,URBAN MINOR ART,DIVIDED,,SR  806,4,PALM BEACH,30000,4,35,1,LPI,Implement a Leading Pedestrian Interval (LPI),,LPI-01873,Potential Location,0.870000005,1,5408.8083328125,0.0241510776549543,0.0117305234324064,0.0499488196954736,0.096541580547986,0.351013958189619,63140.6786204008,,223957.225018609,5.11649989630981,0.511649989630981,94.683973292417,512127.463727821,5408.8083328125,506718.655395009,4,93,93030000 = 7.765|93A04793 = 1.295,NW 8TH AVE|SW 8TH AVE|W ATLANTIC AVE,14250,93030000,93A04793,Y,-80.08118,26.46160995,10,0.902347991044642,On-System / Off-System,93030000,427,LPI-01873,1,7.765,7.755,7.7749999999999995,NW 8TH AVE,Off Corridor,,0,0,0,0,,,Unmatched,,0
25112,64070,15010000,URBAN GENERAL,TAMPA-ST PETERSBURG,URBAN PRIN ART OTHER,DIVIDED,USA  19,SR  595,7,PINELLAS,32500,6,45,1,LPI,Implement a Leading Pedestrian Interval (LPI),,LPI-02405,Potential Location,0.870000005,1,5408.8083328125,0.0243026541284488,0.0118041462909609,0.0502623074020192,0.0971474927368384,0.353216984435069,63635.8141375352,,222560.396252396,5.14861196277732,0.514861196277732,95.4264644899273,516143.456303955,5408.8083328125,510734.647971142,7,15,15010000 = 14.03|15A10666 = .718,110TH AVE N|SEMINOLE BLVD,33500,15010000,15A10666,Y,-82.78705509,27.87274,10,0.908011288074347,On-System / Off-System,15010000,428,LPI-02405,1,14.03,14.02,14.04,110TH AVE N,Off Corridor,,0,0,0,0,,,Unmatched,,0
93735,225497,87066000,URBAN GENERAL,MIAMI,URBAN MINOR ART,DIVIDED,,SR  922,6,MIAMI-DADE,29000,4,35,1,LPI,Implement a Leading Pedestrian Interval (LPI),,LPI-01678,Potential Location,0.870000005,1,5408.8083328125,0.0282454058300352,0.0119160305845461,0.0472669213186996,0.0855085528057707,0.278062780362714,52518.9805587481,,191493.383573939,4.25578825654734,0.425578825654734,78.7559757231178,425975.977749978,5408.8083328125,420567.169417166,6,87,87066000 = 2.58|87A02492 = .859,NE 123RD ST|NE 125TH ST|NE 14TH AVE RD,15500,87066000,87A02492,Y,-80.16955749,25.89024701,10,0.916617772527307,On-System / Off-System,87066000,429,LPI-01678,1,2.58,2.5700000000000003,2.59,NE 123RD ST,Off Corridor,,0,0,0,0,,,Unmatched,,0
78428,146587,72150000,URBAN GENERAL,JACKSONVILLE,URBAN MINOR ART,DIVIDED,,SR  115,2,DUVAL,29500,4,35,1,LPI,Implement a Leading Pedestrian Interval (LPI),,LPI-00071,Potential Location,0.870000005,1,5408.8083328125,0.0245948155577461,0.0119460532709052,0.0508665503580657,0.098315379593172,0.357463285208605,64300.7888528368,,219916.604786614,5.21050749986522,0.521050749986522,96.4236417385641,521536.996915673,5408.8083328125,516128.18858286,2,72,72150000 = 2.369|72A04452 = .217,LEM TURNER RD|LILA ST,16000,72150000,72A04452,Y,-81.6761968,30.38666139,10,0.918927210028372,On-System / Off-System,72150000,430,LPI-00071,1,2.369,2.3590000000000004,2.379,LEM TURNER RD,Off Corridor,,0,0,0,0,,,Unmatched,,0
103864,230912,87072000,URBAN GENERAL,MIAMI,URBAN MINOR ART,DIVIDED,,SR  985,6,MIAMI-DADE,31500,4,40,1,LPI,Implement a Leading Pedestrian Interval (LPI),,LPI-00791,Potential Location,0.870000005,1,5408.8083328125,0.028396170438444,0.0119796344037186,0.0475192164680837,0.0859649691007583,0.279546987261588,52799.30945845,,190476.682218029,4.27850424277993,0.427850424277993,79.1763490012076,428249.696239402,5408.8083328125,422840.88790659,6,87,87072000 = 1.29|87A04206 = 1.014,SW 107TH AVE|SW 84TH ST,17250,87072000,87A04206,Y,-80.36594685,25.69048,10,0.921510374190289,On-System / Off-System,87072000,431,LPI-00791,1,1.29,1.28,1.3,SW 107TH AVE,On Corridor,449948-1,2,106,0.02,100,0,0.1,Verified Match,449948-1,2
48901,102098,48020000,URBAN GENERAL,PENSACOLA,URBAN PRIN ART OTHER,DIVIDED,US   90,SR   10A,3,ESCAMBIA,25500,4,35,1,LPI,Implement a Leading Pedestrian Interval (LPI),,LPI-02424,Potential Location,0.870000005,1,5408.8083328125,0.0247435245041588,0.0120182833305914,0.0511741074972375,0.0989098291218192,0.359624634554763,64689.5741454673,,218594.902755402,5.24201206954827,0.524201206954827,97.006653151622,524690.393904745,5408.8083328125,519281.585571933,3,48,48020000 = 15.3|48070101 = 2.084,DR MARTIN L KING JR DR|E CERVANTES ST|N ALCANIZ ST,16850,48020000,48070101,Y,-87.21205046,30.42220992,10,0.924483368679469,On-System / On-System,48020000,432,LPI-02424,1,15.3,15.290000000000001,15.31,DR MARTIN L KING JR DR,On Corridor,"457655-2, 456593-2",4,106,0.02,100,0.1,1.6,Verified Match,"457655-2, 456593-2",4
48901,102098,48070101,URBAN GENERAL,PENSACOLA,URBAN PRIN ART OTHER,DIVIDED,US   90,SR   10A,3,ESCAMBIA,25500,4,35,1,LPI,Implement a Leading Pedestrian Interval (LPI),,LPI-02424,Potential Location,0.870000005,1,5408.8083328125,0.0247435245041588,0.0120182833305914,0.0511741074972375,0.0989098291218192,0.359624634554763,64689.5741454673,,218594.902755402,5.24201206954827,0.524201206954827,97.006653151622,524690.393904745,5408.8083328125,519281.585571933,3,48,48020000 = 15.3|48070101 = 2.084,DR MARTIN L KING JR DR|E CERVANTES ST|N ALCANIZ ST,16850,48020000,48070101,Y,-87.21205046,30.42220992,10,0.924483368679469,On-System / On-System,48020000,432,LPI-02424,2,2.084,2.0740000000000003,2.094,E CERVANTES ST,On Corridor,452931-1,2,106,0.02,100,0,0,Verified Match,452931-1,2
109265,270803,93180000,URBAN GENERAL,MIAMI,URBAN PRIN ART OTHER,DIVIDED,,SR  802,4,PALM BEACH,44500,6,45,1,LPI,Implement a Leading Pedestrian Interval (LPI),,LPI-01847,Potential Location,0.870000005,1,5408.8083328125,0.0248980008192429,0.0120933146836323,0.0514935926034341,0.0995273331449734,0.361869807361496,65194.7126497111,,217238.65992615,5.2747384787546,0.52747384787546,97.7641445452817,528787.519666806,5408.8083328125,523378.711333993,4,93,93180000 = 4.929|93A14111 = .126,LAKE WORTH RD|SOUTHVIEW RD|SWAIN BLVD,21250,93180000,93A14111,Y,-80.12538492,26.61893542,10,0.930255011443058,On-System / Off-System,93180000,433,LPI-01847,1,4.929,4.9190000000000005,4.939,LAKE WORTH RD,Off Corridor,,0,0,0,0,,,Unmatched,,0
30260,81645,17120000,URBAN GENERAL,215,URBAN PRIN ART OTHER,DIVIDED,US  301,SR  683,1,SARASOTA,38500,4,35,1,LPI,Implement a Leading Pedestrian Interval (LPI),,LPI-00245,Potential Location,0.870000005,1,5408.8083328125,0.024902146789116,0.0120953284404278,0.0515021672229445,0.0995439062557132,0.361930065264539,65104.2769119281,,217202.491761735,5.27561681862536,0.527561681862536,97.6285296743614,528054.004822919,5408.8083328125,522645.196490106,1,17,17120000 = 1.094|17A04331 = .47,10TH ST|N WASHINGTON BLVD,17750,17120000,17A04331,Y,-82.53098953,27.34445999,10,0.930409915817903,On-System / Off-System,17120000,434,LPI-00245,1,1.094,1.084,1.104,10TH ST,Off Corridor,,0,0,0,0,,,Unmatched,,0
101835,219784,87008000,URBAN GENERAL,MIAMI,URBAN MINOR ART,DIVIDED,,SR  916,6,MIAMI-DADE,31000,4,40,1,LPI,Implement a Leading Pedestrian Interval (LPI),,LPI-01388,Potential Location,0.870000005,1,5408.8083328125,0.0250102274463465,0.012147824759654,0.0517256976731257,0.0999759481556552,0.36350091936224,65386.8434350774,,216263.860231412,5.2985141269531,0.52985141269531,98.0522584291955,530345.872442918,5408.8083328125,524937.064110105,6,87,87008000 = 9.611|87A01067 = .814,NE 135TH ST|NE 14TH AVE,8600,87008000,87A01067,Y,-80.17080063,25.90008997,10,0.934448094375235,On-System / Off-System,87008000,435,LPI-01388,1,9.611,9.601,9.621,NE 135TH ST,Off Corridor,,0,0,0,0,,,Unmatched,,0
109488,204473,86090000,URBAN GENERAL,MIAMI,URBAN PRIN ART OTHER,DIVIDED,,SR  816,4,BROWARD,38000,6,35,1,LPI,Implement a Leading Pedestrian Interval (LPI),,LPI-00067,Potential Location,0.870000005,1,5408.8083328125,0.0288185782117451,0.0121578376830799,0.0482260894762171,0.0872437426332126,0.283705393786093,53668.0958551697,,187684.773796652,4.34214921399777,0.434214921399777,80.4791564746331,435296.332157717,5408.8083328125,429887.523824904,4,86,86090000 = 8.522|86A08788 = .009,E OAKLAND PARK BLVD|NE 20TH AVE,17000,86090000,86A08788,Y,-80.11968,26.16715724,10,0.935218319283777,On-System / Off-System,86090000,436,LPI-00067,1,8.522,8.512,8.532,E OAKLAND PARK BLVD,On Corridor,448409-1,2,105,0.02,100,0,0.5,Verified Match,448409-1,2
86792,193091,86014000,URBAN GENERAL,MIAMI,URBAN PRIN ART OTHER,DIVIDED,,SR  870,4,BROWARD,55000,6,45,1,LPI,Implement a Leading Pedestrian Interval (LPI),,LPI-00708,Potential Location,0.870000005,1,5408.8083328125,0.0289789159950906,0.0122254801854289,0.0484944047355345,0.0877291402195127,0.285283844104795,53966.6887788931,,186646.330515911,4.3663076084478,0.43663076084478,80.9269179658439,437718.18824249,5408.8083328125,432309.379909678,4,86,86014000 = 3.124|86A05008 = .084,MAINLAND DR|W COMMERCIAL BLVD,25250,86014000,86A05008,Y,-80.20521565,26.18654,10,0.940421588895358,On-System / Off-System,86014000,437,LPI-00708,1,3.124,3.1140000000000003,3.134,MAINLAND DR,On Corridor,"441944-1, 446380-1",3,106,0.02,100,2.7,0.3,Verified Match,"441944-1, 446380-1",3
90366,207574,86170000,URBAN GENERAL,MIAMI,URBAN MINOR ART,DIVIDED,,SR  811,4,BROWARD,22500,4,40,1,LPI,Implement a Leading Pedestrian Interval (LPI),,LPI-01570,Potential Location,0.870000005,1,5408.8083328125,0.0252058150588931,0.0122428244571767,0.0521302084172563,0.100757790586069,0.366343607503685,65898.1885088823,,214585.734290872,5.33995012470077,0.533995012470077,98.8190570187771,534493.339043835,5408.8083328125,529084.530711023,4,86,86170000 = 4.448|86580504 = .916,N DIXIE HWY|NE 56TH ST,19300,86170000,86580504,Y,-80.13247998,26.19626956,10,0.941755763696504,On-System / On-System,86170000,438,LPI-01570,1,4.448,4.438000000000001,4.458,N DIXIE HWY,On Corridor,446999-1,2,106,0.02,100,0.4,0.5,Verified Match,446999-1,2
90366,207574,86580504,URBAN GENERAL,MIAMI,URBAN MINOR ART,DIVIDED,,SR  811,4,BROWARD,22500,4,40,1,LPI,Implement a Leading Pedestrian Interval (LPI),,LPI-01570,Potential Location,0.870000005,1,5408.8083328125,0.0252058150588931,0.0122428244571767,0.0521302084172563,0.100757790586069,0.366343607503685,65898.1885088823,,214585.734290872,5.33995012470077,0.533995012470077,98.8190570187771,534493.339043835,5408.8083328125,529084.530711023,4,86,86170000 = 4.448|86580504 = .916,N DIXIE HWY|NE 56TH ST,19300,86170000,86580504,Y,-80.13247998,26.19626956,10,0.941755763696504,On-System / On-System,86170000,438,LPI-01570,2,0.916,0.906,0.926,NE 56TH ST,Off Corridor,,0,0,0,0,89.6,6.9,No Match - Angle Mismatch,,0
93851,220469,87020000,URBAN GENERAL,MIAMI,URBAN PRIN ART OTHER,1WAY,US    1,SR    5,6,MIAMI-DADE,26500,3,45,1,LPI,Implement a Leading Pedestrian Interval (LPI),,LPI-01390,Potential Location,0.870000005,1,5408.8083328125,0.0255297185536831,0.0124001490117889,0.0528000997360264,0.10205256325745,0.371051250342735,86046.5681425166,,211863.218211318,5.40857034203369,0.540857034203369,129.032996444194,697914.746375122,5408.8083328125,692505.93804231,6,87,87020000 = 14.423|87A00490 = .433,E HIBISCUS ST|US-1,14000,87020000,87A00490,Y,-80.35015044,25.60385948,10,0.953857652978289,On-System / Off-System,87020000,439,LPI-01390,1,14.423,14.413,14.433,E HIBISCUS ST,Off Corridor,,0,0,0,0,,,Unmatched,,0
102467,233041,87090000,URBAN GENERAL,MIAMI,URBAN MINOR ART,DIVIDED,US   27,SR   25,6,MIAMI-DADE,18800,2,35,1,LPI,Implement a Leading Pedestrian Interval (LPI),,LPI-01537,Potential Location,0.870000005,1,5408.8083328125,0.0255447869451729,0.0124074679447983,0.0528312639093348,0.10211279768473,0.371270255714501,58302.0012676332,,211738.244066059,5.41176263947882,0.541176263947882,87.4280297826169,472881.456009598,5408.8083328125,467472.647676785,6,87,87090000 = 17.753|87A15371 = 1.018,NW 14TH AVE|NW 36TH ST,10000,87090000,87A15371,Y,-80.21980998,25.80967954,10,0.954420647846814,On-System / Off-System,87090000,440,LPI-01537,1,17.753,17.743,17.763,NW 14TH AVE,Off Corridor,,0,0,0,0,,,Unmatched,,0
104491,238159,87281000,URBAN GENERAL,MIAMI,URBAN PRIN ART OTHER,DIVIDED,,SR  953,6,MIAMI-DADE,41500,4,40,1,LPI,Implement a Leading Pedestrian Interval (LPI),,LPI-00346,Potential Location,0.870000005,1,5408.8083328125,0.0256359271876038,0.0124517360625504,0.0530197585016351,0.102477121926551,0.372594896283469,67022.675460465,,210985.4772652,5.43107105492966,0.543107105492966,100.505305801934,543613.935513367,5408.8083328125,538205.127180555,6,87,87281000 = 9.341|87A13420 = 1.489,E 43RD ST|E 8TH AVE,17250,87281000,87A13420,Y,-80.26669071,25.86181496,10,0.957825887804874,On-System / Off-System,87281000,441,LPI-00346,1,9.341,9.331,9.350999999999999,E 43RD ST,Off Corridor,,0,0,0,0,,,Unmatched,,0
101566,226151,87030000,URBAN GENERAL,MIAMI,URBAN PRIN ART OTHER,DIVIDED,US    1,SR    5,6,MIAMI-DADE,42500,4,35,1,LPI,Implement a Leading Pedestrian Interval (LPI),,LPI-01579,Potential Location,0.870000005,1,5408.8083328125,0.0256479613821381,0.0124575812427528,0.0530446474039675,0.102525227447041,0.372769802360849,67054.137709082,,210886.481472142,5.43362054592824,0.543362054592823,100.552485698838,543869.122532884,5408.8083328125,538460.314200071,6,87,87030000 = 16.202|87A09045 = .429,BISCAYNE BLVD|NE 81ST ST,18000,87030000,87A09045,Y,-80.18469046,25.84937,10,0.958275517068505,On-System / Off-System,87030000,442,LPI-01579,1,16.202,16.192,16.212000000000003,BISCAYNE BLVD,On Corridor,"445996-1, 447214-1",3,106,0.02,100,0.2,0.3,Verified Match,"445996-1, 447214-1",3
77983,146496,72150000,URBAN GENERAL,JACKSONVILLE,URBAN MINOR ART,DIVIDED,,SR  115,2,DUVAL,28000,4,35,1,LPI,Implement a Leading Pedestrian Interval (LPI),,LPI-00069,Potential Location,0.870000005,1,5408.8083328125,0.0256529783976777,0.012460018078872,0.053055023504288,0.10254528247799,0.372842720120793,67067.2542155312,,210845.237888718,5.4346834202171,0.54346834202171,100.572154840403,543975.509149682,5408.8083328125,538566.70081687,2,72,72150000 = 3.389|72A04162 = .427,LEM TURNER RD|PROSPECT ST,14750,72150000,72A04162,Y,-81.68365493,30.39964001,10,0.958462966007962,On-System / Off-System,72150000,443,LPI-00069,1,3.389,3.379,3.3989999999999996,LEM TURNER RD,Off Corridor,,0,0,0,0,,,Unmatched,,0
85795,195214,86003000,URBAN GENERAL,MIAMI,URBAN MINOR ART,DIVIDED,,SR  844,4,BROWARD,18100,3,35,1,LPI,Implement a Leading Pedestrian Interval (LPI),,LPI-02059,Potential Location,0.870000005,1,5408.8083328125,0.0296116765502477,0.0124924260446358,0.0495532899770551,0.089644723931414,0.291513075163806,48066.2136043861,,182657.956689293,4.46164682771935,0.446164682771935,72.0787325164231,389860.049053393,5408.8083328125,384451.24072058,4,86,86003000 = .902|86050000 = 11.188,NE 14TH ST CSWY|SR-A1A,15916,86003000,86050000,Y,-80.08651106,26.25034921,10,0.960955886547207,On-System / On-System,86003000,444,LPI-02059,1,0.902,0.892,0.912,NE 14TH ST CSWY,Off Corridor,,0,0,0,0,,,Unmatched,,0
85795,195214,86050000,URBAN GENERAL,MIAMI,URBAN MINOR ART,DIVIDED,,SR  844,4,BROWARD,18100,3,35,1,LPI,Implement a Leading Pedestrian Interval (LPI),,LPI-02059,Potential Location,0.870000005,1,5408.8083328125,0.0296116765502477,0.0124924260446358,0.0495532899770551,0.089644723931414,0.291513075163806,48066.2136043861,,182657.956689293,4.46164682771935,0.446164682771935,72.0787325164231,389860.049053393,5408.8083328125,384451.24072058,4,86,86003000 = .902|86050000 = 11.188,NE 14TH ST CSWY|SR-A1A,15916,86003000,86050000,Y,-80.08651106,26.25034921,10,0.960955886547207,On-System / On-System,86003000,444,LPI-02059,2,11.188,11.178,11.198,SR-A1A,Off Corridor,,0,0,0,0,,,Unmatched,,0
79305,146820,72150000,URBAN GENERAL,JACKSONVILLE,URBAN MINOR ART,DIVIDED,,SR  115,2,DUVAL,28000,4,35,1,LPI,Implement a Leading Pedestrian Interval (LPI),,LPI-02519,Potential Location,0.870000005,1,5408.8083328125,0.025783524748369,0.0125234263063507,0.0533250170932177,0.103067128799324,0.37474009264959,67408.5551418017,,209777.692755318,5.4623401732332,0.54623401732332,101.083960042592,546743.76539206,5408.8083328125,541334.957059247,2,72,72150000 = 3.883|72A04023 = 1.547,CLYDE DR|CLYDE ST|LEM TURNER RD,14750,72150000,72A04023,Y,-81.68651026,30.4063099,10,0.963340522155455,On-System / Off-System,72150000,445,LPI-02519,1,3.883,3.873,3.893,CLYDE DR,Off Corridor,,0,0,0,0,,,Unmatched,,0
88745,198062,86040000,URBAN GENERAL,MIAMI,URBAN PRIN ART OTHER,DIVIDED,,SR  820,4,BROWARD,41000,6,35,1,LPI,Implement a Leading Pedestrian Interval (LPI),,LPI-00723,Potential Location,0.870000005,1,5408.8083328125,0.0260353979399397,0.012645764713685,0.0538459366485117,0.104073967349525,0.378400840513442,68172.9549186699,,207748.248952827,5.51570049019158,0.551570049019158,102.230232297486,552943.732316,5408.8083328125,547534.923983187,4,86,86040000 = 14.722|86A21041 = 1.547,HOLLYWOOD BLVD|N 52ND AVE|S 52ND AVE,19000,86040000,86A21041,Y,-80.19578999,26.01031975,10,0.972751169235429,On-System / Off-System,86040000,446,LPI-00723,1,14.722,14.712,14.732,HOLLYWOOD BLVD,Off Corridor,,0,0,0,0,,,Unmatched,,0
87212,177683,79220000,URBAN GENERAL,DAYTONA BEACH-PORT ORANGE,URBAN MINOR ART,NOT DIVIDED,,SR  430,5,VOLUSIA,19100,4,35,1,LPI,Implement a Leading Pedestrian Interval (LPI),,LPI-02621,Potential Location,0.870000005,1,5408.8083328125,0.0301009153754877,0.0126988236740339,0.0503720005736677,0.0911258180312617,0.296329402067594,51202.4155967721,,179689.16444372,4.53536135884106,0.453536135884106,76.7816921959023,415297.456556641,5408.8083328125,409888.648223828,5,79,79220000 = .748|79A01490 = 0,MASON AVE|VINE ST,9800,79220000,79A01490,Y,-81.05088874,29.21822611,10,0.976832627880784,On-System / Off-System,79220000,447,LPI-02621,1,0.748,0.738,0.758,MASON AVE,Off Corridor,,0,0,0,0,,,Unmatched,,0
71940,145191,72150000,URBAN GENERAL,JACKSONVILLE,URBAN MINOR ART,DIVIDED,,SR  115,2,DUVAL,28000,4,35,1,LPI,Implement a Leading Pedestrian Interval (LPI),,LPI-02365,Potential Location,0.870000005,1,5408.8083328125,0.0301878954670042,0.0127355184001424,0.0505175563205649,0.0913891366676886,0.297185680296656,56130.8095440857,,179171.427790467,4.54846681231753,0.454846681231753,84.1721721697931,455271.146222905,5408.8083328125,449862.337890093,2,72,72150000 = 2.896|72A04240 = 2.008,LEM TURNER RD|PALMDALE ST,14750,72150000,72A04240,Y,-81.68097267,30.39307209,10,0.979655299228466,On-System / Off-System,72150000,448,LPI-02365,1,2.896,2.886,2.9059999999999997,LEM TURNER RD,Off Corridor,,0,0,0,0,,,Unmatched,,0
101435,229979,87080900,URBAN GENERAL,MIAMI,URBAN PRIN ART OTHER,NOT DIVIDED,,SR  934,6,MIAMI-DADE,30200,4,35,1,LPI,Implement a Leading Pedestrian Interval (LPI),,LPI-00779,Potential Location,0.870000005,1,5408.8083328125,0.0302454536245604,0.0127598007478614,0.0506138762998503,0.0915633849962278,0.297752313377411,51448.2788008086,,178830.458288129,4.55713920783806,0.455713920783806,77.1503816929622,417291.627380559,5408.8083328125,411882.819047746,6,87,87080900 = 39.008|87502500 = 2.48,NW 2ND AVE|NW 79TH ST,15800,87080900,87502500,Y,-80.2009588,25.84725982,10,0.981523172201769,On-System / On-System,87080900,449,LPI-00779,1,39.008,38.998000000000005,39.018,NW 2ND AVE,On Corridor,"410646-5, 410646-7",7,105,0.02,100,0,0.3,Verified Match,"410646-5, 410646-7",7
34171,75352,16030000,SUBURBAN COMMERCIAL,WINTER HAVEN,URBAN MINOR ART,DIVIDED,,SR  544,1,POLK,36500,6,35,1,LPI,Implement a Leading Pedestrian Interval (LPI),,LPI-02261,Potential Location,0.870000005,1,5408.8083328125,0.0263163118543972,0.0127822086149929,0.054426917698867,0.105196893360824,0.382483668883796,125617.916158101,,205530.636767733,5.5752131974392,0.55752131974392,188.373069128208,1018873.82597812,5408.8083328125,1013465.0176453,1,16,16030000 = 30.672|16140000 = 3.187,8TH ST NW|AVENUE T NW|HAVENDALE BLVD NW|SR-544|US-17,41000,16140000,16030000,Y,-81.73501993,28.04395,10,0.983246854355104,On-System / On-System,16140000,450,LPI-02261,1,30.672,30.662,30.682000000000002,8TH ST NW,On Corridor,"450875-1, 413656-1",3,106,0.02,100,1.1,2,Verified Match,"450875-1, 413656-1",3
34171,75352,16140000,SUBURBAN COMMERCIAL,WINTER HAVEN,URBAN MINOR ART,DIVIDED,,SR  544,1,POLK,36500,6,35,1,LPI,Implement a Leading Pedestrian Interval (LPI),,LPI-02261,Potential Location,0.870000005,1,5408.8083328125,0.0263163118543972,0.0127822086149929,0.054426917698867,0.105196893360824,0.382483668883796,125617.916158101,,205530.636767733,5.5752131974392,0.55752131974392,188.373069128208,1018873.82597812,5408.8083328125,1013465.0176453,1,16,16030000 = 30.672|16140000 = 3.187,8TH ST NW|AVENUE T NW|HAVENDALE BLVD NW|SR-544|US-17,41000,16140000,16030000,Y,-81.73501993,28.04395,10,0.983246854355104,On-System / On-System,16140000,450,LPI-02261,2,3.187,3.177,3.1969999999999996,AVENUE T NW,On Corridor,"454941-1, 450884-1",4,105,0.02,100,0.1,1,Verified Match,"454941-1, 450884-1",4
27396,65013,15150000,URBAN GENERAL,TAMPA-ST PETERSBURG,URBAN PRIN ART OTHER,DIVIDED,US   19,SR   55,7,PINELLAS,44500,6,35,1,LPI,Implement a Leading Pedestrian Interval (LPI),,LPI-02408,Potential Location,0.870000005,1,5408.8083328125,0.026553462174081,0.012897395913125,0.0549173876782129,0.106144878664703,0.385930433189199,69529.49149862,,203695.032209098,5.62545441662648,0.562545441662648,104.264456130878,563946.459136858,5408.8083328125,558537.650804046,7,15,15150000 = 3.629|15A14522 = 2.746,11TH AVE S|34TH ST S,20500,15150000,15A14522,Y,-82.67941972,27.75923,10,0.992107416090673,On-System / Off-System,15150000,451,LPI-02408,1,3.629,3.619,3.639,11TH AVE S,On Corridor,"438702-1, 440246-1",6,106,0.02,100,0,1.1,Verified Match,"438702-1, 440246-1",6
65194,137288,72017000,URBAN GENERAL,JACKSONVILLE,URBAN MINOR ART,DIVIDED,,SR  128,2,DUVAL,14500,4,40,1,LPI,Implement a Leading Pedestrian Interval (LPI),,LPI-01319,Potential Location,0.870000005,1,5408.8083328125,0.0266335008596599,0.0129362718461205,0.0550829222324784,0.106464825514329,0.387093722721648,69630.7362487813,,203082.890278419,5.64241092400542,0.564241092400542,104.416279890612,564767.644753623,5408.8083328125,559358.836420811,2,72,72017000 = 1.024|72A08419 = 2.145,LAKE SHORE BLVD|SAN JUAN AVE,14700,72017000,72A08419,Y,-81.73813,30.28209974,10,0.995097872589958,On-System / Off-System,72017000,452,LPI-01319,1,1.024,1.014,1.034,LAKE SHORE BLVD,On Corridor,209138-4,3,105,0.02,100,0,0.8,Verified Match,209138-4,3
110258,248878,90040000,URBAN GENERAL,MARATHON,URBAN PRIN ART OTHER,DIVIDED,US    1,SR    5,6,MONROE,18700,4,45,1,LPI,Implement a Leading Pedestrian Interval (LPI),,LPI-02232,Potential Location,0.870000005,1,5408.8083328125,0.0306939969576632,0.0129490299665142,0.0513644855338396,0.0929212798523008,0.302168012237121,57071.8452122795,,176217.139145253,4.62472207285542,0.462472207285542,85.5833226043672,462903.788452282,5408.8083328125,457494.980119469,6,90,90040000 = 2.045|90560000 = 2.07,OVERSEAS HWY|SOMBRERO BEACH RD,18200,90040000,90560000,Y,-81.07571123,24.71621233,10,0.996079266504139,On-System / On-System,90040000,453,LPI-02232,1,2.045,2.035,2.0549999999999997,OVERSEAS HWY,On Corridor,433891-4,1,106,0.02,100,0,0.4,Verified Match,433891-4,1
110258,248878,90560000,URBAN GENERAL,MARATHON,URBAN PRIN ART OTHER,DIVIDED,US    1,SR    5,6,MONROE,18700,4,45,1,LPI,Implement a Leading Pedestrian Interval (LPI),,LPI-02232,Potential Location,0.870000005,1,5408.8083328125,0.0306939969576632,0.0129490299665142,0.0513644855338396,0.0929212798523008,0.302168012237121,57071.8452122795,,176217.139145253,4.62472207285542,0.462472207285542,85.5833226043672,462903.788452282,5408.8083328125,457494.980119469,6,90,90040000 = 2.045|90560000 = 2.07,OVERSEAS HWY|SOMBRERO BEACH RD,18200,90040000,90560000,Y,-81.07571123,24.71621233,10,0.996079266504139,On-System / On-System,90040000,453,LPI-02232,2,2.07,2.06,2.0799999999999996,SOMBRERO BEACH RD,Off Corridor,,0,0,0,0,89.3,26.9,No Match - Angle Mismatch,,0
30970,89916,29010000,URBAN GENERAL,LAKE CITY,URBAN MINOR ART,DIVIDED,US   90,SR   10,2,COLUMBIA,17600,4,45,1,LPI,Implement a Leading Pedestrian Interval (LPI),,LPI-00944,Potential Location,0.870000005,1,5408.8083328125,0.0267180039405247,0.0129773161996834,0.0552576899679034,0.106802618349266,0.388321898181035,69851.6614574841,,202440.58444084,5.66031323091941,0.566031323091941,104.747573076201,566559.546096444,5408.8083328125,561150.737763631,2,29,29010000 = 10.049|29070000 = 3.022,N MARION AVE|S MARION AVE|US-90|W DUVAL ST,21300,29010000,29070000,Y,-82.63714998,30.18934936,10,0.998255130677769,On-System / On-System,29010000,454,LPI-00944,1,10.049,10.039,10.059,N MARION AVE,Off Corridor,,0,0,0,0,,,Unmatched,,0
30970,89916,29070000,URBAN GENERAL,LAKE CITY,URBAN MINOR ART,DIVIDED,US   90,SR   10,2,COLUMBIA,17600,4,45,1,LPI,Implement a Leading Pedestrian Interval (LPI),,LPI-00944,Potential Location,0.870000005,1,5408.8083328125,0.0267180039405247,0.0129773161996834,0.0552576899679034,0.106802618349266,0.388321898181035,69851.6614574841,,202440.58444084,5.66031323091941,0.566031323091941,104.747573076201,566559.546096444,5408.8083328125,561150.737763631,2,29,29010000 = 10.049|29070000 = 3.022,N MARION AVE|S MARION AVE|US-90|W DUVAL ST,21300,29010000,29070000,Y,-82.63714998,30.18934936,10,0.998255130677769,On-System / On-System,29010000,454,LPI-00944,2,3.022,3.012,3.0319999999999996,S MARION AVE,Off Corridor,,0,0,0,0,,,Unmatched,,0
14461,42442,12010000,URBAN GENERAL,CAPE CORAL,URBAN PRIN ART OTHER,DIVIDED,US   41,SR   45,1,LEE,45500,6,40,1,LPI,Implement a Leading Pedestrian Interval (LPI),,LPI-02354,Potential Location,0.870000005,1,5408.8083328125,0.0267535806071769,0.0129945962949145,0.0553312689830249,0.106944832608949,0.3888389726884,70053.4959693531,,202171.380804315,5.66785028636006,0.566785028636006,105.050238393535,568196.60478689,5408.8083328125,562787.796454078,1,12,12010000 = 21.287|12A12441 = .137,CLEVELAND AVE|COLLIER AVE,22000,12010000,12A12441,Y,-81.87195,26.60790948,10,0.99958436882359,On-System / Off-System,12010000,455,LPI-02354,1,21.287,21.276999999999997,21.297,CLEVELAND AVE,On Corridor,456031-1,1,106,0.02,100,0,1.3,Verified Match,456031-1,1
100661,221916,87001000,URBAN GENERAL,MIAMI,URBAN PRIN ART OTHER,DIVIDED,,SR   94,6,MIAMI-DADE,39500,6,45,1,LPI,Implement a Leading Pedestrian Interval (LPI),,LPI-00419,Potential Location,0.870000005,1,5408.8083328125,0.0268952555601846,0.0130634098435183,0.0556242785449273,0.107511164434089,0.390898089334956,70424.4678364543,,201106.411527081,5.69786467713509,0.569786467713509,105.606537298208,571205.518938021,5408.8083328125,565796.710605209,6,87,87001000 = 10.023|87A20885 = 1.763,SW 77TH AVE|SW 88TH ST,18250,87001000,87A20885,Y,-80.31938237,25.68842796,10,1.00487771891978,On-System / Off-System,87001000,456,LPI-00419,1,10.023,10.013,10.033,SW 77TH AVE,On Corridor,437784-1,1,106,0.02,100,0,0.1,Verified Match,437784-1,1
86030,194170,86010000,URBAN GENERAL,MIAMI,URBAN PRIN ART OTHER,DIVIDED,US    1,SR    5,4,BROWARD,30125,4,35,1,LPI,Implement a Leading Pedestrian Interval (LPI),,LPI-02040,Potential Location,0.870000005,1,5408.8083328125,0.0269217954785205,0.0130763006609956,0.0556791679214855,0.107617255172579,0.391283822920769,70384.4549083596,,200908.157746311,5.70348726223681,0.570348726223681,105.546535044544,570880.978248418,5408.8083328125,565472.169915606,4,86,86010000 = 1.722|86A05756 = .307,S FEDERAL HWY|WILEY ST,14505,86010000,86A05756,Y,-80.14274543,25.99952,10,1.00586932030233,On-System / Off-System,86010000,457,LPI-02040,1,1.722,1.712,1.732,S FEDERAL HWY,Off Corridor,,0,0,0,0,,,Unmatched,,0
100741,229806,87080900,URBAN GENERAL,MIAMI,URBAN MINOR ART,DIVIDED,,SR  934,6,MIAMI-DADE,29500,4,35,1,LPI,Implement a Leading Pedestrian Interval (LPI),,LPI-02572,Potential Location,0.870000005,1,5408.8083328125,0.0310941963392169,0.0131178640806072,0.0520341941864084,0.0941328209488013,0.306107787555057,57815.9684748702,,173949.127798834,4.68502086404795,0.468502086404795,86.6991887727525,468939.294682148,5408.8083328125,463530.486349335,6,87,87080900 = 33.434|87A14359 = .972,W 21ST ST|W 2ND AVE,13500,87080900,87A14359,Y,-80.28605,25.84067327,10,1.00906650654926,On-System / Off-System,87080900,458,LPI-02572,1,33.434,33.424,33.443999999999996,W 21ST ST,Off Corridor,,0,0,0,0,,,Unmatched,,0
31541,74961,16003000,URBAN GENERAL,LAKELAND,URBAN MAJOR COLLECTOR,DIVIDED,,SR  563,1,POLK,34500,4,40,1,LPI,Implement a Leading Pedestrian Interval (LPI),,LPI-00910,Potential Location,0.870000005,1,5408.8083328125,0.0270971731617954,0.0131614841071578,0.0560418808573496,0.108318310379229,0.393832778112913,70842.9630583917,,199607.844719332,5.74064170772829,0.574064170772829,106.234100879764,574599.890067313,5408.8083328125,569191.081734501,1,16,16003000 = .467|16004001 = .015|16004101 = .004,KATHLEEN RD|MARTIN LUTHER KING JR AVE|SIKES BLVD,30100,16003000,16004101,Y,-81.96273045,28.04687974,10,1.01242189333605,On-System / On-System,16003000,459,LPI-00910,1,0.467,0.457,0.47700000000000004,KATHLEEN RD,On Corridor,"451469-1, 454603-1",3,106,0.02,100,15.1,1.6,Verified Match,"451469-1, 454603-1",3
31541,74961,16004101,URBAN GENERAL,LAKELAND,URBAN MAJOR COLLECTOR,DIVIDED,,SR  563,1,POLK,34500,4,40,1,LPI,Implement a Leading Pedestrian Interval (LPI),,LPI-00910,Potential Location,0.870000005,1,5408.8083328125,0.0270971731617954,0.0131614841071578,0.0560418808573496,0.108318310379229,0.393832778112913,70842.9630583917,,199607.844719332,5.74064170772829,0.574064170772829,106.234100879764,574599.890067313,5408.8083328125,569191.081734501,1,16,16003000 = .467|16004001 = .015|16004101 = .004,KATHLEEN RD|MARTIN LUTHER KING JR AVE|SIKES BLVD,30100,16003000,16004101,Y,-81.96273045,28.04687974,10,1.01242189333605,On-System / On-System,16003000,459,LPI-00910,3,0.004,0,0.014,SIKES BLVD,Off Corridor,,0,0,0,0,38.1,60.5,No Match - Angle Mismatch,,0
69465,143861,72160000,URBAN GENERAL,JACKSONVILLE,URBAN MINOR ART,DIVIDED,,SR   13,2,DUVAL,23500,2,40,1,LPI,Implement a Leading Pedestrian Interval (LPI),,LPI-01485,Potential Location,0.870000005,1,5408.8083328125,0.0311986151687349,0.01316191577431,0.0522089325714298,0.0944489326397248,0.307135741985335,50642.161321626,,173366.936434821,4.70075384487673,0.470075384487673,75.9415507532704,410753.292520992,5408.8083328125,405344.48418818,2,72,72160000 = 12.774|72A08707 = .195,HENDRICKS AVE|SAN MARCO BLVD,19250,72160000,72A08707,Y,-81.6520591,30.3032195,10,1.01245509850289,On-System / Off-System,72160000,460,LPI-01485,1,12.774,12.764,12.783999999999999,HENDRICKS AVE,On Corridor,209697-5,3,106,0.02,100,0,210.4,Verified Match,209697-5,3
104444,232155,87140000,URBAN GENERAL,MIAMI,URBAN PRIN ART OTHER,DIVIDED,US  441,SR    7,6,MIAMI-DADE,59000,6,45,1,LPI,Implement a Leading Pedestrian Interval (LPI),,LPI-01524,Potential Location,0.870000005,1,5408.8083328125,0.0270998709530197,0.0131627944628953,0.0560474603801089,0.108329094536876,0.39387198805582,70960.2474693829,,199587.973765233,5.74121324531003,0.574121324531003,106.409977260579,575551.171701406,5408.8083328125,570142.363368593,6,87,87140000 = 12.9|87A01071 = .72,NW 188TH ST|NW 2ND AVE,26750,87140000,87A01071,Y,-80.20534963,25.94688005,10,1.01252268993512,On-System / Off-System,87140000,461,LPI-01524,1,12.9,12.89,12.91,NW 188TH ST,Off Corridor,,0,0,0,0,,,Unmatched,,0
92464,222566,87020001,URBAN GENERAL,MIAMI,URBAN PRIN ART OTHER,1WAY,US    1,SR    5,6,MIAMI-DADE,26500,3,45,1,LPI,Implement a Leading Pedestrian Interval (LPI),,LPI-00422,Potential Location,0.870000005,1,5408.8083328125,0.0271051122667791,0.0131653402438641,0.0560583003699296,0.108350046178112,0.393948165786483,91356.3494548395,,199549.379451997,5.74232363805067,0.574232363805067,136.995394108417,740981.82921054,5408.8083328125,735573.020877728,6,87,87020001 = .508|87A04193 = .229,BANYAN ST|S DIXIE HWY,13000,87020001,87A04193,Y,-80.34964949,25.60858109,10,1.01271851924795,On-System / Off-System,87020001,462,LPI-00422,1,0.508,0.498,0.518,BANYAN ST,Off Corridor,,0,0,0,0,,,Unmatched,,0
112527,271035,93190000,URBAN GENERAL,MIAMI,URBAN PRIN ART OTHER,DIVIDED,,SR  706,4,PALM BEACH,43500,6,45,1,LPI,Implement a Leading Pedestrian Interval (LPI),,LPI-01849,Potential Location,0.870000005,1,5408.8083328125,0.0271120197468357,0.0131686953056059,0.056072586294592,0.108377658156832,0.394048559729578,70992.0587432127,,199498.539146785,5.74378701461291,0.574378701461291,106.457680545806,575809.189628048,5408.8083328125,570400.381295235,4,93,93190000 = 14.539|93A06481 = .384,DELAWARD BLVD|S DELAWARE BLVD|W INDIANTOWN RD,20250,93190000,93A06481,Y,-80.11806499,26.93412976,10,1.01297660093032,On-System / Off-System,93190000,463,LPI-01849,1,14.539,14.529,14.549,DELAWARD BLVD,Off Corridor,,0,0,0,0,,,Unmatched,,0
34834,45168,12010000,URBAN GENERAL,CAPE CORAL,URBAN PRIN ART OTHER,DIVIDED,US   41,SR   45,1,LEE,45500,6,40,1,LPI,Implement a Leading Pedestrian Interval (LPI),,LPI-02361,Potential Location,0.870000005,1,5408.8083328125,0.031230762644758,0.0131754779907573,0.0522627293633372,0.0945462541003416,0.307452218817653,58160.2447884063,,173188.480676451,4.70559756536565,0.470559756536565,87.2154557814118,471731.68398054,5408.8083328125,466322.875647728,1,12,12010000 = 21.978|12A11943 = .249,CLEVELAND AVE|GRACE AVE,22000,12010000,12A11943,Y,-81.87218732,26.61795,10,1.01349834596203,On-System / Off-System,12010000,464,LPI-02361,1,21.978,21.968,21.988000000000003,CLEVELAND AVE,On Corridor,456031-1,1,106,0.02,100,0,1.3,Verified Match,456031-1,1
13934,33458,11002000,URBAN GENERAL,LEESBURG-EUSTIS-TAVARES,URBAN PRIN ART OTHER,DIVIDED,,SR   44,5,LAKE,21000,4,40,1,LPI,Implement a Leading Pedestrian Interval (LPI),,LPI-02346,Potential Location,0.870000005,1,5408.8083328125,0.0272840150816903,0.013252235896821,0.0564283039189504,0.10906519275512,0.396548355562294,71331.4433566811,,198240.922995319,5.78022489641355,0.578022489641355,106.966612099594,578561.902857007,5408.8083328125,573153.094524194,5,11,11002000 = 3.619|11A03880 = .364,S LAKE ST|SR-44,21950,11002000,11A03880,Y,-81.86692981,28.80656,10,1.01940280050172,On-System / Off-System,11002000,465,LPI-02346,1,3.619,3.6090000000000004,3.629,S LAKE ST,Off Corridor,,0,0,0,0,,,Unmatched,,0
35924,44515,12014000,URBAN GENERAL,CAPE CORAL,URBAN PRIN ART OTHER,1WAY,USB  41,SR  739,1,LEE,26000,3,35,1,LPI,Implement a Leading Pedestrian Interval (LPI),,LPI-00302,Potential Location,0.870000005,1,5408.8083328125,0.0273547135305178,0.0132865751433944,0.0565745211653891,0.109347802918096,0.397575893244685,92197.6173326497,,197728.567940522,5.79520263824616,0.579520263824616,138.256935590308,747805.265289978,5408.8083328125,742396.456957166,1,12,12014000 = 3.852|12020102 = .399,2ND ST|FOWLER ST,31925,12014000,12020102,Y,-81.86476962,26.64469944,10,1.02204428110896,On-System / On-System,12014000,466,LPI-00302,1,3.852,3.842,3.8619999999999997,2ND ST,On Corridor,456248-1,2,105,0.02,100,0,1.1,Verified Match,456248-1,2
35924,44515,12020102,URBAN GENERAL,CAPE CORAL,URBAN PRIN ART OTHER,1WAY,USB  41,SR  739,1,LEE,26000,3,35,1,LPI,Implement a Leading Pedestrian Interval (LPI),,LPI-00302,Potential Location,0.870000005,1,5408.8083328125,0.0273547135305178,0.0132865751433944,0.0565745211653891,0.109347802918096,0.397575893244685,92197.6173326497,,197728.567940522,5.79520263824616,0.579520263824616,138.256935590308,747805.265289978,5408.8083328125,742396.456957166,1,12,12014000 = 3.852|12020102 = .399,2ND ST|FOWLER ST,31925,12014000,12020102,Y,-81.86476962,26.64469944,10,1.02204428110896,On-System / On-System,12014000,466,LPI-00302,2,0.399,0.389,0.40900000000000003,FOWLER ST,Off Corridor,,0,0,0,0,89.4,3.2,No Match - Angle Mismatch,,0
117203,264202,93010000,URBAN GENERAL,MIAMI,URBAN PRIN ART OTHER,DIVIDED,US    1,SR    5,4,PALM BEACH,32000,4,45,1,LPI,Implement a Leading Pedestrian Interval (LPI),,LPI-00254,Potential Location,0.870000005,1,5408.8083328125,0.0314962246702104,0.013287469782745,0.0527069634715552,0.0953498989039572,0.310065568022907,58563.492451922,,171728.78303501,4.74559522648186,0.474559522648186,87.8201545562236,475002.383752584,5408.8083328125,469593.575419772,4,93,93010000 = 3.322|93A20215 = 0,N FEDERAL HWY|NE 24TH ST,15000,93010000,93A20215,Y,-80.07685395,26.37064399,10,1.0221130995232,On-System / Off-System,93010000,467,LPI-00254,1,3.322,3.3120000000000003,3.332,N FEDERAL HWY,On Corridor,"448064-1, 448135-1, 233752-1",9,106,0.02,100,0,0.7,Verified Match,"448064-1, 448135-1, 233752-1",9
102941,236578,87240000,URBAN GENERAL,MIAMI,URBAN PRIN ART OTHER,DIVIDED,,SR    9,6,MIAMI-DADE,31500,5,40,1,LPI,Implement a Leading Pedestrian Interval (LPI),,LPI-00161,Potential Location,0.870000005,1,5408.8083328125,0.0315461711409611,0.013308540950093,0.0527905457687021,0.095501104040019,0.31055726761504,58656.361987666,,171456.888021172,4.7531207548795,0.47531207548795,87.9594190816325,475755.638878081,5408.8083328125,470346.830545268,6,87,87240000 = 7.641|87A13918 = .149,NW 27TH AVE|NW 84TH ST|UNITY BLVD,15000,87240000,87A13918,Y,-80.24195688,25.85068,10,1.0237339586123,On-System / Off-System,87240000,468,LPI-00161,1,7.641,7.631,7.651,NW 27TH AVE,On Corridor,438076-1,4,106,0.02,100,0,0.3,Verified Match,438076-1,4
65651,143568,72170000,URBAN GENERAL,JACKSONVILLE,URBAN PRIN ART OTHER,DIVIDED,,SR   21,2,DUVAL,36738,6,40,1,LPI,Implement a Leading Pedestrian Interval (LPI),,LPI-02192,Potential Location,0.870000005,1,5408.8083328125,0.0275385044314325,0.0133758450095529,0.0569546341650082,0.110082489142791,0.400247126906843,72108.7968565918,,196408.935215773,5.83413945667339,0.583413945667339,108.132309390667,584866.936078499,5408.8083328125,579458.127745687,2,72,72170000 = 6.097|72A08419 = 1.301,BLANDING BLVD|LAKE SHORE BLVD,17143,72170000,72A08419,Y,-81.73173565,30.27469082,10,1.0289111941545,On-System / Off-System,72170000,469,LPI-02192,1,6.097,6.087000000000001,6.107,BLANDING BLVD,Off Corridor,,0,0,0,0,,,Unmatched,,0
43007,94120,36030000,URBAN GENERAL,OCALA,URBAN PRIN ART OTHER,DIVIDED,US   27,SR   25,5,MARION,41500,6,35,1,LPI,Implement a Leading Pedestrian Interval (LPI),,LPI-00536,Potential Location,0.870000005,1,5408.8083328125,0.0317134224581605,0.0133791000995365,0.053070430394828,0.096007431269822,0.312203778433813,59059.0897258907,,170552.652901097,4.77832082443816,0.477832082443816,88.5633381912043,479022.121590277,5408.8083328125,473613.313257465,5,36,36030000 = .232|36A00377 = 0,S PINE AVE|SW 5TH ST,17750,36030000,36A00377,Y,-82.14036349,29.18261,10,1.02916158570133,On-System / Off-System,36030000,470,LPI-00536,1,0.232,0.222,0.24200000000000002,S PINE AVE,On Corridor,452635-1,1,106,0.02,100,0,0.7,Verified Match,452635-1,1
108357,270641,93180000,URBAN GENERAL,MIAMI,URBAN MINOR ART,DIVIDED,,SR  802,4,PALM BEACH,31500,4,35,1,LPI,Implement a Leading Pedestrian Interval (LPI),,LPI-01914,Potential Location,0.870000005,1,5408.8083328125,0.031794170272446,0.0134131655836882,0.0532055568152964,0.0962518826607253,0.312998702814916,59117.4869452402,,170119.499470001,4.79048724901871,0.479048724901871,88.6509090073255,479495.775350225,5408.8083328125,474086.967017412,4,93,93180000 = 8.281|93A14646 = .132,AKRON ST|LAKE WORTH RD,12000,93180000,93A14646,Y,-80.07114182,26.61683363,10,1.03178200765994,On-System / Off-System,93180000,471,LPI-01914,1,8.281,8.271,8.291,AKRON ST,On Corridor,449810-1,1,106,0.02,100,0,0.4,Verified Match,449810-1,1
105932,237351,87281000,URBAN GENERAL,MIAMI,URBAN PRIN ART OTHER,DIVIDED,,SR  953,6,MIAMI-DADE,88000,8,40,1,LPI,Implement a Leading Pedestrian Interval (LPI),,LPI-01599,Potential Location,0.870000005,1,5408.8083328125,0.027657611175638,0.0134336968567385,0.0572009685677968,0.110558606751446,0.401978235155011,72420.6745057048,,195563.105521449,5.85937268448557,0.585937268448557,108.599992279802,587396.543186365,5408.8083328125,581987.734853552,6,87,87281000 = 5.307|87A04986 = .012,NW 31ST ST|NW 42ND AVE,29250,87281000,87A04986,Y,-80.26442453,25.80343565,10,1.03336133641686,On-System / Off-System,87281000,472,LPI-01599,1,5.307,5.297000000000001,5.317,NW 31ST ST,On Corridor,"431200-1, 438521-2",7,106,0.02,100,0.5,5.1,Verified Match,"431200-1, 438521-2",7
98255,203486,86100000,URBAN GENERAL,MIAMI,URBAN PRIN ART OTHER,DIVIDED,US  441,SR    7,4,BROWARD,54000,6,40,1,LPI,Implement a Leading Pedestrian Interval (LPI),,LPI-01248,Potential Location,0.870000005,1,5408.8083328125,0.0277169704362089,0.0134625284975872,0.0573237343112503,0.110795889613833,0.402840968044446,72576.105054692,,195144.283364626,5.87194817510736,0.587194817510736,108.833071528722,588657.224170128,5408.8083328125,583248.415837316,4,86,86100000 = 13.075|86A00846 = .01,NW 29TH ST|SR-7,27500,86100000,86A00846,Y,-80.20302221,26.16162,10,1.03557915502898,On-System / Off-System,86100000,473,LPI-01248,1,13.075,13.065,13.084999999999999,NW 29TH ST,Off Corridor,,0,0,0,0,,,Unmatched,,0
101624,226206,87038000,URBAN GENERAL,MIAMI,URBAN PRIN ART OTHER,DIVIDED,,SR  932,6,MIAMI-DADE,44500,4,40,1,LPI,Implement a Leading Pedestrian Interval (LPI),,LPI-01686,Potential Location,0.870000005,1,5408.8083328125,0.0319177459103974,0.0134652990559489,0.0534123529219307,0.0966259885959298,0.314215247044467,59347.2611806029,,169460.849396966,4.80910662209317,0.480910662209317,88.9954719426586,481359.450226033,5408.8083328125,475950.64189322,6,87,87038000 = 4.029|87A13227 = .45,E 3RD AVE|E 49TH ST,17000,87038000,87A13227,Y,-80.27674,25.86706264,10,1.03579227491116,On-System / Off-System,87038000,474,LPI-01686,1,4.029,4.019,4.039,E 3RD AVE,On Corridor,446300-1,1,106,0.02,100,0,5.6,Verified Match,446300-1,1
85906,195550,86010000,URBAN GENERAL,MIAMI,URBAN PRIN ART OTHER,DIVIDED,US    1,SR    5,4,BROWARD,30000,4,35,1,LPI,Implement a Leading Pedestrian Interval (LPI),,LPI-00018,Potential Location,0.870000005,1,5408.8083328125,0.0278431224730775,0.0135238023440662,0.0575846396602284,0.111300170093678,0.40467447321666,72793.1760635288,,194260.120718949,5.89867397561941,0.589867397561941,109.158585065357,590417.864499524,5408.8083328125,585009.056166711,4,86,86010000 = 2.762|86900164 = .363,N FEDERAL HWY|POLK ST,15250,86010000,86900164,Y,-80.14309704,26.01347016,10,1.04029252801634,On-System / On-System,86010000,475,LPI-00018,1,2.762,2.7520000000000002,2.772,N FEDERAL HWY,Off Corridor,,0,0,0,0,,,Unmatched,,0
85906,195550,86900164,URBAN GENERAL,MIAMI,URBAN PRIN ART OTHER,DIVIDED,US    1,SR    5,4,BROWARD,30000,4,35,1,LPI,Implement a Leading Pedestrian Interval (LPI),,LPI-00018,Potential Location,0.870000005,1,5408.8083328125,0.0278431224730775,0.0135238023440662,0.0575846396602284,0.111300170093678,0.40467447321666,72793.1760635288,,194260.120718949,5.89867397561941,0.589867397561941,109.158585065357,590417.864499524,5408.8083328125,585009.056166711,4,86,86010000 = 2.762|86900164 = .363,N FEDERAL HWY|POLK ST,15250,86010000,86900164,Y,-80.14309704,26.01347016,10,1.04029252801634,On-System / On-System,86010000,475,LPI-00018,2,0.363,0.353,0.373,POLK ST,Off Corridor,,0,0,0,0,,,Unmatched,,0
105836,231606,87085000,URBAN GENERAL,MIAMI,URBAN MINOR ART,DIVIDED,,SR  933,6,MIAMI-DADE,22500,4,35,1,LPI,Implement a Leading Pedestrian Interval (LPI),,LPI-01947,Potential Location,0.870000005,1,5408.8083328125,0.0279246036931692,0.0135633789366822,0.0577531576381453,0.111625883334513,0.405858728676857,73006.2009067641,,193693.288980699,5.91593608955514,0.591593608955514,109.478031086657,592145.686801418,5408.8083328125,586736.878468606,6,87,87085000 = 4.194|87A15339 = .77,NW 12TH AVE|NW 39TH ST,11000,87085000,87A15339,Y,-80.21579994,25.81212736,10,1.04333688141159,On-System / Off-System,87085000,476,LPI-01947,1,4.194,4.184,4.204,NW 12TH AVE,Off Corridor,,0,0,0,0,89.7,100,No Match - Angle Mismatch,,0
35274,81675,17020000,URBAN GENERAL,215,URBAN PRIN ART OTHER,DIVIDED,US   41,SR   45,1,SARASOTA,58500,6,35,1,LPI,Implement a Leading Pedestrian Interval (LPI),,LPI-01199,Potential Location,0.870000005,1,5408.8083328125,0.0279868022039086,0.0135935896418985,0.0578817954671746,0.111874515822897,0.406762727486353,73282.6519251278,,193262.820575375,5.92911308638714,0.592911308638714,109.892589203728,594387.952199462,5408.8083328125,588979.14386665,1,17,17020000 = 17.239|17A02579 = .017,BAY ST|CENTRAL PARK II|S TAMIAMI TRL,28500,17020000,17A02579,Y,-82.53022899,27.32763001,10,1.04566078190222,On-System / Off-System,17020000,477,LPI-01199,1,17.239,17.229,17.249000000000002,BAY ST,On Corridor,"452784-1, 456052-1, 453537-1, 413659-1",6,106,0.02,100,5.9,1,Verified Match,"452784-1, 456052-1, 453537-1, 413659-1",6
72637,159618,75030000,URBAN GENERAL,ORLANDO,URBAN PRIN ART OTHER,DIVIDED,US   17,SR   15,5,ORANGE,39500,6,40,1,LPI,Implement a Leading Pedestrian Interval (LPI),,LPI-00702,Potential Location,0.870000005,1,5408.8083328125,0.03238146362539,0.0136609299669614,0.0541883555356136,0.0980298215221768,0.31878033058089,60303.1655832992,,167034.090718849,4.87897583968181,0.487897583968181,90.4289191103575,489112.691211329,5408.8083328125,483703.882878517,5,75,75030000 = 6.973|75A04088 = .011,MAGNOLIA RD|ORLANDO AVE S,17250,75030000,75A04088,Y,-81.36544278,28.61591238,10,1.05084080710629,On-System / Off-System,75030000,478,LPI-00702,1,6.973,6.963,6.983,MAGNOLIA RD,On Corridor,452910-1,1,106,0.02,100,0,1.2,Verified Match,452910-1,1
102771,231349,87072000,URBAN GENERAL,MIAMI,URBAN MINOR ART,DIVIDED,,SR  985,6,MIAMI-DADE,34000,6,40,1,LPI,Implement a Leading Pedestrian Interval (LPI),,LPI-01973,Potential Location,0.870000005,1,5408.8083328125,0.0281887767895835,0.013691691583512,0.0582995156330021,0.112681889556283,0.409698244475878,73811.5166790176,,191878.078754067,5.97190218927633,0.597190218927633,110.685659809345,598677.519099637,5408.8083328125,593268.710766825,6,87,87072000 = 6.417|87A16982 = .499,SW 107TH AVE|SW 4TH ST,19500,87072000,87A16982,Y,-80.3687056,25.76486,10,1.0532070853935,On-System / Off-System,87072000,479,LPI-01973,1,6.417,6.407,6.427,SW 107TH AVE,On Corridor,437782-3,1,106,0.02,100,0,0.2,Verified Match,437782-3,1
114481,267306,93030000,URBAN GENERAL,MIAMI,URBAN MINOR ART,DIVIDED,,SR  806,4,PALM BEACH,30000,4,35,1,LPI,Implement a Leading Pedestrian Interval (LPI),,LPI-02278,Potential Location,0.870000005,1,5408.8083328125,0.0282718684371601,0.0137320503837635,0.0584713642677629,0.113014040324128,0.410905906035542,73914.0913085834,,191314.144830387,5.98950547854913,0.598950547854913,110.839477818567,599509.491229651,5408.8083328125,594100.682896838,4,93,93030000 = 7.951|93A18257 = .861,NW 5TH AVE|SW 5TH AVE|W ATLANTIC AVE,14250,93030000,93A18257,Y,-80.07817,26.46161989,10,1.05631160860917,On-System / Off-System,93030000,480,LPI-02278,1,7.951,7.941,7.960999999999999,NW 5TH AVE,Off Corridor,,0,0,0,0,,,Unmatched,,0
48004,97949,46060000,URBAN GENERAL,PANAMA CITY,URBAN PRIN ART OTHER,DIVIDED,,SR   77,3,BAY,29500,4,45,0,LPI,Implement a Leading Pedestrian Interval (LPI),,LPI-01223,Potential Location,0.870000005,1,5408.8083328125,0.0374984362868345,0.0137836717857999,0.0558367126627248,0.0893627118634654,0.303771579070653,57569.4566731118,,144240.903578998,4.66504519011327,0.466504519011327,86.3295266569195,466939.863149705,5408.8083328125,461531.054816892,3,46,46060000 = 5.202|46650007 = .272,E 17TH ST|OHIO AVE|W 17TH ST,15250,46060000,46650007,N,,,10,1.06028248584163,On-System / On-System,46060000,481,LPI-01223,1,5.202,5.192,5.212,E 17TH ST,Off Corridor,,0,0,0,0,,,Unmatched,,0
48004,97949,46650007,URBAN GENERAL,PANAMA CITY,URBAN PRIN ART OTHER,DIVIDED,,SR   77,3,BAY,29500,4,45,0,LPI,Implement a Leading Pedestrian Interval (LPI),,LPI-01223,Potential Location,0.870000005,1,5408.8083328125,0.0374984362868345,0.0137836717857999,0.0558367126627248,0.0893627118634654,0.303771579070653,57569.4566731118,,144240.903578998,4.66504519011327,0.466504519011327,86.3295266569195,466939.863149705,5408.8083328125,461531.054816892,3,46,46060000 = 5.202|46650007 = .272,E 17TH ST|OHIO AVE|W 17TH ST,15250,46060000,46650007,N,,,10,1.06028248584163,On-System / On-System,46060000,481,LPI-01223,2,0.272,0.262,0.28200000000000003,OHIO AVE,Off Corridor,,0,0,0,0,,,Unmatched,,0
71957,157546,75060000,URBAN GENERAL,ORLANDO,URBAN PRIN ART OTHER,DIVIDED,,SR   50,5,ORANGE,48500,4,40,1,LPI,Implement a Leading Pedestrian Interval (LPI),,LPI-00695,Potential Location,0.870000005,1,5408.8083328125,0.0284006047178649,0.0137945794343915,0.058737614302857,0.113528651066998,0.412776970842605,74250.6599802967,,190446.942469861,6.01677876118638,0.601677876118638,111.344186665856,602239.364648513,5408.8083328125,596830.556315701,5,75,75060000 = 2.007|75A08249 = .253,E COLONIAL DR|SHINE AVE,18000,75060000,75A08249,Y,-81.36265074,28.55314001,10,1.06112153576556,On-System / Off-System,75060000,482,LPI-00695,1,2.007,1.997,2.017,E COLONIAL DR,Off Corridor,,0,0,0,0,,,Unmatched,,0
66042,146488,72291000,URBAN GENERAL,JACKSONVILLE,URBAN MINOR ART,DIVIDED,,SR  111,2,DUVAL,26500,4,40,1,LPI,Implement a Leading Pedestrian Interval (LPI),,LPI-02515,Potential Location,0.870000005,1,5408.8083328125,0.0285633016097566,0.0138736036390246,0.059074101056542,0.114179016045235,0.415141622259984,74676.0154162003,,189362.154512452,6.05124673161761,0.605124673161761,111.982037629971,605689.37825831,5408.8083328125,600280.569925498,2,72,72291000 = 4.68|72A06541 = 1.742,5TH ST W|EDGEWOOD AVE N|NORMAN E THAGARD BLVD,11250,72291000,72A06541,Y,-81.7311105,30.34387496,10,1.06720032097114,On-System / Off-System,72291000,483,LPI-02515,1,4.68,4.67,4.6899999999999995,5TH ST W,On Corridor,445429-1,1,106,0.02,100,0,0.8,Verified Match,445429-1,1
46668,103088,48020000,URBAN GENERAL,PENSACOLA,URBAN PRIN ART OTHER,DIVIDED,US   90,SR   10A,3,ESCAMBIA,25500,4,35,1,LPI,Implement a Leading Pedestrian Interval (LPI),,LPI-01243,Potential Location,0.870000005,1,5408.8083328125,0.0287632586151995,0.0139707256130969,0.0594876484996171,0.114978324698161,0.418047815555001,75198.7838491021,,188045.742840636,6.09360840227396,0.609360840227396,112.765966365304,609929.498534313,5408.8083328125,604520.6902015,3,48,48020000 = 15.372|48070000 = .45,E CERVANTES ST|N DAVIS HWY,17100,48020000,48070000,Y,-87.2108698,30.42240898,10,1.07467124234096,On-System / On-System,48020000,484,LPI-01243,1,15.372,15.362,15.382,E CERVANTES ST,On Corridor,"457655-2, 456593-2",4,106,0.02,100,0,1.6,Verified Match,"457655-2, 456593-2",4
46668,103088,48070000,URBAN GENERAL,PENSACOLA,URBAN PRIN ART OTHER,DIVIDED,US   90,SR   10A,3,ESCAMBIA,25500,4,35,1,LPI,Implement a Leading Pedestrian Interval (LPI),,LPI-01243,Potential Location,0.870000005,1,5408.8083328125,0.0287632586151995,0.0139707256130969,0.0594876484996171,0.114978324698161,0.418047815555001,75198.7838491021,,188045.742840636,6.09360840227396,0.609360840227396,112.765966365304,609929.498534313,5408.8083328125,604520.6902015,3,48,48020000 = 15.372|48070000 = .45,E CERVANTES ST|N DAVIS HWY,17100,48020000,48070000,Y,-87.2108698,30.42240898,10,1.07467124234096,On-System / On-System,48020000,484,LPI-01243,2,0.45,0.44,0.46,N DAVIS HWY,On Corridor,"453153-1, 452931-1, 454860-1",5,106,0.02,100,0.1,0.1,Verified Match,"453153-1, 452931-1, 454860-1",5
35209,81507,17020000,URBAN GENERAL,215,URBAN PRIN ART OTHER,DIVIDED,US   41,SR   45,1,SARASOTA,58500,5,35,1,LPI,Implement a Leading Pedestrian Interval (LPI),,LPI-02418,Potential Location,0.870000005,1,5408.8083328125,0.0287838386275472,0.0139807216190944,0.0595302117069727,0.115060591292975,0.418346927325374,75252.5883196197,,187911.292958545,6.09796835807171,0.609796835807171,112.84665002536,610365.900987145,5408.8083328125,604957.092654332,1,17,17020000 = 17.369|17120000 = .047,MOUND ST|S TAMIAMI TRL|S WASHINGTON BLVD,60250,17020000,17120000,Y,-82.53073454,27.32922,10,1.0754401659088,On-System / On-System,17020000,485,LPI-02418,1,17.369,17.358999999999998,17.379,MOUND ST,On Corridor,"456052-1, 453537-1, 413659-1",4,106,0.02,100,5.4,0.8,Verified Match,"456052-1, 453537-1, 413659-1",4
35209,81507,17120000,URBAN GENERAL,215,URBAN PRIN ART OTHER,DIVIDED,US   41,SR   45,1,SARASOTA,58500,5,35,1,LPI,Implement a Leading Pedestrian Interval (LPI),,LPI-02418,Potential Location,0.870000005,1,5408.8083328125,0.0287838386275472,0.0139807216190944,0.0595302117069727,0.115060591292975,0.418346927325374,75252.5883196197,,187911.292958545,6.09796835807171,0.609796835807171,112.84665002536,610365.900987145,5408.8083328125,604957.092654332,1,17,17020000 = 17.369|17120000 = .047,MOUND ST|S TAMIAMI TRL|S WASHINGTON BLVD,60250,17020000,17120000,Y,-82.53073454,27.32922,10,1.0754401659088,On-System / On-System,17020000,485,LPI-02418,2,0.047,0.037,0.057,S TAMIAMI TRL,On Corridor,453537-1,1,105,0.02,100,10.5,103.1,Verified Match,453537-1,1
106353,233330,87250000,URBAN GENERAL,MIAMI,URBAN MINOR ART,DIVIDED,,SR  944,6,MIAMI-DADE,22000,4,40,1,LPI,Implement a Leading Pedestrian Interval (LPI),,LPI-00324,Potential Location,0.870000005,1,5408.8083328125,0.0287961117953036,0.0139866828720046,0.0595555948493778,0.115109652085642,0.418525306661287,75284.6753408296,,187831.2034368,6.10056847647842,0.610056847647842,112.894766813549,610626.155472048,5408.8083328125,605217.347139236,6,87,87250000 = .685|87A13503 = .607,E 6TH AVE|HIALEAH DR|SE 6TH AVE,10400,87250000,87A13503,Y,-80.26924438,25.82305,10,1.07589872384261,On-System / Off-System,87250000,486,LPI-00324,1,0.685,0.675,0.6950000000000001,E 6TH AVE,Off Corridor,,0,0,0,0,,,Unmatched,,0
104400,225134,87038000,URBAN GENERAL,MIAMI,URBAN MINOR ART,DIVIDED,,SR  932,6,MIAMI-DADE,16600,4,40,1,LPI,Implement a Leading Pedestrian Interval (LPI),,LPI-01665,Potential Location,0.870000005,1,5408.8083328125,0.0288457903421615,0.014010812451907,0.0596583391167431,0.115308237237887,0.419247339177552,75414.5551419009,,187507.718410714,6.11109307018305,0.611109307018305,113.089530884582,611679.597002381,5408.8083328125,606270.788669569,6,87,87038000 = .875|87A00947 = .381,NW 103RD ST|NW 80TH AVE,8000,87038000,87A00947,Y,-80.32705617,25.86801623,10,1.07775484544496,On-System / Off-System,87038000,487,LPI-01665,1,0.875,0.865,0.885,NW 103RD ST,On Corridor,445993-1,2,106,0.02,100,1.1,0.1,Verified Match,445993-1,2
82392,170706,77120000,URBAN GENERAL,ORLANDO,URBAN PRIN ART OTHER,DIVIDED,,SR  434,5,SEMINOLE,22500,4,35,1,LPI,Implement a Leading Pedestrian Interval (LPI),,LPI-02017,Potential Location,0.870000005,1,5408.8083328125,0.0289450882841414,0.0140590428808687,0.0598637053149288,0.115705171089074,0.420690544493373,75674.1600974973,,186864.461414544,6.13212972606659,0.613212972606659,113.478827123066,613785.225741028,5408.8083328125,608376.417408215,5,77,77120000 = 10.355|77A03777 = 1.232,N MOSS RD|S MOSS RD|SR-434,10750,77120000,77A03777,Y,-81.30547905,28.69869809,10,1.0814648785847,On-System / Off-System,77120000,488,LPI-02017,1,10.355,10.345,10.365,N MOSS RD,On Corridor,454207-1,1,105,0.02,100,0,0.9,Verified Match,454207-1,1
67600,142071,72080000,URBAN GENERAL,JACKSONVILLE,URBAN PRIN ART OTHER,1WAY,US   17,SR  139,2,DUVAL,26000,3,35,1,LPI,Implement a Leading Pedestrian Interval (LPI),,LPI-02591,Potential Location,0.870000005,1,5408.8083328125,0.0290310512575845,0.0141007963251125,0.0600414923736408,0.116048799702396,0.421939938164212,97847.6251131353,,186311.142673465,6.1503413169112,0.61503413169112,146.729527229774,793631.889550042,5408.8083328125,788223.08121723,2,72,72080000 = .688|72A00997 = .496,KINGS RD|N DAVIS ST,12500,72080000,72A00997,Y,-81.66701072,30.3357705,10,1.0846766821116,On-System / Off-System,72080000,489,LPI-02591,1,0.688,0.6779999999999999,0.698,KINGS RD,Off Corridor,,0,0,0,0,,,Unmatched,,0
55119,133587,70080000,URBAN GENERAL,PALM BAY-MELBOURNE,URBAN PRIN ART OTHER,DIVIDED,,SR  A1A,5,BREVARD,30000,4,40,1,LPI,Implement a Leading Pedestrian Interval (LPI),,LPI-00998,Potential Location,0.870000005,1,5408.8083328125,0.0340562205280092,0.0143674680352539,0.0569909565398404,0.10309988636409,0.335267527244878,63323.5009819903,,158819.982045984,5.13131460236863,0.513131460236863,94.9581285276825,513610.316848809,5408.8083328125,508201.508515997,5,70,70080000 = 2.108|70510001 = 0,ASTRONAUT BLVD|N ATLANTIC AVE,34350,70080000,70510001,Y,-80.60585978,28.38821681,10,1.10518989137299,On-System / On-System,70080000,490,LPI-00998,1,2.108,2.0980000000000003,2.118,ASTRONAUT BLVD,On Corridor,"430202-5, 452688-1",6,106,0.02,100,1.7,0.9,Verified Match,"430202-5, 452688-1",6
55119,133587,70510001,URBAN GENERAL,PALM BAY-MELBOURNE,URBAN PRIN ART OTHER,DIVIDED,,SR  A1A,5,BREVARD,30000,4,40,1,LPI,Implement a Leading Pedestrian Interval (LPI),,LPI-00998,Potential Location,0.870000005,1,5408.8083328125,0.0340562205280092,0.0143674680352539,0.0569909565398404,0.10309988636409,0.335267527244878,63323.5009819903,,158819.982045984,5.13131460236863,0.513131460236863,94.9581285276825,513610.316848809,5408.8083328125,508201.508515997,5,70,70080000 = 2.108|70510001 = 0,ASTRONAUT BLVD|N ATLANTIC AVE,34350,70080000,70510001,Y,-80.60585978,28.38821681,10,1.10518989137299,On-System / On-System,70080000,490,LPI-00998,2,0,0,0.01,N ATLANTIC AVE,Off Corridor,,0,0,0,0,86.1,25.7,No Match - Angle Mismatch,,0
107159,204357,86110000,URBAN GENERAL,MIAMI,URBAN PRIN ART OTHER,DIVIDED,,SR  838,4,BROWARD,47500,6,45,1,LPI,Implement a Leading Pedestrian Interval (LPI),,LPI-00066,Potential Location,0.870000005,1,5408.8083328125,0.0340746385170116,0.0143752381243643,0.0570217778933116,0.103155643947984,0.335448843713174,63456.3215688392,,158734.136830598,5.13408967530536,0.513408967530536,95.1573025177734,514687.610786093,5408.8083328125,509278.80245328,4,86,86110000 = 2.231|86538500 = 2.739,SUNSET STRIP|W SUNRISE BLVD,31100,86110000,86538500,Y,-80.23146945,26.13588,10,1.10578759055831,On-System / On-System,86110000,491,LPI-00066,1,2.231,2.221,2.2409999999999997,SUNSET STRIP,Off Corridor,,0,0,0,0,,,Unmatched,,0
107159,204357,86538500,URBAN GENERAL,MIAMI,URBAN PRIN ART OTHER,DIVIDED,,SR  838,4,BROWARD,47500,6,45,1,LPI,Implement a Leading Pedestrian Interval (LPI),,LPI-00066,Potential Location,0.870000005,1,5408.8083328125,0.0340746385170116,0.0143752381243643,0.0570217778933116,0.103155643947984,0.335448843713174,63456.3215688392,,158734.136830598,5.13408967530536,0.513408967530536,95.1573025177734,514687.610786093,5408.8083328125,509278.80245328,4,86,86110000 = 2.231|86538500 = 2.739,SUNSET STRIP|W SUNRISE BLVD,31100,86110000,86538500,Y,-80.23146945,26.13588,10,1.10578759055831,On-System / On-System,86110000,491,LPI-00066,2,2.739,2.729,2.7489999999999997,W SUNRISE BLVD,Off Corridor,,0,0,0,0,,,Unmatched,,0
60459,133444,70140000,URBAN GENERAL,PALM BAY-MELBOURNE,URBAN PRIN ART OTHER,DIVIDED,,SR    3,5,BREVARD,27500,4,35,1,LPI,Implement a Leading Pedestrian Interval (LPI),,LPI-01311,Potential Location,0.870000005,1,5408.8083328125,0.0341517948222159,0.0144077884406223,0.0571508941478019,0.103389222606318,0.336208411370893,63501.2100412817,,158375.522017778,5.14571496047856,0.514571496047856,95.2246159996484,515051.696507769,5408.8083328125,509642.888174956,5,70,70140000 = .847|70A07123 = .01,N COURTENAY PKWY|RICHLAND AVE,12500,70140000,70A07123,Y,-80.70025101,28.36926,10,1.108291461136,On-System / Off-System,70140000,492,LPI-01311,1,0.847,0.837,0.857,N COURTENAY PKWY,Off Corridor,,0,0,0,0,,,Unmatched,,0
97129,205812,86090000,URBAN GENERAL,MIAMI,URBAN PRIN ART OTHER,DIVIDED,,SR  816,4,BROWARD,56500,6,45,1,LPI,Implement a Leading Pedestrian Interval (LPI),,LPI-01335,Potential Location,0.870000005,1,5408.8083328125,0.0297411334708306,0.0144456934001177,0.0615100714964905,0.118887284185995,0.432260337604458,77876.3188492202,,181862.884886931,6.30077500034145,0.630077500034145,116.781122014246,631646.705865847,5408.8083328125,626237.897533034,4,86,86090000 = 4.838|86A14740 = .159,NW 27TH AVE|W OAKLAND PARK BLVD,52000,86090000,86A14740,Y,-80.17897998,26.16542998,10,1.11120722736318,On-System / Off-System,86090000,493,LPI-01335,1,4.838,4.828,4.848,NW 27TH AVE,Off Corridor,,0,0,0,0,,,Unmatched,,0
71487,142470,72230000,URBAN GENERAL,JACKSONVILLE,URBAN MINOR ART,DIVIDED,,SR  A1A,2,DUVAL,38000,6,40,1,LPI,Implement a Leading Pedestrian Interval (LPI),,LPI-02197,Potential Location,0.870000005,1,5408.8083328125,0.0300531162244014,0.0145972278804236,0.0621553085550121,0.120134404855464,0.436794723306925,78693.2368868724,,179974.958085074,6.36686976220266,0.636686976220266,118.006149165509,638272.642929519,5408.8083328125,632863.834596706,2,72,72230000 = .841|72A00068 = .652,DONNER RD|LEVY RD|MAYPORT RD,32000,72230000,72A00068,Y,-81.41488951,30.33540497,10,1.12286372629657,On-System / Off-System,72230000,494,LPI-02197,1,0.841,0.831,0.851,DONNER RD,On Corridor,208512-3,2,106,0.02,100,0,1,Verified Match,208512-3,2
90854,200227,86040000,URBAN GENERAL,MIAMI,URBAN PRIN ART OTHER,DIVIDED,,SR  820,4,BROWARD,49500,6,40,1,LPI,Implement a Leading Pedestrian Interval (LPI),,LPI-01399,Potential Location,0.870000005,1,5408.8083328125,0.0301050643347177,0.01462245981972,0.062262746692257,0.120342062366573,0.437549741864817,78829.2615480229,,179664.400403721,6.37787517176839,0.637787517176839,118.210127894672,639375.924779532,5408.8083328125,633967.11644672,4,86,86040000 = 12.237|86A20913 = .011,MCARTHUR PKWY|PINES BLVD,22750,86040000,86A20913,Y,-80.23572,26.0095124,10,1.12480464477864,On-System / Off-System,86040000,495,LPI-01399,1,12.237,12.227,12.247,MCARTHUR PKWY,Off Corridor,,0,0,0,0,,,Unmatched,,0
109405,204374,86050000,URBAN GENERAL,MIAMI,URBAN MINOR ART,DIVIDED,,SR  810,4,BROWARD,23500,3,35,1,LPI,Implement a Leading Pedestrian Interval (LPI),,LPI-00863,Potential Location,0.870000005,1,5408.8083328125,0.030184375651651,0.0146609824593734,0.0624267769159146,0.120659101630886,0.438702459755246,68891.1405400396,,179192.321061531,6.39467758326585,0.639467758326585,103.307203113742,558768.861041161,5408.8083328125,553360.052708349,4,86,86050000 = 15.793|86120000 = 7.823|86A03161 = 0,E HILLSBORO BLVD|SR-A1A,24550,86120000,86050000,Y,-80.07779301,26.31448,10,1.12776792486595,On-System / On-System,86120000,496,LPI-00863,1,15.793,15.783,15.802999999999999,E HILLSBORO BLVD,Off Corridor,,0,0,0,0,89.2,2.1,No Match - Angle Mismatch,,0
109405,204374,86120000,URBAN GENERAL,MIAMI,URBAN MINOR ART,DIVIDED,,SR  810,4,BROWARD,23500,3,35,1,LPI,Implement a Leading Pedestrian Interval (LPI),,LPI-00863,Potential Location,0.870000005,1,5408.8083328125,0.030184375651651,0.0146609824593734,0.0624267769159146,0.120659101630886,0.438702459755246,68891.1405400396,,179192.321061531,6.39467758326585,0.639467758326585,103.307203113742,558768.861041161,5408.8083328125,553360.052708349,4,86,86050000 = 15.793|86120000 = 7.823|86A03161 = 0,E HILLSBORO BLVD|SR-A1A,24550,86120000,86050000,Y,-80.07779301,26.31448,10,1.12776792486595,On-System / On-System,86120000,496,LPI-00863,2,7.823,7.813000000000001,7.833,SR-A1A,On Corridor,439891-5,1,53,0.01,100,0,0.5,Verified Parallel Fallback,439891-5,1
78417,146587,72150000,URBAN GENERAL,JACKSONVILLE,URBAN MINOR ART,DIVIDED,,SR  115,2,DUVAL,29500,4,35,1,LPI,Implement a Leading Pedestrian Interval (LPI),,LPI-00070,Potential Location,0.870000005,1,5408.8083328125,0.0302571174307231,0.0146963141806369,0.0625772201408137,0.120949879807488,0.439759695385169,79104.3345960635,,178761.520994078,6.41008821257179,0.64100882125718,118.622619646475,641607.013603899,5408.8083328125,636198.205271087,2,72,72150000 = 2.528|72A04422 = 1.156,LEM TURNER RD|ROWE AVE,16000,72150000,72A04422,Y,-81.67769754,30.38857187,10,1.13048574968306,On-System / Off-System,72150000,497,LPI-00070,1,2.528,2.5180000000000002,2.538,LEM TURNER RD,Off Corridor,,0,0,0,0,,,Unmatched,,0
92018,225726,87062000,URBAN GENERAL,MIAMI,URBAN MINOR ART,DIVIDED,,SR  959,6,MIAMI-DADE,38000,4,40,1,LPI,Implement a Leading Pedestrian Interval (LPI),,LPI-01065,Potential Location,0.870000005,1,5408.8083328125,0.030329858714411,0.0146983161462146,0.0655591561442269,0.08702336384981,0.280901153016545,55682.6352083347,,178332.790262638,4.51214975028238,0.451214975028238,83.500102629779,451636.050894647,5408.8083328125,446227.242561835,6,87,87062000 = 5.594|87610500 = 1.526,NW 12TH ST|NW 57TH AVE|OFFICER CARLOS S STUTEVILLE RD,21950,87062000,87610500,Y,-80.28855393,25.78556467,10,1.13063974704111,On-System / On-System,87062000,498,LPI-01065,1,5.594,5.5840000000000005,5.604,NW 12TH ST,Off Corridor,,0,0,0,0,,,Unmatched,,0
92018,225726,87610500,URBAN GENERAL,MIAMI,URBAN MINOR ART,DIVIDED,,SR  959,6,MIAMI-DADE,38000,4,40,1,LPI,Implement a Leading Pedestrian Interval (LPI),,LPI-01065,Potential Location,0.870000005,1,5408.8083328125,0.030329858714411,0.0146983161462146,0.0655591561442269,0.08702336384981,0.280901153016545,55682.6352083347,,178332.790262638,4.51214975028238,0.451214975028238,83.500102629779,451636.050894647,5408.8083328125,446227.242561835,6,87,87062000 = 5.594|87610500 = 1.526,NW 12TH ST|NW 57TH AVE|OFFICER CARLOS S STUTEVILLE RD,21950,87062000,87610500,Y,-80.28855393,25.78556467,10,1.13063974704111,On-System / On-System,87062000,498,LPI-01065,2,1.526,1.516,1.536,NW 57TH AVE,Off Corridor,,0,0,0,0,,,Unmatched,,0
74008,159870,75040000,URBAN GENERAL,ORLANDO,URBAN PRIN ART OTHER,1WAY,,SR  527,5,ORANGE,24500,2,40,1,LPI,Implement a Leading Pedestrian Interval (LPI),,LPI-00704,Potential Location,0.870000005,1,5408.8083328125,0.0348846982967505,0.0147169820939416,0.0583773623059685,0.105607973359303,0.343423502529182,83621.5542577542,,155048.161426018,5.25614290118071,0.525614290118071,125.396514307551,678245.711492326,5408.8083328125,672836.903159514,5,75,75040000 = 9.136|75600000 = 1.753,E OAK RIDGE RD|HANSEL AVE,24000,75040000,75600000,Y,-81.36787929,28.47285859,10,1.13207558922919,On-System / On-System,75040000,499,LPI-00704,1,9.136,9.126,9.145999999999999,E OAK RIDGE RD,Off Corridor,,0,0,0,0,,,Unmatched,,0
74008,159870,75600000,URBAN GENERAL,ORLANDO,URBAN PRIN ART OTHER,1WAY,,SR  527,5,ORANGE,24500,2,40,1,LPI,Implement a Leading Pedestrian Interval (LPI),,LPI-00704,Potential Location,0.870000005,1,5408.8083328125,0.0348846982967505,0.0147169820939416,0.0583773623059685,0.105607973359303,0.343423502529182,83621.5542577542,,155048.161426018,5.25614290118071,0.525614290118071,125.396514307551,678245.711492326,5408.8083328125,672836.903159514,5,75,75040000 = 9.136|75600000 = 1.753,E OAK RIDGE RD|HANSEL AVE,24000,75040000,75600000,Y,-81.36787929,28.47285859,10,1.13207558922919,On-System / On-System,75040000,499,LPI-00704,2,1.753,1.7429999999999999,1.763,HANSEL AVE,Off Corridor,,0,0,0,0,,,Unmatched,,0
84710,193310,86015000,URBAN GENERAL,MIAMI,URBAN PRIN ART OTHER,DIVIDED,,SR  818,4,BROWARD,34000,6,45,1,LPI,Implement a Leading Pedestrian Interval (LPI),,LPI-00012,Potential Location,0.870000005,1,5408.8083328125,0.0351568318571333,0.0148317884397281,0.0588327608109215,0.106431815192493,0.346102529868544,65471.6623495237,,153848.001856147,5.29714577497401,0.529714577497401,98.1794504709284,531033.82981811,5408.8083328125,525625.021485297,4,86,86015000 = 8.119|86A19109 = .949,GRIFFIN RD|SW 31ST AVE,15000,86015000,86A19109,Y,-80.18438,26.06229132,10,1.14090684693704,On-System / Off-System,86015000,500,LPI-00012,1,8.119,8.109,8.129,GRIFFIN RD,Off Corridor,,0,0,0,0,,,Unmatched,,0
102955,233672,87281000,URBAN GENERAL,MIAMI,URBAN PRIN ART OTHER,DIVIDED,,SR  953,6,MIAMI-DADE,41500,6,40,1,LPI,Implement a Leading Pedestrian Interval (LPI),,LPI-00149,Potential Location,0.870000005,1,5408.8083328125,0.0397781907201447,0.0148470805363241,0.0536747274782212,0.0827283047003113,0.272217140494455,52831.3560438274,,135974.216898541,4.27445072281326,0.427445072281326,79.2244051529671,428509.622753482,5408.8083328125,423100.81442067,6,87,87281000 = 9.276|87A13468 = 1.483,E 42ND ST|E 8TH AVE|LE JEUNE RD,17250,87281000,87A13468,N,,,10,1.14208316210506,On-System / Off-System,87281000,501,LPI-00149,1,9.276,9.266,9.286,E 42ND ST,Off Corridor,,0,0,0,0,,,Unmatched,,0
106477,227712,87030000,URBAN GENERAL,MIAMI,URBAN PRIN ART OTHER,DIVIDED,US    1,SR    5,6,MIAMI-DADE,37000,4,35,1,LPI,Implement a Leading Pedestrian Interval (LPI),,LPI-01358,Potential Location,0.870000005,1,5408.8083328125,0.0354810800364431,0.0149685806403744,0.0593753698734852,0.107413425891576,0.349294601202515,65972.8581649844,,152442.043118672,5.34600085611594,0.534600085611594,98.9310295201598,535098.97684236,5408.8083328125,529690.168509547,6,87,87030000 = 18.738|87A12648 = 0,BISCAYNE BLVD|NE 114TH ST,19500,87030000,87A12648,Y,-80.16671809,25.88104587,10,1.15142932431454,On-System / Off-System,87030000,502,LPI-01358,1,18.738,18.727999999999998,18.748,BISCAYNE BLVD,Off Corridor,,0,0,0,0,,,Unmatched,,0
62795,139642,72050000,URBAN GENERAL,JACKSONVILLE,URBAN PRIN ART OTHER,DIVIDED,US   17,SR    5,2,DUVAL,16300,4,35,1,LPI,Implement a Leading Pedestrian Interval (LPI),,LPI-02342,Potential Location,0.870000005,1,5408.8083328125,0.0357754378576639,0.015092762846202,0.0598679592899344,0.108304548201912,0.352192415972205,66520.1816052295,,151187.760561645,5.3903523009602,0.53903523009602,99.7517802490209,539538.260223786,5408.8083328125,534129.451890973,2,72,72050000 = 12.153|72291000 = 11.871,MAIN ST N|TALLULAH AVE,15550,72050000,72291000,Y,-81.65016336,30.38060413,10,1.1609818020533,On-System / On-System,72050000,503,LPI-02342,1,12.153,12.143,12.163,MAIN ST N,Off Corridor,,0,0,0,0,65.5,32.5,No Match - Angle Mismatch,,0
62795,139642,72291000,URBAN GENERAL,JACKSONVILLE,URBAN PRIN ART OTHER,DIVIDED,US   17,SR    5,2,DUVAL,16300,4,35,1,LPI,Implement a Leading Pedestrian Interval (LPI),,LPI-02342,Potential Location,0.870000005,1,5408.8083328125,0.0357754378576639,0.015092762846202,0.0598679592899344,0.108304548201912,0.352192415972205,66520.1816052295,,151187.760561645,5.3903523009602,0.53903523009602,99.7517802490209,539538.260223786,5408.8083328125,534129.451890973,2,72,72050000 = 12.153|72291000 = 11.871,MAIN ST N|TALLULAH AVE,15550,72050000,72291000,Y,-81.65016336,30.38060413,10,1.1609818020533,On-System / On-System,72050000,503,LPI-02342,2,11.871,11.861,11.881,TALLULAH AVE,On Corridor,209451-6,2,74,0.01,100,11.4,0.4,Verified Parallel Fallback,209451-6,2
93920,223672,87066000,URBAN GENERAL,MIAMI,URBAN MINOR ART,DIVIDED,,SR  922,6,MIAMI-DADE,32000,4,35,1,LPI,Implement a Leading Pedestrian Interval (LPI),,LPI-01273,Potential Location,0.870000005,1,5408.8083328125,0.0312986444256246,0.0152021987210177,0.0647312873348146,0.125113282522172,0.45489734341334,81827.3071358027,,172812.862412157,6.63073976433907,0.663073976433907,122.70591214288,663692.76008377,5408.8083328125,658283.951750957,6,87,87066000 = .504|87502501 = 2.384,NW 125TH ST|NW 2ND AVE,20800,87066000,87502501,Y,-80.20274357,25.88954985,10,1.16939994659367,On-System / On-System,87066000,504,LPI-01273,1,0.504,0.494,0.514,NW 125TH ST,Off Corridor,,0,0,0,0,,,Unmatched,,0
93920,223672,87502501,URBAN GENERAL,MIAMI,URBAN MINOR ART,DIVIDED,,SR  922,6,MIAMI-DADE,32000,4,35,1,LPI,Implement a Leading Pedestrian Interval (LPI),,LPI-01273,Potential Location,0.870000005,1,5408.8083328125,0.0312986444256246,0.0152021987210177,0.0647312873348146,0.125113282522172,0.45489734341334,81827.3071358027,,172812.862412157,6.63073976433907,0.663073976433907,122.70591214288,663692.76008377,5408.8083328125,658283.951750957,6,87,87066000 = .504|87502501 = 2.384,NW 125TH ST|NW 2ND AVE,20800,87066000,87502501,Y,-80.20274357,25.88954985,10,1.16939994659367,On-System / On-System,87066000,504,LPI-01273,2,2.384,2.374,2.3939999999999997,NW 2ND AVE,Off Corridor,,0,0,0,0,,,Unmatched,,0
14442,42442,12010000,URBAN GENERAL,CAPE CORAL,URBAN PRIN ART OTHER,DIVIDED,US   41,SR   45,1,LEE,45500,6,40,1,LPI,Implement a Leading Pedestrian Interval (LPI),,LPI-01142,Potential Location,0.870000005,1,5408.8083328125,0.0360970146489661,0.0152284280550326,0.0604060979516291,0.109278071691206,0.355358188743454,67222.5405442328,,149840.877020212,5.43880487906218,0.543880487906218,100.805017820668,545235.02037774,5408.8083328125,539826.212044927,1,12,12010000 = 21.545|12A01927 = 0,CARRELL RD|CLEVELAND AVE,22000,12010000,12A01927,Y,-81.87197229,26.61165063,10,1.17141758774933,On-System / Off-System,12010000,505,LPI-01142,1,21.545,21.535,21.555000000000003,CARRELL RD,On Corridor,456031-1,1,106,0.02,100,0,1.3,Verified Match,456031-1,1
115242,267032,93010000,URBAN GENERAL,MIAMI,URBAN MINOR ART,DIVIDED,US    1,SR    5,4,PALM BEACH,33000,4,45,1,LPI,Implement a Leading Pedestrian Interval (LPI),,LPI-00277,Potential Location,0.870000005,1,5408.8083328125,0.0362240810347639,0.015282034186541,0.0606187356066128,0.109662745320086,0.356609097749266,67354.380357328,,149315.267035255,5.45795020965982,0.545795020965982,101.002721070217,546304.359361325,5408.8083328125,540895.551028512,4,93,93010000 = 8.262|93A33855 = 0,BANYAN TREE LN|S FEDERAL HWY,14500,93010000,93A33855,Y,-80.0699003,26.44162957,10,1.17554113648551,On-System / Off-System,93010000,506,LPI-00277,1,8.262,8.252,8.272,BANYAN TREE LN,On Corridor,233752-1,3,106,0.02,100,0.1,0.8,Verified Match,233752-1,3
105316,224698,87026000,URBAN GENERAL,MIAMI,URBAN MINOR ART,DIVIDED,,SR  860,6,MIAMI-DADE,48000,4,40,1,LPI,Implement a Leading Pedestrian Interval (LPI),,LPI-00763,Potential Location,0.870000005,1,5408.8083328125,0.0365081902051833,0.0154018927428117,0.0610941745464864,0.110522841441473,0.359406019355871,67882.6476475062,,148153.28567135,5.5007574710716,0.55007574710716,101.794895736175,550589.080295603,5408.8083328125,545180.27196279,6,87,87026000 = 7.646|87A09950 = .008,NE 14TH AVE|NE MIAMI GARDENS DR,23250,87026000,87A09950,Y,-80.17328218,25.94484435,10,1.18476102578402,On-System / Off-System,87026000,507,LPI-00763,1,7.646,7.636,7.656,NE 14TH AVE,Off Corridor,,0,0,0,0,,,Unmatched,,0
84544,196804,86010000,URBAN GENERAL,MIAMI,URBAN PRIN ART OTHER,DIVIDED,US    1,SR    5,4,BROWARD,30125,4,35,1,LPI,Implement a Leading Pedestrian Interval (LPI),,LPI-00022,Potential Location,0.870000005,1,5408.8083328125,0.0317667949130395,0.0154295861006192,0.065699507661059,0.12698466849654,0.461701485156563,83051.2417317724,,170266.101683186,6.72991926906085,0.672991926906085,124.541289796851,673619.966032427,5408.8083328125,668211.157699614,4,86,86010000 = 2.423|86A09705 = .361,S FEDERAL HWY|VAN BUREN ST,14505,86010000,86A09705,Y,-80.14299512,26.00969,10,1.18689128415883,On-System / Off-System,86010000,508,LPI-00022,1,2.423,2.4130000000000003,2.433,S FEDERAL HWY,Off Corridor,,0,0,0,0,,,Unmatched,,0
18261,62945,15007000,URBAN GENERAL,TAMPA-ST PETERSBURG,URBAN PRIN ART OTHER,DIVIDED,,SR   60,7,PINELLAS,42500,4,40,1,LPI,Implement a Leading Pedestrian Interval (LPI),,LPI-01194,Potential Location,0.870000005,1,5408.8083328125,0.0317711440200629,0.0154316985240305,0.06570850240513,0.127002053628251,0.461764695473414,83062.612055398,,170242.794197053,6.73084064432832,0.673084064432832,124.558340412113,673712.189542332,5408.8083328125,668303.38120952,7,15,15007000 = 3.533|15A08448 = .251,COURT ST|S HILLCREST AVE,20250,15007000,15A08448,Y,-82.77936598,27.96079,10,1.18705377827365,On-System / Off-System,15007000,509,LPI-01194,1,3.533,3.523,3.5429999999999997,COURT ST,On Corridor,454711-1,3,105,0.02,100,0,0.7,Verified Match,454711-1,3
32330,80573,16003000,SUBURBAN COMMERCIAL,LAKELAND,URBAN PRIN ART OTHER,DIVIDED,,SR  548,1,POLK,28500,6,45,1,LPI,Implement a Leading Pedestrian Interval (LPI),,LPI-00547,Potential Location,0.870000005,1,5408.8083328125,0.0321809343317239,0.0156307395325516,0.0665560232769744,0.128640150484475,0.467720625116759,84133.9695633324,,168074.931481418,6.81765631843933,0.681765631843933,126.164917786388,682401.858631617,5408.8083328125,676993.050298805,1,16,16003000 = .687|16310000 = 1.052,GEORGE JENKINS BLVD|MARTIN LUTHER KING JR AVE,27150,16310000,16003000,Y,-81.96135,28.04960144,10,1.20236462567184,On-System / On-System,16310000,510,LPI-00547,1,0.687,0.677,0.6970000000000001,GEORGE JENKINS BLVD,On Corridor,451469-1,1,107,0.02,100,0.8,2.2,Verified Match,451469-1,1
32330,80573,16310000,SUBURBAN COMMERCIAL,LAKELAND,URBAN PRIN ART OTHER,DIVIDED,,SR  548,1,POLK,28500,6,45,1,LPI,Implement a Leading Pedestrian Interval (LPI),,LPI-00547,Potential Location,0.870000005,1,5408.8083328125,0.0321809343317239,0.0156307395325516,0.0665560232769744,0.128640150484475,0.467720625116759,84133.9695633324,,168074.931481418,6.81765631843933,0.681765631843933,126.164917786388,682401.858631617,5408.8083328125,676993.050298805,1,16,16003000 = .687|16310000 = 1.052,GEORGE JENKINS BLVD|MARTIN LUTHER KING JR AVE,27150,16310000,16003000,Y,-81.96135,28.04960144,10,1.20236462567184,On-System / On-System,16310000,510,LPI-00547,2,1.052,1.042,1.062,MARTIN LUTHER KING JR AVE,Off Corridor,,0,0,0,0,89.2,22.5,No Match - Angle Mismatch,,0
36542,88561,26003000,URBAN GENERAL,GAINESVILLE,URBAN MAJOR COLLECTOR,DIVIDED,,SR  120,2,ALACHUA,14700,4,35,1,LPI,Implement a Leading Pedestrian Interval (LPI),,LPI-01234,Potential Location,0.870000005,1,5408.8083328125,0.0322690977248466,0.0156735617520684,0.0667383612036601,0.12899257506114,0.46900199988726,84364.4643077401,,167615.728798262,6.83633407676613,0.683633407676613,126.510561176677,684271.377481197,5408.8083328125,678862.569148384,2,26,26003000 = .501|26020000 = 4.268,NW 6TH ST|SR-120,19550,26003000,26020000,Y,-82.33079496,29.67394,10,1.20565864268444,On-System / On-System,26003000,511,LPI-01234,1,0.501,0.491,0.511,NW 6TH ST,Off Corridor,,0,0,0,0,0.1,274.3,No Match - Low Overlap,,0
36542,88561,26020000,URBAN GENERAL,GAINESVILLE,URBAN MAJOR COLLECTOR,DIVIDED,,SR  120,2,ALACHUA,14700,4,35,1,LPI,Implement a Leading Pedestrian Interval (LPI),,LPI-01234,Potential Location,0.870000005,1,5408.8083328125,0.0322690977248466,0.0156735617520684,0.0667383612036601,0.12899257506114,0.46900199988726,84364.4643077401,,167615.728798262,6.83633407676613,0.683633407676613,126.510561176677,684271.377481197,5408.8083328125,678862.569148384,2,26,26003000 = .501|26020000 = 4.268,NW 6TH ST|SR-120,19550,26003000,26020000,Y,-82.33079496,29.67394,10,1.20565864268444,On-System / On-System,26003000,511,LPI-01234,2,4.268,4.258,4.278,SR-120,Off Corridor,,0,0,0,0,89.5,295.6,No Match - Angle Mismatch,,0
87515,196556,86014000,URBAN GENERAL,MIAMI,URBAN PRIN ART OTHER,DIVIDED,,SR  870,4,BROWARD,53500,6,45,1,LPI,Implement a Leading Pedestrian Interval (LPI),,LPI-00718,Potential Location,0.870000005,1,5408.8083328125,0.0322718544496546,0.0156749007326894,0.0667440626117856,0.129003594800048,0.46904206637623,84502.9403281428,,167601.41073549,6.83691809965718,0.683691809965718,126.718215894744,685394.542050623,5408.8083328125,679985.733717811,4,86,86014000 = 1.741|86A04998 = .057,W COMMERCIAL BLVD|WOODLANDS BLVD,26000,86014000,86A04998,Y,-80.2241,26.19383518,10,1.20576164119771,On-System / Off-System,86014000,512,LPI-00718,1,1.741,1.731,1.7510000000000001,W COMMERCIAL BLVD,On Corridor,"441944-1, 454777-1",3,105,0.02,100,0,0.3,Verified Match,"441944-1, 454777-1",3
78246,201033,86016000,URBAN GENERAL,MIAMI,URBAN MINOR ART,DIVIDED,,SR  848,4,BROWARD,47000,6,45,1,LPI,Implement a Leading Pedestrian Interval (LPI),,LPI-00047,Potential Location,0.870000005,1,5408.8083328125,0.0323013799894259,0.0156892417091497,0.0668051267963127,0.12912162026942,0.469471193255407,84580.2521209729,,167448.212261616,6.84317320029231,0.684317320029231,126.834150469529,686021.609944784,5408.8083328125,680612.801611971,4,86,86016000 = 1.539|86A00934 = 0,CARRIAGE DR|STIRLING RD|SW 61ST AVE,24500,86016000,86A00934,Y,-80.22691,26.04618163,10,1.20686479327555,On-System / Off-System,86016000,513,LPI-00047,1,1.539,1.529,1.549,CARRIAGE DR,Off Corridor,,0,0,0,0,,,Unmatched,,0
91116,198723,86020000,URBAN GENERAL,MIAMI,URBAN PRIN ART OTHER,DIVIDED,US    1,SR    5,4,BROWARD,43500,6,45,1,LPI,Implement a Leading Pedestrian Interval (LPI),,LPI-00725,Potential Location,0.870000005,1,5408.8083328125,0.0323264147059022,0.0157014014285811,0.0668569031417522,0.129221694110087,0.469835050100556,84645.8048197131,,167318.534456126,6.84847690251566,0.684847690251566,126.932451439876,686553.30105232,5408.8083328125,681144.492719508,4,86,86020000 = 13.566|86A11105 = .232,S FEDERAL HWY|SE 13TH CT,18250,86020000,86A11105,Y,-80.09359473,26.30078993,10,1.2078001563447,On-System / Off-System,86020000,514,LPI-00725,1,13.566,13.556000000000001,13.576,S FEDERAL HWY,On Corridor,439891-5,1,106,0.02,100,0,0.7,Verified Match,439891-5,1
65376,143236,72291000,URBAN GENERAL,JACKSONVILLE,URBAN MINOR ART,DIVIDED,,SR  111,2,DUVAL,19100,4,35,1,LPI,Implement a Leading Pedestrian Interval (LPI),,LPI-01482,Potential Location,0.870000005,1,5408.8083328125,0.0324349601031243,0.0157541234786604,0.0670813947587343,0.129655593762879,0.471412658771545,84798.0956045156,,166758.593678415,6.8714726678213,0.68714726678213,127.160822387354,687788.515736009,5408.8083328125,682379.707403197,2,72,72291000 = 9.719|72A04362 = .201,EDGEWOOD AVE W|SMYRNA ST,8500,72291000,72A04362,Y,-81.68043838,30.3902609,10,1.21185569881448,On-System / Off-System,72291000,515,LPI-01482,1,9.719,9.709,9.729,EDGEWOOD AVE W,Off Corridor,,0,0,0,0,,,Unmatched,,0
112252,250201,90060000,URBAN GENERAL,KEY LARGO,URBAN PRIN ART OTHER,DIVIDED,US    1,SR    5,6,MONROE,33500,4,45,1,LPI,Implement a Leading Pedestrian Interval (LPI),,LPI-00212,Potential Location,0.870000005,1,5408.8083328125,0.0376293213208372,0.0158748699322282,0.0629703173978385,0.113916890717378,0.370443029659273,69967.2579243472,,143739.194408946,5.66968039838802,0.566968039838802,104.92091826381,567497.136991632,5408.8083328125,562088.32865882,6,90,90060000 = 27.508|90A00326 = .012,OVERSEAS HWY|TARPON BASIN DR,19500,90060000,90A00326,Y,-80.42290689,25.11321431,10,1.2211438879077,On-System / Off-System,90060000,516,LPI-00212,1,27.508,27.497999999999998,27.518,OVERSEAS HWY,On Corridor,433891-4,1,106,0.02,100,0,0.6,Verified Match,433891-4,1
105858,231687,87140000,URBAN GENERAL,MIAMI,URBAN MINOR ART,DIVIDED,US  441,SR    7,6,MIAMI-DADE,26000,4,35,1,LPI,Implement a Leading Pedestrian Interval (LPI),,LPI-01480,Potential Location,0.870000005,1,5408.8083328125,0.0328622687862461,0.0159616734104624,0.0679651468079181,0.131363718602683,0.477623202018282,85915.2532162038,,164590.228629505,6.9619996771797,0.69619996771797,128.836080299997,696849.664693525,5408.8083328125,691440.856360713,6,87,87140000 = 5.019|87A14462 = .253,NW 69TH ST|NW 7TH AVE,12000,87140000,87A14462,Y,-80.20876002,25.83781062,10,1.22782107879792,On-System / Off-System,87140000,517,LPI-01480,1,5.019,5.009,5.029,NW 69TH ST,Off Corridor,,0,0,0,0,,,Unmatched,,0
100252,224364,87044000,URBAN GENERAL,MIAMI,URBAN PRIN ART OTHER,DIVIDED,,SR  976,6,MIAMI-DADE,47500,6,40,1,LPI,Implement a Leading Pedestrian Interval (LPI),,LPI-00758,Potential Location,0.870000005,1,5408.8083328125,0.0329120232023715,0.0159858398411519,0.0680680479867229,0.131562607034935,0.478346337225377,86179.2041448123,,164341.411026435,6.97254034408424,0.697254034408424,129.231893636517,698990.543166334,5408.8083328125,693581.734833521,6,87,87044000 = 1.895|87A18783 = .454,BIRD RD|SW 40TH ST|SW 99TH AVE,22500,87044000,87A18783,Y,-80.35574,25.73261502,10,1.2296800350763,On-System / Off-System,87044000,518,LPI-00758,1,1.895,1.885,1.905,BIRD RD,Off Corridor,,0,0,0,0,,,Unmatched,,0
91442,198869,86020000,URBAN GENERAL,MIAMI,URBAN PRIN ART OTHER,DIVIDED,US    1,SR    5,4,BROWARD,43500,6,45,1,LPI,Implement a Leading Pedestrian Interval (LPI),,LPI-02056,Potential Location,0.870000005,1,5408.8083328125,0.0329689177770307,0.0160134743488435,0.0681857163115862,0.131790037555455,0.479173248145707,86328.1809832806,,164057.806488898,6.98459368139295,0.698459368139295,129.455295083935,700198.878776688,5408.8083328125,694790.070443875,4,86,86020000 = 9.153|86A08142 = .326,N FEDERAL HWY|NE 6TH ST,21000,86020000,86A08142,Y,-80.10281018,26.23725,10,1.23180576651895,On-System / Off-System,86020000,519,LPI-02056,1,9.153,9.143,9.163,N FEDERAL HWY,On Corridor,"448401-1, 457345-1",3,106,0.02,100,0.9,0.6,Verified Match,"448401-1, 457345-1",3
9984,23790,10030002,URBAN GENERAL,TAMPA-ST PETERSBURG,URBAN MINOR ART,DIVIDED,,SR  553,7,HILLSBOROUGH,26500,6,45,1,LPI,Implement a Leading Pedestrian Interval (LPI),,LPI-00959,Potential Location,0.870000005,1,5408.8083328125,0.0331161042036007,0.0160849648988918,0.0684901246029015,0.132378400959329,0.48131246905006,86713.5844883987,,163328.642148203,7.01577569931542,0.701577569931542,130.033235264223,703324.846439699,5408.8083328125,697916.038106886,7,10,10030002 = .484|10A10453 = 1.35,E CHERRY ST|PARK RD,12000,10030002,10A10453,Y,-82.10495535,28.02576004,10,1.2373050398111,On-System / Off-System,10030002,520,LPI-00959,1,0.484,0.474,0.494,E CHERRY ST,On Corridor,445362-2,1,106,0.02,100,0,2,Verified Match,445362-2,1
13723,36727,11070000,URBAN GENERAL,ORLANDO,URBAN PRIN ART OTHER,DIVIDED,,SR   50,5,LAKE,43000,5,45,1,LPI,Implement a Leading Pedestrian Interval (LPI),,LPI-02390,Potential Location,0.870000005,1,5408.8083328125,0.0331219344813744,0.0160877967480961,0.0685021826773879,0.132401706926845,0.481397206837248,86594.1242976137,,163299.892276946,7.01701086637714,0.701701086637714,129.854096145656,702355.91728246,5408.8083328125,696947.108949647,5,11,11070000 = 13.284|11A05765 = .518,E HWY 50|S BLOXAM AVE,34000,11070000,11A05765,Y,-81.74597388,28.54836,10,1.23752287437366,On-System / Off-System,11070000,521,LPI-02390,1,13.284,13.274000000000001,13.294,E HWY 50,On Corridor,454198-1,2,106,0.02,100,0.9,0.3,Verified Match,454198-1,2
102951,237536,87240000,URBAN GENERAL,MIAMI,URBAN PRIN ART OTHER,DIVIDED,,SR    9,6,MIAMI-DADE,55500,6,45,1,LPI,Implement a Leading Pedestrian Interval (LPI),,LPI-00599,Potential Location,0.870000005,1,5408.8083328125,0.0382383489567167,0.0161318034661149,0.0639894870822557,0.115760626724435,0.376438621252803,71210.2922661234,,141449.839765177,5.7614437342128,0.57614437342128,106.78493735562,577579.258987938,5408.8083328125,572170.450655126,6,87,87240000 = 11.019|87A11916 = .01,NW 27TH AVE|SUPERIOR ST,24250,87240000,87A11916,Y,-80.24365406,25.8996,10,1.24090800665914,On-System / Off-System,87240000,522,LPI-00599,1,11.019,11.009,11.029,NW 27TH AVE,On Corridor,438076-1,4,106,0.02,100,0,0.3,Verified Match,438076-1,4
109562,232310,87080900,URBAN GENERAL,MIAMI,URBAN MINOR ART,DIVIDED,,SR  934,6,MIAMI-DADE,32500,4,40,1,LPI,Implement a Leading Pedestrian Interval (LPI),,LPI-01985,Potential Location,0.870000005,1,5408.8083328125,0.0384925682022614,0.016239052210329,0.0644149071009718,0.116530235768565,0.378941290559919,71572.3630680201,,140515.652382341,5.79974742460011,0.579974742460011,107.327888475022,580515.97752687,5408.8083328125,575107.169194057,6,87,87080900 = 35.829|87A14043 = .012,NW 33RD AVE|NW 79TH ST,15750,87080900,87A14043,Y,-80.25194542,25.84575877,10,1.24915791037754,On-System / Off-System,87080900,523,LPI-01985,1,35.829,35.819,35.839,NW 33RD AVE,Off Corridor,,0,0,0,0,,,Unmatched,,0
103072,232079,87080900,URBAN GENERAL,MIAMI,URBAN MINOR ART,DIVIDED,,SR  934,6,MIAMI-DADE,17700,4,40,1,LPI,Implement a Leading Pedestrian Interval (LPI),,LPI-00583,Potential Location,0.870000005,1,5408.8083328125,0.0334638443259221,0.0162538672440193,0.0692093144013389,0.133768458227517,0.486366555600618,87488.0148278903,,161631.40971292,7.08944579906085,0.708944579906085,131.194549066726,709606.170211686,5408.8083328125,704197.361878873,6,87,87080900 = 34.687|87A13503 = 2.107,E 25TH ST|E 6TH AVE,7850,87080900,87A13503,Y,-80.27022,25.84481477,10,1.25029752839754,On-System / Off-System,87080900,524,LPI-00583,1,34.687,34.677,34.696999999999996,E 25TH ST,Off Corridor,,0,0,0,0,,,Unmatched,,0
88382,181311,79010000,URBAN GENERAL,DAYTONA BEACH-PORT ORANGE,URBAN PRIN ART OTHER,DIVIDED,US    1,SR    5,5,VOLUSIA,29500,4,35,1,LPI,Implement a Leading Pedestrian Interval (LPI),,LPI-01464,Potential Location,0.870000005,1,5408.8083328125,0.0334657418350698,0.0162547888913196,0.0692132387952579,0.133776043335513,0.486394134171071,87492.9756837571,,161622.245204331,7.08984779376668,0.708984779376668,131.201988225675,709646.407196597,5408.8083328125,704237.598863785,5,79,79010000 = 32.553|79A01727 = .127,MAGNOLIA AVE|S RIDGEWOOD AVE,15000,79010000,79A01727,Y,-81.021815,29.208955,10,1.25036842434645,On-System / Off-System,79010000,525,LPI-01464,1,32.553,32.543,32.562999999999995,MAGNOLIA AVE,On Corridor,450782-1,2,106,0.02,100,0,0.6,Verified Match,450782-1,2
114701,267492,93010000,URBAN GENERAL,MIAMI,URBAN PRIN ART OTHER,DIVIDED,US    1,SR    5,4,PALM BEACH,24000,4,35,1,LPI,Implement a Leading Pedestrian Interval (LPI),,LPI-00278,Potential Location,0.870000005,1,5408.8083328125,0.0336399780862687,0.0163394179276162,0.0695735910420557,0.134472535778617,0.488926499685655,87948.4996689867,,160785.132467738,7.12676042242571,0.712676042242571,131.885079091879,713341.114765791,5408.8083328125,707932.306432979,4,93,93010000 = 1.898|93900226 = .209,N FEDERAL HWY|NE 2ND ST,11750,93010000,93900226,Y,-80.08644866,26.3523451,10,1.2568783504658,On-System / On-System,93010000,526,LPI-00278,1,1.898,1.888,1.908,N FEDERAL HWY,On Corridor,"438386-5, 448064-1, 233752-1",5,106,0.02,100,0,0.6,Verified Match,"438386-5, 448064-1, 233752-1",5
114701,267492,93900226,URBAN GENERAL,MIAMI,URBAN PRIN ART OTHER,DIVIDED,US    1,SR    5,4,PALM BEACH,24000,4,35,1,LPI,Implement a Leading Pedestrian Interval (LPI),,LPI-00278,Potential Location,0.870000005,1,5408.8083328125,0.0336399780862687,0.0163394179276162,0.0695735910420557,0.134472535778617,0.488926499685655,87948.4996689867,,160785.132467738,7.12676042242571,0.712676042242571,131.885079091879,713341.114765791,5408.8083328125,707932.306432979,4,93,93010000 = 1.898|93900226 = .209,N FEDERAL HWY|NE 2ND ST,11750,93010000,93900226,Y,-80.08644866,26.3523451,10,1.2568783504658,On-System / On-System,93010000,526,LPI-00278,2,0.209,0.19899999999999998,0.219,NE 2ND ST,Off Corridor,,0,0,0,0,88.4,22.8,No Match - Angle Mismatch,,0
103314,236910,87240000,URBAN GENERAL,MIAMI,URBAN PRIN ART OTHER,DIVIDED,,SR    9,6,MIAMI-DADE,41500,6,40,1,LPI,Implement a Leading Pedestrian Interval (LPI),,LPI-01596,Potential Location,0.870000005,1,5408.8083328125,0.0336878200235185,0.0163626554399947,0.0696725368668223,0.134663779262844,0.48962183875091,88210.6062319287,,160556.792604462,7.13689592322923,0.713689592322923,132.278126669884,715467.033780898,5408.8083328125,710058.225448086,6,87,87240000 = 1.863|87A28106 = .978,SW 27TH AVE|SW 6TH ST,20500,87240000,87A28106,Y,-80.23890544,25.76694497,10,1.25866585148674,On-System / Off-System,87240000,527,LPI-01596,1,1.863,1.853,1.873,SW 27TH AVE,Off Corridor,,0,0,0,0,,,Unmatched,,0
24442,41014,12070000,URBAN GENERAL,CAPE CORAL,URBAN PRIN ART OTHER,DIVIDED,,SR   82,1,LEE,40500,4,40,1,LPI,Implement a Leading Pedestrian Interval (LPI),,LPI-01160,Potential Location,0.870000005,1,5408.8083328125,0.0338380905201034,0.0164356439669074,0.0699833235756684,0.135264470936206,0.49180588380923,88466.4456461467,,159843.781066757,7.16873131340022,0.716873131340022,132.661776209171,717542.120605872,5408.8083328125,712133.31227306,1,12,12070000 = 1.512|12A10818 = .498,DR MARTIN LUTHER KING JR BLVD|FORD ST,18750,12070000,12A10818,Y,-81.84828493,26.64100993,10,1.26428035377289,On-System / Off-System,12070000,528,LPI-01160,1,1.512,1.502,1.522,DR MARTIN LUTHER KING JR BLVD,On Corridor,446269-1,1,105,0.02,100,0,0.1,Verified Match,446269-1,1
39608,86665,26050000,URBAN GENERAL,GAINESVILLE,URBAN PRIN ART OTHER,DIVIDED,,SR   24,2,ALACHUA,29500,4,45,1,LPI,Implement a Leading Pedestrian Interval (LPI),,LPI-00560,Potential Location,0.870000005,1,5408.8083328125,0.0391387672451045,0.0165116674315284,0.0654962808117295,0.118486502402172,0.385302817230907,72773.8935106122,,138195.674353771,5.89711144600847,0.589711144600847,109.129669495153,590261.465722456,5408.8083328125,584852.657389644,2,26,26050000 = 4.301|26A00320 = .032,NE 12TH AVE|SR-24,14250,26050000,26A00320,Y,-82.30370577,29.66359789,10,1.27012831281482,On-System / Off-System,26050000,529,LPI-00560,1,4.301,4.291,4.311,NE 12TH AVE,On Corridor,"435890-1, 427326-5",5,106,0.02,100,0,0.9,Verified Match,"435890-1, 427326-5",5
13522,28732,10340000,URBAN GENERAL,TAMPA-ST PETERSBURG,URBAN PRIN ART OTHER,DIVIDED,,SR  574,7,HILLSBOROUGH,23500,4,40,1,LPI,Implement a Leading Pedestrian Interval (LPI),,LPI-02386,Potential Location,0.870000005,1,5408.8083328125,0.0342095523472354,0.0166160682829429,0.0707515741726914,0.136749353408819,0.497204743774024,89437.5970035222,,158108.129504641,7.24742694873201,0.724742694873201,134.118087278259,725419.028051524,5408.8083328125,720010.219718711,7,10,10340000 = 4.726|10A12999 = .605,E DR MARTIN LUTHER KING JR BLVD|N 29TH ST,11750,10340000,10A12999,Y,-82.4279995,27.98144,10,1.27815914784788,On-System / Off-System,10340000,530,LPI-02386,1,4.726,4.716,4.736,E DR MARTIN LUTHER KING JR BLVD,On Corridor,"445362-2, 443445-3, 438702-1",7,105,0.02,100,0.4,0.6,Verified Match,"445362-2, 443445-3, 438702-1",7
102328,227279,87066000,URBAN GENERAL,MIAMI,URBAN MINOR ART,DIVIDED,,SR  922,6,MIAMI-DADE,29000,4,35,1,LPI,Implement a Leading Pedestrian Interval (LPI),,LPI-01086,Potential Location,0.870000005,1,5408.8083328125,0.0343322489525105,0.0166756637769337,0.0710053330608739,0.137239821137438,0.498988027389329,89758.375522484,,157543.082607089,7.27342070259825,0.727342070259825,134.599117659715,728020.829187079,5408.8083328125,722612.020854267,6,87,87066000 = 2.486|87A01067 = .172,NE 125TH ST|NE 13TH PL|NE 14TH AVE,15500,87066000,87A01067,Y,-80.1708933,25.89087076,10,1.28274341679272,On-System / Off-System,87066000,531,LPI-01086,1,2.486,2.4760000000000004,2.496,NE 125TH ST,Off Corridor,,0,0,0,0,,,Unmatched,,0
66424,140877,72080101,URBAN GENERAL,JACKSONVILLE,URBAN PRIN ART OTHER,1WAY,US   17,SR  139,2,DUVAL,27000,4,35,1,LPI,Implement a Leading Pedestrian Interval (LPI),,LPI-02154,Potential Location,0.870000005,1,5408.8083328125,0.0345450645956022,0.0167790313750068,0.0714454745045409,0.138090530941901,0.5020811092929,116432.315869941,,156572.534923008,7.31850652573909,0.731850652573909,174.598603104684,944370.379370035,5408.8083328125,938961.571037222,2,72,72080101 = .931|72A02087 = .49,N LAURA ST|UNION ST W,13250,72080101,72A02087,Y,-81.65771942,30.33255986,10,1.29069477079647,On-System / Off-System,72080101,532,LPI-02154,1,0.931,0.921,0.9410000000000001,N LAURA ST,On Corridor,"209509-2, 441298-4, 441298-3",7,105,0.02,100,0.1,281.6,Verified Match,"209509-2, 441298-4, 441298-3",7
98718,223757,87030000,URBAN GENERAL,MIAMI,URBAN PRIN ART OTHER,DIVIDED,US    1,SR    5,6,MIAMI-DADE,41500,4,35,1,LPI,Implement a Leading Pedestrian Interval (LPI),,LPI-00601,Potential Location,0.870000005,1,5408.8083328125,0.0399792409070808,0.0168662422576747,0.066902760955443,0.121030905089795,0.393576886461035,74336.6545549777,,135290.420980818,6.02374718854656,0.602374718854656,111.473141694378,602936.857681341,5408.8083328125,597528.049348529,6,87,87030000 = 14.514|87250000 = 5.822,BISCAYNE BLVD|NE 54TH ST,23550,87030000,87250000,Y,-80.18695214,25.82549,10,1.29740330049049,On-System / On-System,87030000,533,LPI-00601,1,14.514,14.504,14.524,BISCAYNE BLVD,On Corridor,"447830-1, 447214-1",3,106,0.02,100,0.1,0.3,Verified Match,"447830-1, 447214-1",3
98718,223757,87250000,URBAN GENERAL,MIAMI,URBAN PRIN ART OTHER,DIVIDED,US    1,SR    5,6,MIAMI-DADE,41500,4,35,1,LPI,Implement a Leading Pedestrian Interval (LPI),,LPI-00601,Potential Location,0.870000005,1,5408.8083328125,0.0399792409070808,0.0168662422576747,0.066902760955443,0.121030905089795,0.393576886461035,74336.6545549777,,135290.420980818,6.02374718854656,0.602374718854656,111.473141694378,602936.857681341,5408.8083328125,597528.049348529,6,87,87030000 = 14.514|87250000 = 5.822,BISCAYNE BLVD|NE 54TH ST,23550,87030000,87250000,Y,-80.18695214,25.82549,10,1.29740330049049,On-System / On-System,87030000,533,LPI-00601,2,5.822,5.812,5.832,NE 54TH ST,Off Corridor,,0,0,0,0,89,45.5,No Match - Angle Mismatch,,0
103256,237828,87240000,URBAN GENERAL,MIAMI,URBAN PRIN ART OTHER,DIVIDED,,SR    9,6,MIAMI-DADE,30000,4,35,1,LPI,Implement a Leading Pedestrian Interval (LPI),,LPI-00688,Potential Location,0.870000005,1,5408.8083328125,0.0349996878988183,0.0169998484079975,0.0723857181543742,0.139907843315017,0.508688645711234,91503.3307004537,,154538.758986909,7.41482024378504,0.741482024378504,137.215803021313,742173.978775237,5408.8083328125,736765.170442425,6,87,87240000 = 5.544|87A07854 = 1.014,NW 27TH AVE|NW 50TH ST,16250,87240000,87A07854,Y,-80.24067584,25.82024508,10,1.30768069706445,On-System / Off-System,87240000,534,LPI-00688,1,5.544,5.534,5.553999999999999,NW 27TH AVE,Off Corridor,,0,0,0,0,,,Unmatched,,0
92338,203018,86040000,URBAN GENERAL,MIAMI,URBAN PRIN ART OTHER,DIVIDED,,SR  820,4,BROWARD,51000,6,40,1,LPI,Implement a Leading Pedestrian Interval (LPI),,LPI-00878,Potential Location,0.870000005,1,5408.8083328125,0.0350766628957349,0.0170372362636427,0.0725449164434517,0.140215543367626,0.509807407314147,91847.252106716,,154199.626939716,7.43112769678441,0.743112769678441,137.731537821077,744963.48945772,5408.8083328125,739554.681124907,4,86,86040000 = 13.014|86A20914 = .229,HOLLYWOOD BLVD|NW 68TH AVE|SW 68TH AVE,21750,86040000,86A20914,Y,-80.22322501,26.00976016,10,1.31055668607085,On-System / Off-System,86040000,535,LPI-00878,1,13.014,13.004,13.024,HOLLYWOOD BLVD,Off Corridor,,0,0,0,0,,,Unmatched,,0
111440,264249,93020001,URBAN GENERAL,MIAMI,URBAN MINOR ART,NOT DIVIDED,US    1,SR  805,4,PALM BEACH,21500,4,35,1,LPI,Implement a Leading Pedestrian Interval (LPI),,LPI-01882,Potential Location,0.870000005,1,5408.8083328125,0.0350880283062509,0.0170427566058933,0.0725684221788371,0.140260975489143,0.509972593223806,91734.2882318147,,154149.679930831,7.43353550328304,0.743353550328304,137.56214039381,744047.251241563,5408.8083328125,738638.442908751,4,93,93020001 = 2.356|93050000 = 6.844|93503501 = .956,BELVEDERE RD|S DIXIE HWY,28500,93050000,93020001,Y,-80.05437312,26.69032014,10,1.31098132779877,On-System / On-System,93050000,536,LPI-01882,1,2.356,2.346,2.3659999999999997,BELVEDERE RD,On Corridor,448415-1,6,53,0.01,100,0,0.8,Verified Parallel Fallback,448415-1,6
111440,264249,93050000,URBAN GENERAL,MIAMI,URBAN MINOR ART,NOT DIVIDED,US    1,SR  805,4,PALM BEACH,21500,4,35,1,LPI,Implement a Leading Pedestrian Interval (LPI),,LPI-01882,Potential Location,0.870000005,1,5408.8083328125,0.0350880283062509,0.0170427566058933,0.0725684221788371,0.140260975489143,0.509972593223806,91734.2882318147,,154149.679930831,7.43353550328304,0.743353550328304,137.56214039381,744047.251241563,5408.8083328125,738638.442908751,4,93,93020001 = 2.356|93050000 = 6.844|93503501 = .956,BELVEDERE RD|S DIXIE HWY,28500,93050000,93020001,Y,-80.05437312,26.69032014,10,1.31098132779877,On-System / On-System,93050000,536,LPI-01882,2,6.844,6.8340000000000005,6.854,S DIXIE HWY,On Corridor,448415-1,6,53,0.01,100,0.8,0.8,Verified Parallel Fallback,448415-1,6
111440,264249,93503501,URBAN GENERAL,MIAMI,URBAN MINOR ART,NOT DIVIDED,US    1,SR  805,4,PALM BEACH,21500,4,35,1,LPI,Implement a Leading Pedestrian Interval (LPI),,LPI-01882,Potential Location,0.870000005,1,5408.8083328125,0.0350880283062509,0.0170427566058933,0.0725684221788371,0.140260975489143,0.509972593223806,91734.2882318147,,154149.679930831,7.43353550328304,0.743353550328304,137.56214039381,744047.251241563,5408.8083328125,738638.442908751,4,93,93020001 = 2.356|93050000 = 6.844|93503501 = .956,BELVEDERE RD|S DIXIE HWY,28500,93050000,93020001,Y,-80.05437312,26.69032014,10,1.31098132779877,On-System / On-System,93050000,536,LPI-01882,3,0.956,0.946,0.966,,Off Corridor,,0,0,0,0,87.8,0.8,No Match - Angle Mismatch,,0
26071,63419,15100000,URBAN GENERAL,TAMPA-ST PETERSBURG,URBAN MINOR ART,DIVIDED,,SR  699,7,PINELLAS,22300,4,35,1,LPI,Implement a Leading Pedestrian Interval (LPI),,LPI-02201,Potential Location,0.870000005,1,5408.8083328125,0.0404655994109518,0.0170714247514953,0.0677166515142646,0.122503279466749,0.398364857951096,75240.9804819297,,133664.357171208,6.097027736247,0.6097027736247,112.829243240735,610271.751025418,5408.8083328125,604862.942692605,7,15,15100000 = 7.948|15140000 = .003,GULF BLVD|TOM STUART CSWY,40050,15100000,15140000,Y,-82.80108961,27.80095859,10,1.31318656985297,On-System / On-System,15100000,537,LPI-02201,1,7.948,7.938000000000001,7.958,GULF BLVD,On Corridor,"457153-1, 452002-1, 456312-2, 439517-1",8,106,0.02,100,11.1,0.3,Verified Parallel Fallback,"457153-1, 452002-1, 456312-2, 439517-1",8
26071,63419,15140000,URBAN GENERAL,TAMPA-ST PETERSBURG,URBAN MINOR ART,DIVIDED,,SR  699,7,PINELLAS,22300,4,35,1,LPI,Implement a Leading Pedestrian Interval (LPI),,LPI-02201,Potential Location,0.870000005,1,5408.8083328125,0.0404655994109518,0.0170714247514953,0.0677166515142646,0.122503279466749,0.398364857951096,75240.9804819297,,133664.357171208,6.097027736247,0.6097027736247,112.829243240735,610271.751025418,5408.8083328125,604862.942692605,7,15,15100000 = 7.948|15140000 = .003,GULF BLVD|TOM STUART CSWY,40050,15100000,15140000,Y,-82.80108961,27.80095859,10,1.31318656985297,On-System / On-System,15100000,537,LPI-02201,2,0.003,0,0.013000000000000001,TOM STUART CSWY,On Corridor,"457153-1, 452002-1, 456312-2, 439517-1",6,69,0.01,100,0,0.3,Verified Parallel Fallback,"457153-1, 452002-1, 456312-2, 439517-1",6
50740,100562,46010000,URBAN GENERAL,PANAMA CITY,URBAN MINOR ART,DIVIDED,,SR   30,3,BAY,30000,4,45,0,LPI,Implement a Leading Pedestrian Interval (LPI),,LPI-02472,Potential Location,0.870000005,1,5408.8083328125,0.046502007910426,0.0170932038209557,0.0692434008200452,0.110819168623065,0.376708731661583,71392.1857736741,,116313.436254864,5.78514705716692,0.578514705716692,107.057699707677,579054.578270623,5408.8083328125,573645.76993781,3,46,46010000 = 14.836|46A00514 = 1.021,FRONT BEACH RD|ISLAND RESERVE CONDOMINIUMS|LAURIE AVE,14500,46010000,46A00514,N,,,10,1.31486188295281,On-System / Off-System,46010000,538,LPI-02472,1,14.836,14.826,14.846,FRONT BEACH RD,Off Corridor,,0,0,0,0,,,Unmatched,,0
12379,36225,11070000,URBAN GENERAL,ORLANDO,URBAN PRIN ART OTHER,DIVIDED,,SR   50,5,LAKE,39500,4,40,1,LPI,Implement a Leading Pedestrian Interval (LPI),,LPI-02389,Potential Location,0.870000005,1,5408.8083328125,0.0353040366957704,0.017147674966517,0.073015166802616,0.141124447986469,0.513112078794208,92299.0214705058,,153206.512315361,7.47929772219388,0.747929772219388,138.408998363314,748627.743683724,5408.8083328125,743218.935350912,5,11,11070000 = 12.194|11A05870 = .396,5TH ST|SR-50,19750,11070000,11A05870,Y,-81.76332048,28.55128,10,1.31905197123408,On-System / Off-System,11070000,539,LPI-02389,1,12.194,12.184000000000001,12.204,5TH ST,On Corridor,454198-1,2,106,0.02,100,0,0.8,Verified Match,454198-1,2
9337,24538,10020000,URBAN GENERAL,TAMPA-ST PETERSBURG,URBAN MINOR ART,NOT DIVIDED,USB  41,SR  685,7,HILLSBOROUGH,24000,4,40,1,LPI,Implement a Leading Pedestrian Interval (LPI),,LPI-02175,Potential Location,0.870000005,1,5408.8083328125,0.0354432072565707,0.0172152720960486,0.0733029968260895,0.141680768747694,0.51513479637675,84771.1401611667,,152604.934809046,7.50878154772239,0.750878154772239,127.120400767981,687569.882944321,5408.8083328125,682161.074611508,7,10,10020000 = 4.72|10A11062 = .222,E BROAD ST|N FLORIDA AVE|W BROAD ST,9650,10020000,10A11062,Y,-82.45951,28.01617051,10,1.32425175062881,On-System / Off-System,10020000,540,LPI-02175,1,4.72,4.71,4.7299999999999995,E BROAD ST,On Corridor,"438702-1, 440511-3",6,106,0.02,100,0,1.1,Verified Match,"438702-1, 440511-3",6
30413,64996,15090000,URBAN GENERAL,TAMPA-ST PETERSBURG,URBAN MINOR ART,DIVIDED,US   92,SR  687,7,PINELLAS,33500,6,40,1,LPI,Implement a Leading Pedestrian Interval (LPI),,LPI-02247,Potential Location,0.870000005,1,5408.8083328125,0.0354867397820477,0.017236416465566,0.0733930300037804,0.141854785778107,0.515767502059533,92921.0268632332,,152417.730285518,7.51800408285192,0.751800408285192,139.341740032861,753672.764598333,5408.8083328125,748263.95626552,7,15,15090000 = 2.662|15A01682 = 1.429,34TH AVE N|4TH ST N,15750,15090000,15A01682,Y,-82.63857483,27.80304,10,1.32587824065424,On-System / Off-System,15090000,541,LPI-02247,1,2.662,2.652,2.6719999999999997,34TH AVE N,On Corridor,454084-1,2,106,0.02,100,0,1.1,Verified Match,454084-1,2
86811,194962,86014000,URBAN GENERAL,MIAMI,URBAN PRIN ART OTHER,DIVIDED,,SR  870,4,BROWARD,55000,6,45,1,LPI,Implement a Leading Pedestrian Interval (LPI),,LPI-02051,Potential Location,0.870000005,1,5408.8083328125,0.0356046781960626,0.0172937008380876,0.0736369480873113,0.142326233100624,0.517481629690501,93229.8452727066,,151912.855468825,7.5429897953613,0.75429897953613,139.804835372881,756177.558532319,5408.8083328125,750768.750199506,4,86,86014000 = 2.813|86A05009 = .576,NW 47TH TER|W COMMERCIAL BLVD,25250,86014000,86A05009,Y,-80.20898843,26.18931736,10,1.33028473101769,On-System / Off-System,86014000,542,LPI-02051,1,2.813,2.8030000000000004,2.823,NW 47TH TER,On Corridor,"441944-1, 452076-1",4,106,0.02,100,0.1,0.2,Verified Match,"441944-1, 452076-1",4
82998,171293,77120000,URBAN GENERAL,ORLANDO,URBAN PRIN ART OTHER,DIVIDED,,SR  434,5,SEMINOLE,22500,4,35,1,LPI,Implement a Leading Pedestrian Interval (LPI),,LPI-02019,Potential Location,0.870000005,1,5408.8083328125,0.0357318801491431,0.0173554846438695,0.0739000248539097,0.142834710518263,0.519330394440387,93417.5771877787,,151372.060754609,7.56993802471344,0.756993802471344,140.086352835493,757700.232529926,5408.8083328125,752291.424197114,5,77,77120000 = 10.106|77A03718 = 1.534,N EDGEMON AVE|S EDGEMON AVE|SR-434,10750,77120000,77A03718,Y,-81.30957033,28.69834996,10,1.33503733164524,On-System / Off-System,77120000,543,LPI-02019,1,10.106,10.096,10.116,N EDGEMON AVE,On Corridor,454207-1,1,105,0.02,100,0,0.9,Verified Match,454207-1,1
954,2133,03010000,URBAN GENERAL,BONITA SPRINGS,URBAN PRIN ART OTHER,DIVIDED,US   41,SR   45,1,COLLIER,36000,6,40,1,LPI,Implement a Leading Pedestrian Interval (LPI),,LPI-02325,Potential Location,0.870000005,1,5408.8083328125,0.0357432519928559,0.0173610081108157,0.0739235438943156,0.142880168355858,0.519495673850712,93592.6968497591,,151323.901191016,7.57234719410987,0.757234719410987,140.348957320592,759120.609857166,5408.8083328125,753711.801524353,1,3,03010000 = 11.036|03A09983 = .768,7TH AVE N|9TH ST N,16500,3010000,03A09983,Y,-81.79694596,26.15663977,10,1.33546221373437,On-System / Off-System,3010000,544,LPI-02325,1,11.036,11.026,11.046,7TH AVE N,On Corridor,"452524-1, 437908-1, 413627-1, 412666-1",7,106,0.02,100,0,1.2,Verified Match,"452524-1, 437908-1, 413627-1, 412666-1",7
28348,80853,17008000,URBAN GENERAL,215,URBAN MINOR ART,DIVIDED,,SR  758,1,SARASOTA,38500,6,45,1,LPI,Implement a Leading Pedestrian Interval (LPI),,LPI-02449,Potential Location,0.870000005,1,5408.8083328125,0.0359293955884927,0.0174514207144108,0.0743085226943827,0.143624259248546,0.522201101791843,94080.1086029047,,150539.919868421,7.61178244008032,0.761178244008032,141.079866180389,763073.955788563,5408.8083328125,757665.14745575,1,17,17008000 = 1.51|17A05194 = .879,BEE RIDGE RD|S LOCKWOOD RIDGE RD,16750,17008000,17A05194,Y,-82.505888,27.29883,10,1.34241702966302,On-System / Off-System,17008000,545,LPI-02449,1,1.51,1.5,1.52,BEE RIDGE RD,On Corridor,"456052-1, 457243-1",2,106,0.02,100,0,0,Verified Match,"456052-1, 457243-1",2
106046,227201,87053000,URBAN GENERAL,MIAMI,URBAN MINOR ART,DIVIDED,,SR  968,6,MIAMI-DADE,37500,4,40,1,LPI,Implement a Leading Pedestrian Interval (LPI),,LPI-01748,Potential Location,0.870000005,1,5408.8083328125,0.0362772868923225,0.0176203964905566,0.075028025163667,0.145014920850089,0.527257385628187,94843.4908625427,,149096.274726024,7.68548456821733,0.768548456821733,142.224612595264,769265.669736295,5408.8083328125,763856.861403483,6,87,87053000 = 4.03|87A16260 = 1.004,NW 47TH AVE|SW 47TH AVE|W FLAGLER ST,18000,87053000,87A16260,Y,-80.27170001,25.77147029,10,1.35541516678956,On-System / Off-System,87053000,546,LPI-01748,1,4.03,4.0200000000000005,4.04,NW 47TH AVE,On Corridor,437782-3,1,106,0.02,100,0.2,0.2,Verified Match,437782-3,1
71365,136087,70140000,URBAN GENERAL,PALM BAY-MELBOURNE,URBAN PRIN ART OTHER,DIVIDED,,SR    3,5,BREVARD,27500,4,40,1,LPI,Implement a Leading Pedestrian Interval (LPI),,LPI-01804,Potential Location,0.870000005,1,5408.8083328125,0.0418453509055918,0.0176535074132965,0.0700255794060763,0.1266802615306,0.411947864657314,77806.4646657629,,129257.09106886,6.30491748097847,0.630491748097847,116.67637065925,631080.125864072,5408.8083328125,625671.31753126,5,70,70140000 = 1.097|70A07126 = 0,CATALINA ISLE DR|N COURTENAY PKWY,12500,70140000,70A07126,Y,-80.70036872,28.37288,10,1.35796216094443,On-System / Off-System,70140000,547,LPI-01804,1,1.097,1.087,1.107,CATALINA ISLE DR,On Corridor,453311-1,1,106,0.02,100,2.7,1.1,Verified Match,453311-1,1
118612,272499,93190000,URBAN GENERAL,MIAMI,URBAN MINOR ART,DIVIDED,,SR  706,4,PALM BEACH,39500,6,45,1,LPI,Implement a Leading Pedestrian Interval (LPI),,LPI-02002,Potential Location,0.870000005,1,5408.8083328125,0.0472724828555373,0.0177271810708265,0.0992722139966283,0.155408287387579,0.605087780550877,109040.962670202,,114417.690929025,8.82222711291465,0.882222711291465,163.51473919555,884419.883898554,5408.8083328125,879011.075565742,4,93,93190000 = 16.347,INDIANTOWN RD E|INTRACOASTAL POINTE DR|JONATHAN DR,16500,93190000,93A04761,Y,-80.08870315,26.93397318,10,1.36362936558778,On-System / Off-System,93190000,548,LPI-02002,1,16.347,16.337,16.357000000000003,INDIANTOWN RD E,Off Corridor,,0,0,0,0,,,Unmatched,,0
103131,232154,87080900,URBAN GENERAL,MIAMI,URBAN MINOR ART,DIVIDED,,SR  934,6,MIAMI-DADE,29500,4,35,1,LPI,Implement a Leading Pedestrian Interval (LPI),,LPI-00585,Potential Location,0.870000005,1,5408.8083328125,0.0422646796412848,0.017830411723667,0.0707272998372125,0.127949713757796,0.416075959499867,78586.1566924982,,127974.667706439,6.3680985278267,0.63680985278267,117.845574738914,637404.126632917,5408.8083328125,631995.318300104,6,87,87080900 = 33.809|87122000 = 1.31,E 1ST AVE|E 21ST ST,15450,87080900,87122000,Y,-80.28003934,25.84091138,10,1.37157018534247,On-System / On-System,87080900,549,LPI-00585,1,33.809,33.799,33.818999999999996,E 1ST AVE,Off Corridor,,0,0,0,0,,,Unmatched,,0
103131,232154,87122000,URBAN GENERAL,MIAMI,URBAN MINOR ART,DIVIDED,,SR  934,6,MIAMI-DADE,29500,4,35,1,LPI,Implement a Leading Pedestrian Interval (LPI),,LPI-00585,Potential Location,0.870000005,1,5408.8083328125,0.0422646796412848,0.017830411723667,0.0707272998372125,0.127949713757796,0.416075959499867,78586.1566924982,,127974.667706439,6.3680985278267,0.63680985278267,117.845574738914,637404.126632917,5408.8083328125,631995.318300104,6,87,87080900 = 33.809|87122000 = 1.31,E 1ST AVE|E 21ST ST,15450,87080900,87122000,Y,-80.28003934,25.84091138,10,1.37157018534247,On-System / On-System,87080900,549,LPI-00585,2,1.31,1.3,1.32,E 21ST ST,Off Corridor,,0,0,0,0,,,Unmatched,,0
95835,212319,86230000,URBAN GENERAL,MIAMI,URBAN MINOR ART,DIVIDED,,SR  822,4,BROWARD,43500,6,40,1,LPI,Implement a Leading Pedestrian Interval (LPI),,LPI-02555,Potential Location,0.870000005,1,5408.8083328125,0.0369072187877096,0.0179263634111733,0.0763308388563995,0.147533012244896,0.53641287306228,96640.5110608362,,146551.501588997,7.8189380945352,0.78189380945352,144.919373186674,783841.113278049,5408.8083328125,778432.304945236,4,86,86230000 = 3.425|86A19781 = .76,N 23RD AVE|SHERIDAN ST,21750,86230000,86A19781,Y,-80.15342,26.03341,10,1.37895108466529,On-System / Off-System,86230000,550,LPI-02555,1,3.425,3.415,3.4349999999999996,N 23RD AVE,On Corridor,439170-1,2,105,0.02,100,0,0.4,Verified Match,439170-1,2
94298,200621,86020000,URBAN GENERAL,MIAMI,URBAN PRIN ART OTHER,DIVIDED,US    1,SR    5,4,BROWARD,46000,6,45,1,LPI,Implement a Leading Pedestrian Interval (LPI),,LPI-02088,Potential Location,0.870000005,1,5408.8083328125,0.0371322075915673,0.0180356436873327,0.0767961566098324,0.148432383073824,0.539682880791075,97229.637895693,,145663.527262,7.8666028492122,0.78666028492122,145.802811102076,788619.459636394,5408.8083328125,783210.651303582,4,86,86020000 = 11.244|86A12059 = .083,N FEDERAL HWY|NE 29TH ST,22500,86020000,86A12059,Y,-80.09856476,26.26737,10,1.38735726007779,On-System / Off-System,86020000,551,LPI-02088,1,11.244,11.234,11.254,N FEDERAL HWY,On Corridor,448401-1,2,106,0.02,100,0,0.6,Verified Match,448401-1,2
75442,157939,75040000,URBAN GENERAL,ORLANDO,URBAN PRIN ART OTHER,DIVIDED,,SR  527,5,ORANGE,36223,4,40,1,LPI,Implement a Leading Pedestrian Interval (LPI),,LPI-01019,Potential Location,0.870000005,1,5408.8083328125,0.0371545682920549,0.0180465045989981,0.0768424026040226,0.148521767796032,0.540007873244752,97137.0590300399,,145575.862712126,7.8713400507301,0.78713400507301,145.663982457302,787868.562105711,5408.8083328125,782459.753772899,5,75,75040000 = 11.737|75A11206 = .595,E PINELOCH AVE|ORANGE AVE S|W PINELOCH AVE,17641,75040000,75A11206,Y,-81.37630051,28.50929,10,1.38819271485342,On-System / Off-System,75040000,552,LPI-01019,1,11.737,11.727,11.747,E PINELOCH AVE,Off Corridor,,0,0,0,0,,,Unmatched,,0
48117,99487,46060000,URBAN GENERAL,PANAMA CITY,URBAN PRIN ART OTHER,DIVIDED,,SR   77,3,BAY,14300,4,40,0,LPI,Implement a Leading Pedestrian Interval (LPI),,LPI-02291,Potential Location,0.870000005,1,5408.8083328125,0.0491209542033306,0.0180558758601284,0.0731431194781101,0.117060392688211,0.397924588365885,75412.9218381141,,110112.037124184,6.11096071812668,0.611096071812668,113.087081628484,611666.34944559,5408.8083328125,606257.541112778,3,46,46060000 = .712|46510000 = 4.969,E 11TH ST|N COVE BLVD,24250,46060000,46510000,N,,,10,1.38891358112194,On-System / On-System,46060000,553,LPI-02291,1,0.712,0.702,0.722,E 11TH ST,On Corridor,456590-1,3,106,0.02,100,0,1,Verified Match,456590-1,3
48117,99487,46510000,URBAN GENERAL,PANAMA CITY,URBAN PRIN ART OTHER,DIVIDED,,SR   77,3,BAY,14300,4,40,0,LPI,Implement a Leading Pedestrian Interval (LPI),,LPI-02291,Potential Location,0.870000005,1,5408.8083328125,0.0491209542033306,0.0180558758601284,0.0731431194781101,0.117060392688211,0.397924588365885,75412.9218381141,,110112.037124184,6.11096071812668,0.611096071812668,113.087081628484,611666.34944559,5408.8083328125,606257.541112778,3,46,46060000 = .712|46510000 = 4.969,E 11TH ST|N COVE BLVD,24250,46060000,46510000,N,,,10,1.38891358112194,On-System / On-System,46060000,553,LPI-02291,2,4.969,4.9590000000000005,4.979,N COVE BLVD,Off Corridor,,0,0,0,0,88.9,9.3,No Match - Angle Mismatch,,0
118345,266073,93040000,URBAN GENERAL,MIAMI,URBAN MINOR ART,DIVIDED,US    1,SR    5,4,PALM BEACH,25000,4,45,1,LPI,Implement a Leading Pedestrian Interval (LPI),,LPI-01784,Potential Location,0.870000005,1,5408.8083328125,0.037195143720036,0.0180662126640175,0.0769263199664381,0.148683964117235,0.540597600203705,97243.1395989754,,145417.056955715,7.87993611323399,0.787993611323399,145.823057873902,788728.970544562,5408.8083328125,783320.162211749,4,93,93040000 = 6.957|93A04955 = .761,MARCINSKI RD|US-1,12000,93040000,93A04955,Y,-80.06123554,26.89657254,10,1.38970871991322,On-System / Off-System,93040000,554,LPI-01784,1,6.957,6.947,6.967,MARCINSKI RD,Off Corridor,,0,0,0,0,,,Unmatched,,0
67817,156828,75010000,URBAN GENERAL,ORLANDO,URBAN PRIN ART OTHER,DIVIDED,US   17,SR  500,5,ORANGE,51500,6,40,1,LPI,Implement a Leading Pedestrian Interval (LPI),,LPI-02375,Potential Location,0.870000005,1,5408.8083328125,0.0374848505378076,0.018206927404078,0.0775254863395566,0.14984203890308,0.54480822543018,98153.0235006253,,144293.18125084,7.94131163130676,0.794131163130676,147.187494001695,796108.944042156,5408.8083328125,790700.135709344,5,75,75010000 = 10.773|75A12067 = .254,39TH ST|S ORANGE BLOSSOM TRL,21500,75010000,75A12067,Y,-81.39689053,28.50359,10,1.40053293110342,On-System / Off-System,75010000,555,LPI-02375,1,10.773,10.763,10.783,39TH ST,Off Corridor,,0,0,0,0,,,Unmatched,,0
65455,134781,70014000,SUBURBAN COMMERCIAL,PALM BAY-MELBOURNE,URBAN PRIN ART OTHER,DIVIDED,,SR  520,5,BREVARD,25000,4,40,1,LPI,Implement a Leading Pedestrian Interval (LPI),,LPI-00137,Potential Location,0.870000005,1,5408.8083328125,0.0375855172074822,0.0182558226436342,0.0777336833154745,0.150244444109909,0.546271323958747,98263.733680321,,143906.715529666,7.96263825748513,0.796263825748513,147.353511851464,797006.902771382,5408.8083328125,791598.094438569,5,70,70014000 = 4.599|70100000 = 8.121|70200500 = .005,S FISKE BLVD|SR-519|W KING ST,43100,70100000,70014000,Y,-80.74254498,28.35571536,10,1.40429410352163,On-System / On-System,70100000,556,LPI-00137,1,4.599,4.589,4.609,S FISKE BLVD,On Corridor,"451310-1, 456515-1",2,80,0.02,100,0,1.2,Verified Match,"451310-1, 456515-1",2
65455,134781,70100000,SUBURBAN COMMERCIAL,PALM BAY-MELBOURNE,URBAN PRIN ART OTHER,DIVIDED,,SR  520,5,BREVARD,25000,4,40,1,LPI,Implement a Leading Pedestrian Interval (LPI),,LPI-00137,Potential Location,0.870000005,1,5408.8083328125,0.0375855172074822,0.0182558226436342,0.0777336833154745,0.150244444109909,0.546271323958747,98263.733680321,,143906.715529666,7.96263825748513,0.796263825748513,147.353511851464,797006.902771382,5408.8083328125,791598.094438569,5,70,70014000 = 4.599|70100000 = 8.121|70200500 = .005,S FISKE BLVD|SR-519|W KING ST,43100,70100000,70014000,Y,-80.74254498,28.35571536,10,1.40429410352163,On-System / On-System,70100000,556,LPI-00137,2,8.121,8.111,8.131,SR-519,On Corridor,456515-1,1,105,0.02,100,0,0.6,Verified Match,456515-1,1
65455,134781,70200500,SUBURBAN COMMERCIAL,PALM BAY-MELBOURNE,URBAN PRIN ART OTHER,DIVIDED,,SR  520,5,BREVARD,25000,4,40,1,LPI,Implement a Leading Pedestrian Interval (LPI),,LPI-00137,Potential Location,0.870000005,1,5408.8083328125,0.0375855172074822,0.0182558226436342,0.0777336833154745,0.150244444109909,0.546271323958747,98263.733680321,,143906.715529666,7.96263825748513,0.796263825748513,147.353511851464,797006.902771382,5408.8083328125,791598.094438569,5,70,70014000 = 4.599|70100000 = 8.121|70200500 = .005,S FISKE BLVD|SR-519|W KING ST,43100,70100000,70014000,Y,-80.74254498,28.35571536,10,1.40429410352163,On-System / On-System,70100000,556,LPI-00137,3,0.005,0,0.015,W KING ST,On Corridor,"451310-1, 456515-1",2,80,0.02,100,1.8,40.5,Verified Match,"451310-1, 456515-1",2
91777,199486,86018000,URBAN GENERAL,MIAMI,URBAN PRIN ART OTHER,DIVIDED,,SR  824,4,BROWARD,47500,6,45,1,LPI,Implement a Leading Pedestrian Interval (LPI),,LPI-02057,Potential Location,0.870000005,1,5408.8083328125,0.0376538084073054,0.0182889926549769,0.0778749219332907,0.150517431529462,0.547263874465268,98595.4349147701,,143645.717700181,7.97710601423729,0.797710601423729,147.850921627694,799697.296913882,5408.8083328125,794288.488581069,4,86,86018000 = .286|86A06818 = .708,OLEANDER DR|PEMBROKE RD|S AIRPORT RD,20750,86018000,86A06818,Y,-80.24311,25.99471175,10,1.40684564295383,On-System / Off-System,86018000,557,LPI-02057,1,0.286,0.27599999999999997,0.296,OLEANDER DR,Off Corridor,,0,0,0,0,,,Unmatched,,0
13277,28442,10310000,URBAN GENERAL,TAMPA-ST PETERSBURG,URBAN PRIN ART OTHER,DIVIDED,,SR  580,7,HILLSBOROUGH,55500,6,45,1,LPI,Implement a Leading Pedestrian Interval (LPI),,LPI-01135,Potential Location,0.870000005,1,5408.8083328125,0.0376596702640745,0.0182918398425505,0.0778870453188813,0.150540863730937,0.547349071224446,98610.7840213279,,143623.358751822,7.97834787143222,0.797834787143222,147.873938713148,799821.791917479,5408.8083328125,794412.983584666,7,10,10310000 = 4.601|10A01156 = .263,E BUSCH BLVD|N 26TH ST,23750,10310000,10A01156,Y,-82.43050948,28.03258,10,1.40706465739098,On-System / Off-System,10310000,558,LPI-01135,1,4.601,4.591,4.611,E BUSCH BLVD,On Corridor,438702-1,5,105,0.02,100,0,0.6,Verified Match,438702-1,5
69128,119038,57030000,URBAN GENERAL,1460,URBAN PRIN ART OTHER,DIVIDED,US   98,SR   30,3,OKALOOSA,46500,4,35,1,LPI,Implement a Leading Pedestrian Interval (LPI),,LPI-02635,Potential Location,0.870000005,1,5408.8083328125,0.0434633957222862,0.0183361200703395,0.0727332762790134,0.13157863939364,0.427876757419163,80815.0270062195,,124445.139247118,6.54871132734385,0.654871132734385,121.187925531901,655482.261453208,5408.8083328125,650073.453120396,3,57,57030000 = 18.528|57502000 = .005,BENNING DR|HARBOR BLVD,24150,57030000,57502000,Y,-86.49598245,30.3922333,10,1.41047082889038,On-System / On-System,57030000,559,LPI-02635,1,18.528,18.517999999999997,18.538,BENNING DR,On Corridor,414132-7,1,105,0.02,100,0,1.6,Verified Match,414132-7,1
69128,119038,57502000,URBAN GENERAL,1460,URBAN PRIN ART OTHER,DIVIDED,US   98,SR   30,3,OKALOOSA,46500,4,35,1,LPI,Implement a Leading Pedestrian Interval (LPI),,LPI-02635,Potential Location,0.870000005,1,5408.8083328125,0.0434633957222862,0.0183361200703395,0.0727332762790134,0.13157863939364,0.427876757419163,80815.0270062195,,124445.139247118,6.54871132734385,0.654871132734385,121.187925531901,655482.261453208,5408.8083328125,650073.453120396,3,57,57030000 = 18.528|57502000 = .005,BENNING DR|HARBOR BLVD,24150,57030000,57502000,Y,-86.49598245,30.3922333,10,1.41047082889038,On-System / On-System,57030000,559,LPI-02635,2,0.005,0,0.015,HARBOR BLVD,Off Corridor,,0,0,0,0,89.3,68.1,No Match - Angle Mismatch,,0
107425,228188,87038000,URBAN GENERAL,MIAMI,URBAN MINOR ART,DIVIDED,,SR  932,6,MIAMI-DADE,16600,5,40,1,LPI,Implement a Leading Pedestrian Interval (LPI),,LPI-01558,Potential Location,0.870000005,1,5408.8083328125,0.0438071728015964,0.0184811510256735,0.0733085657351715,0.132619370786083,0.431261081619466,81454.2396928234,,123468.55519093,6.60050886446554,0.660050886446554,122.146470771974,660666.848935094,5408.8083328125,655258.040602281,6,87,87038000 = 1.028|87260506 = 0,NW 103RD ST|NW 77TH CT,8000,87038000,87260506,Y,-80.32495193,25.86693503,10,1.42162705665285,On-System / On-System,87038000,560,LPI-01558,1,1.028,1.018,1.038,NW 103RD ST,On Corridor,445993-1,2,106,0.02,100,8.3,0,Verified Match,445993-1,2
107425,228188,87260506,URBAN GENERAL,MIAMI,URBAN MINOR ART,DIVIDED,,SR  932,6,MIAMI-DADE,16600,5,40,1,LPI,Implement a Leading Pedestrian Interval (LPI),,LPI-01558,Potential Location,0.870000005,1,5408.8083328125,0.0438071728015964,0.0184811510256735,0.0733085657351715,0.132619370786083,0.431261081619466,81454.2396928234,,123468.55519093,6.60050886446554,0.660050886446554,122.146470771974,660666.848935094,5408.8083328125,655258.040602281,6,87,87038000 = 1.028|87260506 = 0,NW 103RD ST|NW 77TH CT,8000,87038000,87260506,Y,-80.32495193,25.86693503,10,1.42162705665285,On-System / On-System,87038000,560,LPI-01558,2,0,0,0.01,NW 77TH CT,Off Corridor,,0,0,0,0,87.6,27,No Match - Angle Mismatch,,0
34767,83921,17020000,URBAN GENERAL,215,URBAN PRIN ART OTHER,DIVIDED,US   41,SR   45,1,SARASOTA,58500,6,40,1,LPI,Implement a Leading Pedestrian Interval (LPI),,LPI-01963,Potential Location,0.870000005,1,5408.8083328125,0.0380984719245693,0.018504972077648,0.0787945669349047,0.152294930628343,0.553726654449138,99759.7737885734,,141969.167254827,8.07130971282491,0.807130971282491,149.596931224666,809141.128171152,5408.8083328125,803732.319838339,1,17,17020000 = 16.464|17A05022 = .954,HILLVIEW ST|S TAMIAMI TRL,28500,17020000,17A05022,Y,-82.52973056,27.31640999,10,1.42345944533674,On-System / Off-System,17020000,561,LPI-01963,1,16.464,16.453999999999997,16.474,HILLVIEW ST,On Corridor,"452784-1, 456052-1, 453537-1, 413659-1",6,106,0.02,100,0.4,1.1,Verified Match,"452784-1, 456052-1, 453537-1, 413659-1",6
115127,244508,89010000,URBAN GENERAL,PORT SAINT LUCIE,URBAN PRIN ART OTHER,DIVIDED,US    1,SR    5,4,MARTIN,39500,6,35,1,LPI,Implement a Leading Pedestrian Interval (LPI),,LPI-00363,Potential Location,0.870000005,1,5408.8083328125,0.0383713531739541,0.0186375143987777,0.0793589349734051,0.153385746843417,0.557692735335083,100474.305640761,,140959.541048553,8.12912066868078,0.812912066868078,150.668422952144,814936.621555273,5408.8083328125,809527.81322246,4,89,89010000 = 19.448|89A03784 = .104,SW FEDERAL HWY|SW OCEAN BLVD,20500,89010000,89A03784,Y,-80.25696453,27.19759,10,1.43365500889271,On-System / Off-System,89010000,562,LPI-00363,1,19.448,19.438,19.458000000000002,SW FEDERAL HWY,Off Corridor,,0,0,0,0,,,Unmatched,,0
112117,228754,87080001,URBAN GENERAL,MIAMI,URBAN MINOR ART,DIVIDED,US  441,SR    7,6,MIAMI-DADE,31500,4,35,1,LPI,Implement a Leading Pedestrian Interval (LPI),,LPI-01526,Potential Location,0.870000005,1,5408.8083328125,0.0383718935360707,0.0186377768603772,0.0793600525405099,0.153387906888345,0.55770058900721,129330.44071622,,140957.556022823,8.12923514650049,0.812923514650049,193.940265803773,1048985.72574732,5408.8083328125,1043576.9174145,6,87,87080001 = 2.33|87140000 = 5.782,NW 7TH AVE|NW 81ST ST,18300,87140000,87080001,Y,-80.20921994,25.84889733,10,1.43367519824729,On-System / On-System,87140000,563,LPI-01526,1,2.33,2.3200000000000003,2.34,NW 7TH AVE,On Corridor,410646-6,4,105,0.02,100,0,0.3,Verified Match,410646-6,4
112117,228754,87140000,URBAN GENERAL,MIAMI,URBAN MINOR ART,DIVIDED,US  441,SR    7,6,MIAMI-DADE,31500,4,35,1,LPI,Implement a Leading Pedestrian Interval (LPI),,LPI-01526,Potential Location,0.870000005,1,5408.8083328125,0.0383718935360707,0.0186377768603772,0.0793600525405099,0.153387906888345,0.55770058900721,129330.44071622,,140957.556022823,8.12923514650049,0.812923514650049,193.940265803773,1048985.72574732,5408.8083328125,1043576.9174145,6,87,87080001 = 2.33|87140000 = 5.782,NW 7TH AVE|NW 81ST ST,18300,87140000,87080001,Y,-80.20921994,25.84889733,10,1.43367519824729,On-System / On-System,87140000,563,LPI-01526,2,5.782,5.772,5.792,NW 81ST ST,Off Corridor,,0,0,0,0,89.7,2.9,No Match - Angle Mismatch,,0
102978,227564,87066000,URBAN GENERAL,MIAMI,URBAN MINOR ART,NOT DIVIDED,,SR  922,6,MIAMI-DADE,29000,4,35,1,LPI,Implement a Leading Pedestrian Interval (LPI),,LPI-01093,Potential Location,0.870000005,1,5408.8083328125,0.038776317157379,0.0188342111907269,0.080196474120943,0.155004550922614,0.563578518685088,92743.0915855573,,139487.417303198,8.2149138663511,0.82149138663511,139.074913330213,752229.550105634,5408.8083328125,746820.741772821,6,87,87066000 = 1.643|87A11735 = .825,NE 125TH ST|NE 7TH AVE,15500,87066000,87A11735,Y,-80.18445061,25.89034997,10,1.44878553193229,On-System / Off-System,87066000,564,LPI-01093,1,1.643,1.633,1.653,NE 125TH ST,Off Corridor,,0,0,0,0,,,Unmatched,,0
101680,219018,87008000,URBAN GENERAL,MIAMI,URBAN MINOR ART,DIVIDED,,SR  916,6,MIAMI-DADE,26500,4,40,1,LPI,Implement a Leading Pedestrian Interval (LPI),,LPI-00102,Potential Location,0.870000005,1,5408.8083328125,0.0388193481573636,0.018855111962148,0.0802854700527292,0.155176563153721,0.564203935150773,101489.466485763,,139332.796390259,8.22403015135108,0.822403015135108,152.190729402373,823170.48536837,5408.8083328125,817761.677035557,6,87,87008000 = 8.987|87A11732 = 1.778,NE 135TH ST|NE 9TH AVE,11500,87008000,87A11732,Y,-80.18082002,25.89970057,10,1.4503932836419,On-System / Off-System,87008000,565,LPI-00102,1,8.987,8.977,8.997,NE 135TH ST,Off Corridor,,0,0,0,0,,,Unmatched,,0
46433,100892,46020000,URBAN GENERAL,PANAMA CITY,URBAN PRIN ART OTHER,DIVIDED,US   98,SR   30A,3,BAY,37500,4,45,1,LPI,Implement a Leading Pedestrian Interval (LPI),,LPI-00288,Potential Location,0.870000005,1,5408.8083328125,0.0506398485153826,0.0189899431932685,0.106343681882303,0.16647850199432,0.648190060996897,101813.868940837,,106809.330821152,9.45066172918327,0.945066172918327,152.677194135781,825801.679872042,5408.8083328125,820392.87153923,3,46,46020000 = 2.987|46020003 = .047|46140005 = 0|46A00737 = .025,BECK AVE|US-98|W 16TH ST,45500,46020003,46020000,Y,-85.70124722,30.17747091,10,1.46076491720392,On-System / On-System,46020003,566,LPI-00288,1,2.987,2.9770000000000003,2.997,BECK AVE,On Corridor,447594-1,1,106,0.02,100,13.4,1,Verified Match,447594-1,1
46433,100892,46020003,URBAN GENERAL,PANAMA CITY,URBAN PRIN ART OTHER,DIVIDED,US   98,SR   30A,3,BAY,37500,4,45,1,LPI,Implement a Leading Pedestrian Interval (LPI),,LPI-00288,Potential Location,0.870000005,1,5408.8083328125,0.0506398485153826,0.0189899431932685,0.106343681882303,0.16647850199432,0.648190060996897,101813.868940837,,106809.330821152,9.45066172918327,0.945066172918327,152.677194135781,825801.679872042,5408.8083328125,820392.87153923,3,46,46020000 = 2.987|46020003 = .047|46140005 = 0|46A00737 = .025,BECK AVE|US-98|W 16TH ST,45500,46020003,46020000,Y,-85.70124722,30.17747091,10,1.46076491720392,On-System / On-System,46020003,566,LPI-00288,2,0.047,0.037,0.057,US-98,On Corridor,447594-1,2,106,0.02,100,0.1,0.2,Verified Match,447594-1,2
46433,100892,46140005,URBAN GENERAL,PANAMA CITY,URBAN PRIN ART OTHER,DIVIDED,US   98,SR   30A,3,BAY,37500,4,45,1,LPI,Implement a Leading Pedestrian Interval (LPI),,LPI-00288,Potential Location,0.870000005,1,5408.8083328125,0.0506398485153826,0.0189899431932685,0.106343681882303,0.16647850199432,0.648190060996897,101813.868940837,,106809.330821152,9.45066172918327,0.945066172918327,152.677194135781,825801.679872042,5408.8083328125,820392.87153923,3,46,46020000 = 2.987|46020003 = .047|46140005 = 0|46A00737 = .025,BECK AVE|US-98|W 16TH ST,45500,46020003,46020000,Y,-85.70124722,30.17747091,10,1.46076491720392,On-System / On-System,46020003,566,LPI-00288,3,0,0,0.01,W 16TH ST,On Corridor,447594-1,2,53,0.01,100,31.2,14.4,Verified Parallel Fallback,447594-1,2
96063,206572,86090000,URBAN GENERAL,MIAMI,URBAN PRIN ART OTHER,DIVIDED,,SR  816,4,BROWARD,56500,6,45,1,LPI,Implement a Leading Pedestrian Interval (LPI),,LPI-00389,Potential Location,0.870000005,1,5408.8083328125,0.0391519309301538,0.0190166521660747,0.0809733116964544,0.156506030393524,0.569037723405303,102518.226471419,,138149.210123549,8.29448910754371,0.829448910754371,153.733428738751,831514.650393993,5408.8083328125,826105.842061181,4,86,86090000 = 5.582|86A00297 = .067,NW 18TH AVE|W OAKLAND PARK BLVD,26500,86090000,86A00297,Y,-80.16697,26.16572468,10,1.46281945365265,On-System / Off-System,86090000,567,LPI-00389,1,5.582,5.572,5.592,NW 18TH AVE,Off Corridor,,0,0,0,0,,,Unmatched,,0
110711,268195,93020001,URBAN GENERAL,MIAMI,URBAN MINOR ART,DIVIDED,US    1,SR    5,4,PALM BEACH,25000,3,35,1,LPI,Implement a Leading Pedestrian Interval (LPI),,LPI-01824,Potential Location,0.870000005,1,5408.8083328125,0.0393081690247813,0.019092539240608,0.0812964404830703,0.157130576958801,0.571308502076082,89714.7791927151,,137600.108756086,8.3275887566104,0.83275887566104,134.533741838396,727667.223899961,5408.8083328125,722258.415567149,4,93,93020001 = 1.309|93280000 = 9.099,OKEECHOBEE BLVD|S DIXIE HWY,18550,93020001,93280000,Y,-80.05373991,26.705473,10,1.46865692114896,On-System / On-System,93020001,568,LPI-01824,1,1.309,1.299,1.319,OKEECHOBEE BLVD,On Corridor,"446179-1, 448415-1",5,106,0.02,100,0.3,0.8,Verified Match,"446179-1, 448415-1",5
110711,268195,93280000,URBAN GENERAL,MIAMI,URBAN MINOR ART,DIVIDED,US    1,SR    5,4,PALM BEACH,25000,3,35,1,LPI,Implement a Leading Pedestrian Interval (LPI),,LPI-01824,Potential Location,0.870000005,1,5408.8083328125,0.0393081690247813,0.019092539240608,0.0812964404830703,0.157130576958801,0.571308502076082,89714.7791927151,,137600.108756086,8.3275887566104,0.83275887566104,134.533741838396,727667.223899961,5408.8083328125,722258.415567149,4,93,93020001 = 1.309|93280000 = 9.099,OKEECHOBEE BLVD|S DIXIE HWY,18550,93020001,93280000,Y,-80.05373991,26.705473,10,1.46865692114896,On-System / On-System,93020001,568,LPI-01824,2,9.099,9.089,9.109,S DIXIE HWY,On Corridor,"446179-1, 233752-1, 451380-1, 448073-1",7,105,0.02,100,0,0.4,Verified Match,"446179-1, 233752-1, 451380-1, 448073-1",7
69401,140020,72100000,URBAN GENERAL,JACKSONVILLE,URBAN PRIN ART OTHER,DIVIDED,USA  90,SR   10,2,DUVAL,35000,4,40,1,LPI,Implement a Leading Pedestrian Interval (LPI),,LPI-02493,Potential Location,0.870000005,1,5408.8083328125,0.0454965033581359,0.0191938373542136,0.0761355548383806,0.137733555088107,0.447891749074899,84595.3494078006,,118884.044565708,6.85504346691414,0.685504346691414,126.856789933247,686144.062464794,5408.8083328125,680735.254131981,2,72,72100000 = 5.384|72A00980 = .133,ATLANTIC BLVD|CARAVAN TRL,15750,72100000,72A00980,Y,-81.56370859,30.31429546,10,1.4764490840337,On-System / Off-System,72100000,569,LPI-02493,1,5.384,5.3740000000000006,5.394,ATLANTIC BLVD,On Corridor,208819-3,2,105,0.02,100,1.7,0.8,Verified Match,208819-3,2
91945,200953,86040000,URBAN GENERAL,MIAMI,URBAN PRIN ART OTHER,DIVIDED,,SR  820,4,BROWARD,52000,7,45,1,LPI,Implement a Leading Pedestrian Interval (LPI),,LPI-00869,Potential Location,0.870000005,1,5408.8083328125,0.0513103410560466,0.0192413778960175,0.107751716217698,0.168682746221753,0.656772365517396,118354.878900387,,105413.61100883,9.57579239958469,0.957579239958469,177.481624171374,959964.087739223,5408.8083328125,954555.279406411,4,86,86040000 = 7.861,NW 118TH AVE|PINES BLVD|SW 118TH AVE,23250,86040000,86A05016,Y,-80.30602003,26.00775032,10,1.4801060489285,On-System / Off-System,86040000,570,LPI-00869,1,7.861,7.851,7.8709999999999996,NW 118TH AVE,On Corridor,448403-1,1,105,0.02,100,0,47.9,Verified Match,448403-1,1
86050,194295,86003000,URBAN GENERAL,MIAMI,URBAN MINOR ART,DIVIDED,,SR  844,4,BROWARD,22000,4,35,1,LPI,Implement a Leading Pedestrian Interval (LPI),,LPI-00015,Potential Location,0.870000005,1,5408.8083328125,0.0396391060562439,0.0192532800844613,0.0819808784345044,0.158453465507946,0.576118370976545,103632.644971594,,136451.319692678,8.39769905609081,0.839769905609081,155.404579157351,840553.582703502,5408.8083328125,835144.77437069,4,86,86003000 = .057|86A12454 = .255,NE 14TH ST|NE 23RD AVE,10150,86003000,86A12454,Y,-80.10011,26.25008461,10,1.48102160192093,On-System / Off-System,86003000,571,LPI-00015,1,0.057,0.047,0.067,NE 14TH ST,Off Corridor,,0,0,0,0,81.7,248.5,No Match - Angle Mismatch,,0
64779,138646,72100000,URBAN GENERAL,JACKSONVILLE,URBAN PRIN ART OTHER,DIVIDED,USA  90,SR   10,2,DUVAL,35000,4,40,1,LPI,Implement a Leading Pedestrian Interval (LPI),,LPI-01841,Potential Location,0.870000005,1,5408.8083328125,0.0397260042262718,0.0192954877670463,0.0821605996497893,0.158800832478525,0.577381356879563,103859.831911441,,136152.84089497,8.41610877197552,0.841610877197552,155.74526225761,842396.27229503,5408.8083328125,836987.463962217,2,72,72100000 = 5.064|72A07582 = .229,ATLANTIC BLVD|BOWLAN ST N|BOWLAN ST S,15750,72100000,72A07582,Y,-81.56905007,30.31400097,10,1.48426834686004,On-System / Off-System,72100000,572,LPI-01841,1,5.064,5.054,5.074,ATLANTIC BLVD,On Corridor,"208819-3, 447211-2",3,106,0.02,100,0,0.8,Verified Match,"208819-3, 447211-2",3
64206,118006,57030000,URBAN GENERAL,1460,URBAN PRIN ART OTHER,DIVIDED,US   98,SR   30,3,OKALOOSA,46500,4,35,1,LPI,Implement a Leading Pedestrian Interval (LPI),,LPI-01615,Potential Location,0.870000005,1,5408.8083328125,0.0458293395587013,0.0193342526263271,0.0766925354177642,0.138741164679662,0.451168365452496,85214.2188286164,,118020.647578491,6.9051925213212,0.69051925213212,127.784828988138,691163.647838061,5408.8083328125,685754.839505248,3,57,57030000 = 18.877|57A00794 = .01,BEACH DR|HARBOR BLVD|US-98,22500,57030000,57A00794,Y,-86.49029913,30.39101536,10,1.4872502592271,On-System / Off-System,57030000,573,LPI-01615,1,18.877,18.866999999999997,18.887,BEACH DR,On Corridor,414132-7,1,105,0.02,100,0,1.7,Verified Match,414132-7,1
103504,228956,87085000,URBAN GENERAL,MIAMI,URBAN MINOR ART,DIVIDED,,SR  933,6,MIAMI-DADE,22500,4,35,1,LPI,Implement a Leading Pedestrian Interval (LPI),,LPI-02527,Potential Location,0.870000005,1,5408.8083328125,0.0398960188415989,0.0193780662944909,0.0825122207860342,0.159480449343431,0.579852364754603,104304.318834158,,135572.633306781,8.45212703062718,0.845212703062718,156.411802257479,846001.459400472,5408.8083328125,840592.651067659,6,87,87085000 = 3.523|87A15607 = .507,NW 12TH AVE|NW 28TH ST,11000,87085000,87A15607,Y,-80.21543997,25.802375,10,1.49062054152317,On-System / Off-System,87085000,574,LPI-02527,1,3.523,3.5130000000000003,3.533,NW 12TH AVE,Off Corridor,,0,0,0,0,,,Unmatched,,0
105341,224701,87034000,URBAN GENERAL,MIAMI,URBAN MINOR ART,DIVIDED,,SR  915,6,MIAMI-DADE,25062,4,40,1,LPI,Implement a Leading Pedestrian Interval (LPI),,LPI-00633,Potential Location,0.870000005,1,5408.8083328125,0.0399120324949317,0.0193858443546811,0.0825453399326996,0.159544462362857,0.580085108647928,104346.184996532,,135518.238353292,8.45551958547658,0.845551958547658,156.474583568778,846341.031480173,5408.8083328125,840932.22314736,6,87,87034000 = 3.847|87A11540 = .094,NE 149TH ST|NE 6TH AVE,11932,87034000,87A11540,Y,-80.18747009,25.91213125,10,1.4912188538685,On-System / Off-System,87034000,575,LPI-00633,1,3.847,3.837,3.8569999999999998,NE 149TH ST,On Corridor,"440179-2, 454557-2",3,106,0.02,100,0,0.3,Verified Match,"440179-2, 454557-2",3
88327,192809,86006000,URBAN GENERAL,MIAMI,URBAN PRIN ART OTHER,DIVIDED,,SR  842,4,BROWARD,74000,6,40,1,LPI,Implement a Leading Pedestrian Interval (LPI),,LPI-01474,Potential Location,0.870000005,1,5408.8083328125,0.0461344207635529,0.0194629587596239,0.0772030697465081,0.139664750358412,0.454171746907446,85914.9433941198,,117240.19166803,6.95115967848345,0.695115967848345,128.835615699575,696847.151758892,5408.8083328125,691438.34342608,4,86,86006000 = 5.727|86A16875 = .336,RIVER HIGHLANDS AVE|W BROWARD BLVD,28250,86006000,86A16875,Y,-80.16038802,26.12188774,10,1.49715073139994,On-System / Off-System,86006000,576,LPI-01474,1,5.727,5.7170000000000005,5.737,RIVER HIGHLANDS AVE,On Corridor,446999-1,2,105,0.02,100,0.4,0.4,Verified Match,446999-1,2
99225,219018,87008000,URBAN GENERAL,MIAMI,URBAN MINOR ART,DIVIDED,,SR  916,6,MIAMI-DADE,26500,4,40,1,LPI,Implement a Leading Pedestrian Interval (LPI),,LPI-00100,Potential Location,0.870000005,1,5408.8083328125,0.0401627944572075,0.0195076430220722,0.0830639612637701,0.160546858882188,0.583729705804187,105001.778121464,,134672.111488045,8.50864448417938,0.850864448417938,157.457692450216,851658.478990156,5408.8083328125,846249.670657343,6,87,87008000 = 8.738|87A11735 = 1.459,NE 135TH ST|NE 7TH AVE,11500,87008000,87A11735,Y,-80.18482998,25.89953971,10,1.50058798248971,On-System / Off-System,87008000,577,LPI-00100,1,8.738,8.728,8.748,NE 135TH ST,On Corridor,446301-1,1,106,0.02,100,0,116.5,Verified Match,446301-1,1
104526,238731,88010000,URBAN GENERAL,VERO BEACH-SEBASTIAN,URBAN PRIN ART OTHER,DIVIDED,US    1,SR    5,4,INDIAN RIVER,22500,4,35,1,LPI,Implement a Leading Pedestrian Interval (LPI),,LPI-00613,Potential Location,0.870000005,1,5408.8083328125,0.0402464848614158,0.0195482926469734,0.08323704823611,0.160881403121348,0.584946069747169,105220.578664911,,134392.068063512,8.52637462237742,0.852637462237742,157.785799547965,853433.147394518,5408.8083328125,848024.339061706,4,88,88010000 = 20.317|88A03884 = .085,JACKSON ST|US-1,22250,88010000,88A03884,Y,-80.47772975,27.82790004,10,1.50371487683314,On-System / Off-System,88010000,578,LPI-00613,1,20.317,20.307,20.327,JACKSON ST,Off Corridor,,0,0,0,0,,,Unmatched,,0
106941,227955,87030000,URBAN GENERAL,MIAMI,URBAN PRIN ART OTHER,DIVIDED,US    1,SR    5,6,MIAMI-DADE,41500,4,35,1,LPI,Implement a Leading Pedestrian Interval (LPI),,LPI-01048,Potential Location,0.870000005,1,5408.8083328125,0.0404959827084282,0.0196694773155223,0.0837530551469764,0.161878746463041,0.588572294137268,105872.866881601,,133564.071571149,8.57923171333651,0.857923171333651,158.76395248261,858723.789138191,5408.8083328125,853314.980805378,6,87,87030000 = 16.045|87A04860 = .112,BISCAYNE BLVD|NE 78TH ST,17000,87030000,87A04860,Y,-80.18458784,25.84709011,10,1.51303677477236,On-System / Off-System,87030000,579,LPI-01048,1,16.045,16.035,16.055000000000003,BISCAYNE BLVD,On Corridor,"445996-1, 447214-1",3,106,0.02,100,0,0.3,Verified Match,"445996-1, 447214-1",3
103667,227595,87044000,URBAN GENERAL,MIAMI,URBAN PRIN ART OTHER,DIVIDED,,SR  976,6,MIAMI-DADE,71000,6,40,1,LPI,Implement a Leading Pedestrian Interval (LPI),,LPI-02069,Potential Location,0.870000005,1,5408.8083328125,0.0406887396777795,0.0197631021292072,0.0841517116063167,0.162649273672994,0.591373841453182,106542.316816118,,132931.331263777,8.62006802829477,0.862006802829477,159.767840643229,864153.627786556,5408.8083328125,858744.819453743,6,87,87044000 = 3.402|87A17867 = .609,SW 40TH ST|SW 84TH AVE,35750,87044000,87A17867,Y,-80.33164,25.73320512,10,1.52023868379435,On-System / Off-System,87044000,580,LPI-02069,1,3.402,3.3920000000000003,3.412,SW 40TH ST,Off Corridor,,0,0,0,0,,,Unmatched,,0
37607,87453,29002000,URBAN GENERAL,LAKE CITY,URBAN PRIN ART OTHER,DIVIDED,,SR   10A,2,COLUMBIA,17200,4,45,1,LPI,Implement a Leading Pedestrian Interval (LPI),,LPI-02298,Potential Location,0.870000005,1,5408.8083328125,0.0408328590384061,0.0198331029615115,0.0844497766476125,0.163225376779499,0.593468485342288,106753.597770294,,132462.150831152,8.65060027634751,0.865060027634751,160.08467157789,865867.305586043,5408.8083328125,860458.49725323,2,29,29002000 = .964|29070000 = 2.594,S MARION AVE|SE BAYA DR|SW BAYA DR,16100,29002000,29070000,Y,-82.63699,30.18313997,10,1.52562336340948,On-System / On-System,29002000,581,LPI-02298,1,0.964,0.954,0.974,S MARION AVE,Off Corridor,,0,0,0,0,,,Unmatched,,0
37607,87453,29070000,URBAN GENERAL,LAKE CITY,URBAN PRIN ART OTHER,DIVIDED,,SR   10A,2,COLUMBIA,17200,4,45,1,LPI,Implement a Leading Pedestrian Interval (LPI),,LPI-02298,Potential Location,0.870000005,1,5408.8083328125,0.0408328590384061,0.0198331029615115,0.0844497766476125,0.163225376779499,0.593468485342288,106753.597770294,,132462.150831152,8.65060027634751,0.865060027634751,160.08467157789,865867.305586043,5408.8083328125,860458.49725323,2,29,29002000 = .964|29070000 = 2.594,S MARION AVE|SE BAYA DR|SW BAYA DR,16100,29002000,29070000,Y,-82.63699,30.18313997,10,1.52562336340948,On-System / On-System,29002000,581,LPI-02298,2,2.594,2.584,2.6039999999999996,SE BAYA DR,Off Corridor,,0,0,0,0,,,Unmatched,,0
13128,29358,10020000,URBAN GENERAL,TAMPA-ST PETERSBURG,URBAN PRIN ART OTHER,DIVIDED,,SR  574,7,HILLSBOROUGH,29000,4,35,1,LPI,Implement a Leading Pedestrian Interval (LPI),,LPI-00457,Potential Location,0.870000005,1,5408.8083328125,0.0413501399950485,0.0200843537118807,0.0855196077170321,0.165293157019168,0.600986693791671,139368.463122882,,130805.079099132,8.76018826239257,0.876018826239257,208.992999892601,1130403.07931858,5408.8083328125,1124994.27098577,7,10,10020000 = 2.336|10340000 = 2.806,E DR MARTIN LUTHER KING JR BLVD|N FLORIDA AVE,22700,10340000,10020000,Y,-82.45940452,27.9815097,10,1.54495034495045,On-System / On-System,10340000,582,LPI-00457,1,2.336,2.326,2.3459999999999996,E DR MARTIN LUTHER KING JR BLVD,On Corridor,"438702-1, 440511-2, 445362-2, 456680-1, 440511-3",10,106,0.02,100,0,0.1,Verified Match,"438702-1, 440511-2, 445362-2, 456680-1, 440511-3",10
13128,29358,10340000,URBAN GENERAL,TAMPA-ST PETERSBURG,URBAN PRIN ART OTHER,DIVIDED,,SR  574,7,HILLSBOROUGH,29000,4,35,1,LPI,Implement a Leading Pedestrian Interval (LPI),,LPI-00457,Potential Location,0.870000005,1,5408.8083328125,0.0413501399950485,0.0200843537118807,0.0855196077170321,0.165293157019168,0.600986693791671,139368.463122882,,130805.079099132,8.76018826239257,0.876018826239257,208.992999892601,1130403.07931858,5408.8083328125,1124994.27098577,7,10,10020000 = 2.336|10340000 = 2.806,E DR MARTIN LUTHER KING JR BLVD|N FLORIDA AVE,22700,10340000,10020000,Y,-82.45940452,27.9815097,10,1.54495034495045,On-System / On-System,10340000,582,LPI-00457,2,2.806,2.7960000000000003,2.816,N FLORIDA AVE,On Corridor,"436419-1, 445362-2, 443445-3, 438702-1",9,106,0.02,100,1.5,0.6,Verified Match,"436419-1, 445362-2, 443445-3, 438702-1",9
19029,46161,13080000,SUBURBAN COMMERCIAL,215,URBAN PRIN ART OTHER,DIVIDED,,SR   64,1,MANATEE,18500,2,35,1,LPI,Implement a Leading Pedestrian Interval (LPI),,LPI-02358,Potential Location,0.870000005,1,5408.8083328125,0.0416316270078823,0.0202210759752571,0.0861017740390294,0.166418373935405,0.605077851625926,95017.7104939938,,129920.656999267,8.81982238276406,0.881982238276406,142.485867420074,770678.747009712,5408.8083328125,765269.9386769,1,13,13080000 = 8.68|13150000 = .218,EAST BAY DR|MANATEE AVE W|WESTBAY COVE CONDOMINIUMS,13050,13150000,13080000,Y,-82.70746842,27.49709801,10,1.55546744253776,On-System / On-System,13150000,583,LPI-02358,1,8.68,8.67,8.69,EAST BAY DR,On Corridor,446681-1,1,106,0.02,100,0.5,1.2,Verified Match,446681-1,1
19029,46161,13150000,SUBURBAN COMMERCIAL,215,URBAN PRIN ART OTHER,DIVIDED,,SR   64,1,MANATEE,18500,2,35,1,LPI,Implement a Leading Pedestrian Interval (LPI),,LPI-02358,Potential Location,0.870000005,1,5408.8083328125,0.0416316270078823,0.0202210759752571,0.0861017740390294,0.166418373935405,0.605077851625926,95017.7104939938,,129920.656999267,8.81982238276406,0.881982238276406,142.485867420074,770678.747009712,5408.8083328125,765269.9386769,1,13,13080000 = 8.68|13150000 = .218,EAST BAY DR|MANATEE AVE W|WESTBAY COVE CONDOMINIUMS,13050,13150000,13080000,Y,-82.70746842,27.49709801,10,1.55546744253776,On-System / On-System,13150000,583,LPI-02358,2,0.218,0.208,0.228,MANATEE AVE W,On Corridor,408185-3,3,105,0.02,100,0.6,0.3,Verified Match,408185-3,3
114058,266468,93010000,URBAN GENERAL,MIAMI,URBAN MINOR ART,1WAY,US    1,SR    5,4,PALM BEACH,13500,2,35,1,LPI,Implement a Leading Pedestrian Interval (LPI),,LPI-02271,Potential Location,0.870000005,1,5408.8083328125,0.0416421438654799,0.0202261841632331,0.086123524812697,0.166460414049282,0.605230704590327,140352.646747238,,129887.845118758,8.82205042002087,0.882205042002087,210.468853780133,1138385.69012348,5408.8083328125,1132976.88179067,4,93,93010000 = 10.538|93660000 = .048,GEORGE BUSH BLVD|N FEDERAL HWY,9700,93010000,93660000,Y,-80.06730972,26.47401001,10,1.55586038008948,On-System / On-System,93010000,584,LPI-02271,1,10.538,10.528,10.548,GEORGE BUSH BLVD,On Corridor,"233752-1, 448107-1",4,106,0.02,100,0,0.7,Verified Match,"233752-1, 448107-1",4
114058,266468,93660000,URBAN GENERAL,MIAMI,URBAN MINOR ART,1WAY,US    1,SR    5,4,PALM BEACH,13500,2,35,1,LPI,Implement a Leading Pedestrian Interval (LPI),,LPI-02271,Potential Location,0.870000005,1,5408.8083328125,0.0416421438654799,0.0202261841632331,0.086123524812697,0.166460414049282,0.605230704590327,140352.646747238,,129887.845118758,8.82205042002087,0.882205042002087,210.468853780133,1138385.69012348,5408.8083328125,1132976.88179067,4,93,93010000 = 10.538|93660000 = .048,GEORGE BUSH BLVD|N FEDERAL HWY,9700,93010000,93660000,Y,-80.06730972,26.47401001,10,1.55586038008948,On-System / On-System,93010000,584,LPI-02271,2,0.048,0.038,0.058,N FEDERAL HWY,Off Corridor,,0,0,0,0,89.4,6.5,No Match - Angle Mismatch,,0
93051,202319,86065000,URBAN GENERAL,MIAMI,URBAN PRIN ART OTHER,DIVIDED,,SR  845,4,BROWARD,29000,4,40,1,LPI,Implement a Leading Pedestrian Interval (LPI),,LPI-00036,Potential Location,0.870000005,1,5408.8083328125,0.0416930755096722,0.0202509223904122,0.0862288607131857,0.166664008336066,0.605970949737168,109002.551317303,,129729.176048856,8.83284048727799,0.883284048727799,163.457138618687,884108.333418441,5408.8083328125,878699.525085628,4,86,86065000 = 3.064|86518501 = 2.692|86518502 = 0,NW 44TH ST|POWERLINE RD,34700,86065000,86518502,Y,-80.15480953,26.18112,10,1.55776332071491,On-System / On-System,86065000,585,LPI-00036,1,3.064,3.0540000000000003,3.074,NW 44TH ST,On Corridor,"446999-1, 451576-3",5,106,0.02,100,0.1,0.5,Verified Match,"446999-1, 451576-3",5
93051,202319,86518501,URBAN GENERAL,MIAMI,URBAN PRIN ART OTHER,DIVIDED,,SR  845,4,BROWARD,29000,4,40,1,LPI,Implement a Leading Pedestrian Interval (LPI),,LPI-00036,Potential Location,0.870000005,1,5408.8083328125,0.0416930755096722,0.0202509223904122,0.0862288607131857,0.166664008336066,0.605970949737168,109002.551317303,,129729.176048856,8.83284048727799,0.883284048727799,163.457138618687,884108.333418441,5408.8083328125,878699.525085628,4,86,86065000 = 3.064|86518501 = 2.692|86518502 = 0,NW 44TH ST|POWERLINE RD,34700,86065000,86518502,Y,-80.15480953,26.18112,10,1.55776332071491,On-System / On-System,86065000,585,LPI-00036,2,2.692,2.6820000000000004,2.702,POWERLINE RD,Off Corridor,,0,0,0,0,86,109.6,No Match - Angle Mismatch,,0
93051,202319,86518502,URBAN GENERAL,MIAMI,URBAN PRIN ART OTHER,DIVIDED,,SR  845,4,BROWARD,29000,4,40,1,LPI,Implement a Leading Pedestrian Interval (LPI),,LPI-00036,Potential Location,0.870000005,1,5408.8083328125,0.0416930755096722,0.0202509223904122,0.0862288607131857,0.166664008336066,0.605970949737168,109002.551317303,,129729.176048856,8.83284048727799,0.883284048727799,163.457138618687,884108.333418441,5408.8083328125,878699.525085628,4,86,86065000 = 3.064|86518501 = 2.692|86518502 = 0,NW 44TH ST|POWERLINE RD,34700,86065000,86518502,Y,-80.15480953,26.18112,10,1.55776332071491,On-System / On-System,86065000,585,LPI-00036,3,0,0,0.01,,Off Corridor,,0,0,0,0,87.7,1.2,No Match - Angle Mismatch,,0
113368,281836,94010000,URBAN GENERAL,PORT SAINT LUCIE,URBAN PRIN ART OTHER,DIVIDED,US    1,SR    5,4,ST. LUCIE,30000,4,40,1,LPI,Implement a Leading Pedestrian Interval (LPI),,LPI-00919,Potential Location,0.870000005,1,5408.8083328125,0.0484982966400545,0.020460218895023,0.0811588682835912,0.146821015218915,0.477442996844787,90176.8278246135,,111525.738170882,7.30732928906321,0.730732928906321,135.226616879944,731414.852198283,5408.8083328125,726006.04386547,4,94,94010000 = 10.869|94A02069 = .483,EMIL DR|S US HWY 1,17000,94010000,94A02069,Y,-80.32595589,27.41242038,10,1.57386305245804,On-System / Off-System,94010000,586,LPI-00919,1,10.869,10.859,10.879,EMIL DR,On Corridor,441714-1,2,106,0.02,100,0,1.4,Verified Match,441714-1,2
96914,207001,86100000,URBAN GENERAL,MIAMI,URBAN PRIN ART OTHER,DIVIDED,US  441,SR    7,4,BROWARD,54000,6,40,1,LPI,Implement a Leading Pedestrian Interval (LPI),,LPI-02543,Potential Location,0.870000005,1,5408.8083328125,0.0486730621201458,0.0205339480819365,0.0814513273916815,0.147350090402785,0.479163481074967,90642.589798688,,111125.293893802,7.33366153163384,0.733366153163384,135.925060344244,735192.599027987,5408.8083328125,729783.790695175,4,86,86100000 = 12.663|86900228 = .003,NW 24TH ST|SR-7,27500,86100000,86900228,Y,-80.20290009,26.15563,10,1.5795345285926,On-System / On-System,86100000,587,LPI-02543,1,12.663,12.653,12.673,NW 24TH ST,On Corridor,448410-1,1,106,0.02,100,0,0.5,Verified Match,448410-1,1
96914,207001,86900228,URBAN GENERAL,MIAMI,URBAN PRIN ART OTHER,DIVIDED,US  441,SR    7,4,BROWARD,54000,6,40,1,LPI,Implement a Leading Pedestrian Interval (LPI),,LPI-02543,Potential Location,0.870000005,1,5408.8083328125,0.0486730621201458,0.0205339480819365,0.0814513273916815,0.147350090402785,0.479163481074967,90642.589798688,,111125.293893802,7.33366153163384,0.733366153163384,135.925060344244,735192.599027987,5408.8083328125,729783.790695175,4,86,86100000 = 12.663|86900228 = .003,NW 24TH ST|SR-7,27500,86100000,86900228,Y,-80.20290009,26.15563,10,1.5795345285926,On-System / On-System,86100000,587,LPI-02543,2,0.003,0,0.013000000000000001,SR-7,Off Corridor,,0,0,0,0,89.5,16.6,No Match - Angle Mismatch,,0
91183,199191,86018000,URBAN GENERAL,MIAMI,URBAN PRIN ART OTHER,DIVIDED,,SR  824,4,BROWARD,45000,6,40,1,LPI,Implement a Leading Pedestrian Interval (LPI),,LPI-01395,Potential Location,0.870000005,1,5408.8083328125,0.0427954107340023,0.0207863423565154,0.0885086903816866,0.171070486025012,0.621992390099874,112058.57553725,,126387.578481985,9.06637449936488,0.906637449936488,168.039865981534,908895.427365618,5408.8083328125,903486.619032806,4,86,86018000 = 1.352|86A21220 = .08,PEMBROKE RD|SW 69TH AVE,23000,86018000,86A21220,Y,-80.22599491,25.99505623,10,1.5989494735377,On-System / Off-System,86018000,588,LPI-01395,1,1.352,1.342,1.362,PEMBROKE RD,On Corridor,446372-1,1,105,0.02,100,0,0.3,Verified Match,446372-1,1
104255,229993,87220000,URBAN GENERAL,MIAMI,URBAN PRIN ART OTHER,DIVIDED,,SR  948,6,MIAMI-DADE,45500,6,40,1,LPI,Implement a Leading Pedestrian Interval (LPI),,LPI-02525,Potential Location,0.870000005,1,5408.8083328125,0.0428459098427762,0.0208108704950627,0.0886131317202872,0.171272351293591,0.622726348737622,112190.806028746,,126238.615369827,9.07707293230841,0.907707293230841,168.238155081347,909967.93510099,5408.8083328125,904559.126768178,6,87,87220000 = 2.163|87630502 = .009,NW 36TH ST|NW 57TH AVE,70450,87220000,87630502,Y,-80.28918067,25.80763,10,1.60083625349853,On-System / On-System,87220000,589,LPI-02525,1,2.163,2.153,2.1729999999999996,NW 36TH ST,Off Corridor,,0,0,0,0,,,Unmatched,,0
104255,229993,87630502,URBAN GENERAL,MIAMI,URBAN PRIN ART OTHER,DIVIDED,,SR  948,6,MIAMI-DADE,45500,6,40,1,LPI,Implement a Leading Pedestrian Interval (LPI),,LPI-02525,Potential Location,0.870000005,1,5408.8083328125,0.0428459098427762,0.0208108704950627,0.0886131317202872,0.171272351293591,0.622726348737622,112190.806028746,,126238.615369827,9.07707293230841,0.907707293230841,168.238155081347,909967.93510099,5408.8083328125,904559.126768178,6,87,87220000 = 2.163|87630502 = .009,NW 36TH ST|NW 57TH AVE,70450,87220000,87630502,Y,-80.28918067,25.80763,10,1.60083625349853,On-System / On-System,87220000,589,LPI-02525,2,0.009,0,0.019,NW 57TH AVE,Off Corridor,,0,0,0,0,,,Unmatched,,0
116732,263803,93010000,URBAN GENERAL,MIAMI,URBAN MINOR ART,DIVIDED,,SR  806,4,PALM BEACH,9900,2,35,1,LPI,Implement a Leading Pedestrian Interval (LPI),,LPI-00219,Potential Location,0.870000005,1,5408.8083328125,0.042849909252615,0.0208128130655559,0.0886214032269993,0.171288338544869,0.622784476523803,144423.356201624,,126226.832848716,9.07792022286488,0.907792022286488,216.57317438108,1171402.79025604,5408.8083328125,1165993.98192323,4,93,93010000 = 9.688|93030000 = 8.641,E ATLANTIC AVE|N FEDERAL HWY|S FEDERAL HWY,25900,93030000,93010000,Y,-80.06704002,26.46166083,10,1.60098568200375,On-System / On-System,93030000,590,LPI-00219,1,9.688,9.678,9.698,E ATLANTIC AVE,On Corridor,"233752-1, 448107-1",4,106,0.02,100,0,0.7,Verified Match,"233752-1, 448107-1",4
116732,263803,93030000,URBAN GENERAL,MIAMI,URBAN MINOR ART,DIVIDED,,SR  806,4,PALM BEACH,9900,2,35,1,LPI,Implement a Leading Pedestrian Interval (LPI),,LPI-00219,Potential Location,0.870000005,1,5408.8083328125,0.042849909252615,0.0208128130655559,0.0886214032269993,0.171288338544869,0.622784476523803,144423.356201624,,126226.832848716,9.07792022286488,0.907792022286488,216.57317438108,1171402.79025604,5408.8083328125,1165993.98192323,4,93,93010000 = 9.688|93030000 = 8.641,E ATLANTIC AVE|N FEDERAL HWY|S FEDERAL HWY,25900,93030000,93010000,Y,-80.06704002,26.46166083,10,1.60098568200375,On-System / On-System,93030000,590,LPI-00219,2,8.641,8.631,8.651,N FEDERAL HWY,Off Corridor,,0,0,0,0,89.6,1.4,No Match - Angle Mismatch,,0
101176,224976,87044000,URBAN GENERAL,MIAMI,URBAN PRIN ART OTHER,DIVIDED,,SR  976,6,MIAMI-DADE,49000,6,40,1,LPI,Implement a Leading Pedestrian Interval (LPI),,LPI-00642,Potential Location,0.870000005,1,5408.8083328125,0.0431553357508181,0.0209611630789688,0.0892530807573738,0.172509251222101,0.627223573014731,113001.029038521,,125333.478206341,9.14262601648257,0.914262601648257,169.453142558433,916539.569491317,5408.8083328125,911130.761158505,6,87,87044000 = 2.145|87071502 = 2.297|87071504 = .005,BIRD RD|SW 40TH ST|SW 97TH AVE,58800,87044000,87071504,Y,-80.35173,25.73271551,10,1.61239722193595,On-System / On-System,87044000,591,LPI-00642,1,2.145,2.1350000000000002,2.155,BIRD RD,Off Corridor,,0,0,0,0,,,Unmatched,,0
101176,224976,87071502,URBAN GENERAL,MIAMI,URBAN PRIN ART OTHER,DIVIDED,,SR  976,6,MIAMI-DADE,49000,6,40,1,LPI,Implement a Leading Pedestrian Interval (LPI),,LPI-00642,Potential Location,0.870000005,1,5408.8083328125,0.0431553357508181,0.0209611630789688,0.0892530807573738,0.172509251222101,0.627223573014731,113001.029038521,,125333.478206341,9.14262601648257,0.914262601648257,169.453142558433,916539.569491317,5408.8083328125,911130.761158505,6,87,87044000 = 2.145|87071502 = 2.297|87071504 = .005,BIRD RD|SW 40TH ST|SW 97TH AVE,58800,87044000,87071504,Y,-80.35173,25.73271551,10,1.61239722193595,On-System / On-System,87044000,591,LPI-00642,2,2.297,2.2870000000000004,2.307,SW 40TH ST,Off Corridor,,0,0,0,0,,,Unmatched,,0
101176,224976,87071504,URBAN GENERAL,MIAMI,URBAN PRIN ART OTHER,DIVIDED,,SR  976,6,MIAMI-DADE,49000,6,40,1,LPI,Implement a Leading Pedestrian Interval (LPI),,LPI-00642,Potential Location,0.870000005,1,5408.8083328125,0.0431553357508181,0.0209611630789688,0.0892530807573738,0.172509251222101,0.627223573014731,113001.029038521,,125333.478206341,9.14262601648257,0.914262601648257,169.453142558433,916539.569491317,5408.8083328125,911130.761158505,6,87,87044000 = 2.145|87071502 = 2.297|87071504 = .005,BIRD RD|SW 40TH ST|SW 97TH AVE,58800,87044000,87071504,Y,-80.35173,25.73271551,10,1.61239722193595,On-System / On-System,87044000,591,LPI-00642,3,0.005,0,0.015,SW 97TH AVE,Off Corridor,,0,0,0,0,,,Unmatched,,0
101833,219775,87008001,URBAN GENERAL,MIAMI,URBAN MINOR ART,1WAY,,SR  916,6,MIAMI-DADE,14500,3,40,1,LPI,Implement a Leading Pedestrian Interval (LPI),,LPI-00407,Potential Location,0.870000005,1,5408.8083328125,0.0431725224687174,0.020969510913377,0.0892886260148474,0.172577953452873,0.627473366335109,145510.707009063,,125283.583713036,9.14626708963078,0.914626708963078,218.203734854305,1180222.17933077,5408.8083328125,1174813.37099796,6,87,87008001 = 1.556|87A11747 = .1,NW 17TH AVE|OPA LOCKA BLVD,5750,87008001,87A11747,Y,-80.22742936,25.89911002,10,1.61303936306898,On-System / Off-System,87008001,592,LPI-00407,1,1.556,1.546,1.566,NW 17TH AVE,Off Corridor,,0,0,0,0,,,Unmatched,,0
83589,173511,78010000,URBAN GENERAL,ST. AUGUSTINE,URBAN PRIN ART OTHER,DIVIDED,US    1,SR    5,2,ST. JOHNS,31000,4,40,1,LPI,Implement a Leading Pedestrian Interval (LPI),,LPI-00815,Potential Location,0.870000005,1,5408.8083328125,0.0500570618986142,0.0211178229884778,0.0837673645209621,0.151539933482133,0.492788310144091,93075.1668607938,,108052.852637806,7.54219137325526,0.754219137325525,139.572884007415,754922.978053977,5408.8083328125,749514.169721165,2,78,78010000 = 18.125|78A01205 = .008,N PONCE DE LEON BLVD|W SAN CARLOS AVE,36250,78010000,78A01205,Y,-81.32167019,29.90899845,10,1.62444798466937,On-System / Off-System,78010000,593,LPI-00815,1,18.125,18.115,18.135,N PONCE DE LEON BLVD,Off Corridor,,0,0,0,0,,,Unmatched,,0
84771,193649,86010000,URBAN GENERAL,MIAMI,URBAN PRIN ART OTHER,DIVIDED,US    1,SR    5,4,BROWARD,51000,6,45,1,LPI,Implement a Leading Pedestrian Interval (LPI),,LPI-00841,Potential Location,0.870000005,1,5408.8083328125,0.04355329423962,0.0211544572021012,0.0900761312683051,0.174100051518897,0.633007537869023,114043.072113076,,124188.271570332,9.22693507282288,0.922693507282288,171.0157608387,924991.472266631,5408.8083328125,919582.663933819,4,86,86010000 = .765|86200000 = 3.995,E HALLANDALE BEACH BLVD|N FEDERAL HWY|S FEDERAL HWY,90500,86010000,86200000,Y,-80.14240628,25.98557535,10,1.62726600121032,On-System / On-System,86010000,594,LPI-00841,1,0.765,0.755,0.775,E HALLANDALE BEACH BLVD,Off Corridor,,0,0,0,0,86.6,22.5,No Match - Angle Mismatch,,0
84771,193649,86200000,URBAN GENERAL,MIAMI,URBAN PRIN ART OTHER,DIVIDED,US    1,SR    5,4,BROWARD,51000,6,45,1,LPI,Implement a Leading Pedestrian Interval (LPI),,LPI-00841,Potential Location,0.870000005,1,5408.8083328125,0.04355329423962,0.0211544572021012,0.0900761312683051,0.174100051518897,0.633007537869023,114043.072113076,,124188.271570332,9.22693507282288,0.922693507282288,171.0157608387,924991.472266631,5408.8083328125,919582.663933819,4,86,86010000 = .765|86200000 = 3.995,E HALLANDALE BEACH BLVD|N FEDERAL HWY|S FEDERAL HWY,90500,86010000,86200000,Y,-80.14240628,25.98557535,10,1.62726600121032,On-System / On-System,86010000,594,LPI-00841,2,3.995,3.9850000000000003,4.005,N FEDERAL HWY,On Corridor,"446996-1, 448413-1, 444120-1, 449565-1, 453430-2",8,106,0.02,100,1.2,0.3,Verified Match,"446996-1, 448413-1, 444120-1, 449565-1, 453430-2",8
65420,137730,72040000,URBAN GENERAL,JACKSONVILLE,URBAN PRIN ART OTHER,1WAY,,SR   10A,2,DUVAL,26500,4,35,1,LPI,Implement a Leading Pedestrian Interval (LPI),,LPI-00625,Potential Location,0.870000005,1,5408.8083328125,0.044176097506793,0.0214569616461566,0.0913642016617765,0.176589646916765,0.642059417172594,148893.203675382,,122437.441016169,9.35887837147972,0.935887837147972,223.276031050881,1207657.25726531,5408.8083328125,1202248.44893249,2,72,72040000 = 15.745|72A02230 = .195,E STATE ST|N MARKET ST,11000,72040000,72A02230,Y,-81.65239046,30.33218009,10,1.65053557472495,On-System / Off-System,72040000,595,LPI-00625,1,15.745,15.735,15.754999999999999,E STATE ST,On Corridor,435758-1,1,105,0.02,100,0.1,281.4,Verified Match,435758-1,1
50739,100562,46010000,URBAN GENERAL,PANAMA CITY,URBAN MINOR ART,DIVIDED,,SR   30,3,BAY,30000,4,45,0,LPI,Implement a Leading Pedestrian Interval (LPI),,LPI-02461,Potential Location,0.870000005,1,5408.8083328125,0.0588487728566302,0.021631626552323,0.0876282412262426,0.140242806182079,0.476728803310263,90347.5508504082,,91910.2994040276,7.32116354556571,0.732116354556571,135.482628293947,732799.56886764,5408.8083328125,727390.760534827,3,46,46010000 = 14.581|46509000 = .816,ALLISON AVE|FRONT BEACH RD,16200,46010000,46509000,N,,,10,1.66397133725451,On-System / On-System,46010000,596,LPI-02461,1,14.581,14.571,14.591,ALLISON AVE,Off Corridor,,0,0,0,0,,,Unmatched,,0
50739,100562,46509000,URBAN GENERAL,PANAMA CITY,URBAN MINOR ART,DIVIDED,,SR   30,3,BAY,30000,4,45,0,LPI,Implement a Leading Pedestrian Interval (LPI),,LPI-02461,Potential Location,0.870000005,1,5408.8083328125,0.0588487728566302,0.021631626552323,0.0876282412262426,0.140242806182079,0.476728803310263,90347.5508504082,,91910.2994040276,7.32116354556571,0.732116354556571,135.482628293947,732799.56886764,5408.8083328125,727390.760534827,3,46,46010000 = 14.581|46509000 = .816,ALLISON AVE|FRONT BEACH RD,16200,46010000,46509000,N,,,10,1.66397133725451,On-System / On-System,46010000,596,LPI-02461,2,0.816,0.8059999999999999,0.826,FRONT BEACH RD,Off Corridor,,0,0,0,0,,,Unmatched,,0
116154,265999,93030000,URBAN GENERAL,MIAMI,URBAN MINOR ART,DIVIDED,,SR  806,4,PALM BEACH,30000,4,35,1,LPI,Implement a Leading Pedestrian Interval (LPI),,LPI-00269,Potential Location,0.870000005,1,5408.8083328125,0.0446916089176971,0.0217073529028815,0.0924303729888736,0.178650353569704,0.649551906883348,116841.929623877,,121025.142387986,9.46809147236577,0.946809147236577,175.21284828838,947692.713838001,5408.8083328125,942283.905505189,4,93,93030000 = 7.636|93A04798 = .504,NW 10TH AVE|SW 10TH AVE|W ATLANTIC AVE,14250,93030000,93A04798,Y,-80.08326,26.46163523,10,1.66979644136767,On-System / Off-System,93030000,597,LPI-00269,1,7.636,7.626,7.646,NW 10TH AVE,Off Corridor,,0,0,0,0,,,Unmatched,,0
111954,280787,94030000,URBAN GENERAL,PORT SAINT LUCIE,URBAN PRIN ART OTHER,DIVIDED,,SR   70,4,ST. LUCIE,24500,6,45,1,LPI,Implement a Leading Pedestrian Interval (LPI),,LPI-02010,Potential Location,0.870000005,1,5408.8083328125,0.051513113651468,0.021732094821713,0.0862039761261284,0.155947902655811,0.507122457126678,95931.5446075168,,104998.668288776,7.76157742095477,0.776157742095477,143.856227173707,778090.760264117,5408.8083328125,772681.951931304,4,94,94030000 = 22.615|94030500 = .017,OKEECHOBEE RD|VIRGINIA AVE,35950,94030000,94030500,Y,-80.36804353,27.42527117,10,1.67169966596637,On-System / On-System,94030000,598,LPI-02010,1,22.615,22.604999999999997,22.625,OKEECHOBEE RD,Off Corridor,,0,0,0,0,,,Unmatched,,0
111954,280787,94030500,URBAN GENERAL,PORT SAINT LUCIE,URBAN PRIN ART OTHER,DIVIDED,,SR   70,4,ST. LUCIE,24500,6,45,1,LPI,Implement a Leading Pedestrian Interval (LPI),,LPI-02010,Potential Location,0.870000005,1,5408.8083328125,0.051513113651468,0.021732094821713,0.0862039761261284,0.155947902655811,0.507122457126678,95931.5446075168,,104998.668288776,7.76157742095477,0.776157742095477,143.856227173707,778090.760264117,5408.8083328125,772681.951931304,4,94,94030000 = 22.615|94030500 = .017,OKEECHOBEE RD|VIRGINIA AVE,35950,94030000,94030500,Y,-80.36804353,27.42527117,10,1.67169966596637,On-System / On-System,94030000,598,LPI-02010,2,0.017,0.007000000000000001,0.027000000000000003,VIRGINIA AVE,Off Corridor,,0,0,0,0,,,Unmatched,,0
12952,22253,10130000,URBAN GENERAL,TAMPA-ST PETERSBURG,URBAN PRIN ART OTHER,DIVIDED,US   92,SR  600,7,HILLSBOROUGH,50500,6,40,1,LPI,Implement a Leading Pedestrian Interval (LPI),,LPI-01149,Potential Location,0.870000005,1,5408.8083328125,0.0448753947318072,0.0217966202983063,0.0928104754680557,0.179385019460393,0.652223066613425,117504.954948889,,120529.487598664,9.5070272131336,0.95070272131336,176.207102286551,953070.443148244,5408.8083328125,947661.634815431,7,10,10130000 = 8.782|10A15110 = 1.195,N DALE MABRY HWY|W GRAY ST,24250,10130000,10A15110,Y,-82.50564999,27.94858044,10,1.67666316435676,On-System / Off-System,10130000,599,LPI-01149,1,8.782,8.772,8.792,N DALE MABRY HWY,On Corridor,"445362-2, 451989-1",2,106,0.02,100,0,1,Verified Match,"445362-2, 451989-1",2
116125,265817,93030000,URBAN GENERAL,MIAMI,URBAN PRIN ART OTHER,DIVIDED,,SR  806,4,PALM BEACH,41500,6,45,1,LPI,Implement a Leading Pedestrian Interval (LPI),,LPI-02267,Potential Location,0.870000005,1,5408.8083328125,0.0519069229045908,0.0218982331003742,0.0868629912981511,0.157140098636945,0.510999324625585,96664.9254353272,,104202.060730017,7.82091339951513,0.782091339951513,144.95598429116,784039.135725064,5408.8083328125,778630.327392251,4,93,93030000 = 5.382|93A18448 = .257,W ATLANTIC AVE|WHATLEY RD,23250,93030000,93A18448,Y,-80.11892,26.45781162,10,1.68447953404723,On-System / Off-System,93030000,600,LPI-02267,1,5.382,5.372,5.3919999999999995,W ATLANTIC AVE,Off Corridor,,0,0,0,0,,,Unmatched,,0
109860,228341,87080001,URBAN GENERAL,MIAMI,URBAN PRIN ART OTHER,1WAY,,SR  934,6,MIAMI-DADE,19500,2,40,1,LPI,Implement a Leading Pedestrian Interval (LPI),,LPI-01604,Potential Location,0.870000005,1,5408.8083328125,0.0453097018441634,0.0220075694671651,0.0937087015413379,0.181121119839396,0.658535325666874,152713.957228034,,119374.176228645,9.5990368669919,0.95990368669919,229.00552486122,1238646.99112947,5408.8083328125,1233238.18279665,6,87,87080001 = 1.293|87550501 = .158,NE 2ND AVE|NE 82ND ST,14500,87080001,87550501,Y,-80.19290278,25.84985021,10,1.69289002412385,On-System / On-System,87080001,601,LPI-01604,1,1.293,1.283,1.303,NE 2ND AVE,On Corridor,410646-6,4,105,0.02,100,0,0.3,Verified Match,410646-6,4
109860,228341,87550501,URBAN GENERAL,MIAMI,URBAN PRIN ART OTHER,1WAY,,SR  934,6,MIAMI-DADE,19500,2,40,1,LPI,Implement a Leading Pedestrian Interval (LPI),,LPI-01604,Potential Location,0.870000005,1,5408.8083328125,0.0453097018441634,0.0220075694671651,0.0937087015413379,0.181121119839396,0.658535325666874,152713.957228034,,119374.176228645,9.5990368669919,0.95990368669919,229.00552486122,1238646.99112947,5408.8083328125,1233238.18279665,6,87,87080001 = 1.293|87550501 = .158,NE 2ND AVE|NE 82ND ST,14500,87080001,87550501,Y,-80.19290278,25.84985021,10,1.69289002412385,On-System / On-System,87080001,601,LPI-01604,2,0.158,0.148,0.168,NE 82ND ST,Off Corridor,,0,0,0,0,89.7,9.4,No Match - Angle Mismatch,,0
35925,44515,12001000,URBAN GENERAL,CAPE CORAL,URBAN PRIN ART OTHER,1WAY,USB  41,SR  739,1,LEE,26000,3,35,1,LPI,Implement a Leading Pedestrian Interval (LPI),,LPI-02064,Potential Location,0.870000005,1,5408.8083328125,0.0457905690141557,0.0222411335211614,0.0947032222792766,0.183043339513729,0.665524292830741,154334.694629555,,118120.574809639,9.70091045046323,0.970091045046323,231.43593676354,1251792.6232789,5408.8083328125,1246383.81494609,1,12,12001000 = .002|12014000 = 4|12020000 = .656,1ST ST|FOWLER ST|SR-80,31400,12014000,12001000,Y,-81.86602136,26.64651926,10,1.71085649050689,On-System / On-System,12014000,602,LPI-02064,1,0.002,0,0.012,1ST ST,On Corridor,456248-1,2,64,0.01,100,0,1.1,Verified Parallel Fallback,456248-1,2
35925,44515,12014000,URBAN GENERAL,CAPE CORAL,URBAN PRIN ART OTHER,1WAY,USB  41,SR  739,1,LEE,26000,3,35,1,LPI,Implement a Leading Pedestrian Interval (LPI),,LPI-02064,Potential Location,0.870000005,1,5408.8083328125,0.0457905690141557,0.0222411335211614,0.0947032222792766,0.183043339513729,0.665524292830741,154334.694629555,,118120.574809639,9.70091045046323,0.970091045046323,231.43593676354,1251792.6232789,5408.8083328125,1246383.81494609,1,12,12001000 = .002|12014000 = 4|12020000 = .656,1ST ST|FOWLER ST|SR-80,31400,12014000,12001000,Y,-81.86602136,26.64651926,10,1.71085649050689,On-System / On-System,12014000,602,LPI-02064,2,4,3.99,4.01,FOWLER ST,On Corridor,456248-1,4,52,0.01,100,0,1.1,Verified Parallel Fallback,456248-1,4
35925,44515,12020000,URBAN GENERAL,CAPE CORAL,URBAN PRIN ART OTHER,1WAY,USB  41,SR  739,1,LEE,26000,3,35,1,LPI,Implement a Leading Pedestrian Interval (LPI),,LPI-02064,Potential Location,0.870000005,1,5408.8083328125,0.0457905690141557,0.0222411335211614,0.0947032222792766,0.183043339513729,0.665524292830741,154334.694629555,,118120.574809639,9.70091045046323,0.970091045046323,231.43593676354,1251792.6232789,5408.8083328125,1246383.81494609,1,12,12001000 = .002|12014000 = 4|12020000 = .656,1ST ST|FOWLER ST|SR-80,31400,12014000,12001000,Y,-81.86602136,26.64651926,10,1.71085649050689,On-System / On-System,12014000,602,LPI-02064,3,0.656,0.646,0.666,SR-80,Off Corridor,,0,0,0,0,89.7,1.7,No Match - Angle Mismatch,,0
99173,202515,86028000,URBAN GENERAL,MIAMI,URBAN PRIN ART OTHER,DIVIDED,,SR  834,4,BROWARD,47000,6,45,1,LPI,Implement a Leading Pedestrian Interval (LPI),,LPI-01456,Potential Location,0.870000005,1,5408.8083328125,0.0458415299345105,0.0222658859681908,0.0948086187281922,0.183247050829121,0.666264963479988,120034.752717725,,117989.263022843,9.71170671998943,0.971170671998943,180.000715367903,973589.369194123,5408.8083328125,968180.56086131,4,86,86028000 = 2.311|86A04085 = 0,CYPRESS POINTE|TURTLE RUN BLVD|W SAMPLE RD,21500,86028000,86A04085,Y,-80.21318198,26.27401,10,1.71276052496701,On-System / Off-System,86028000,603,LPI-01456,1,2.311,2.301,2.3209999999999997,CYPRESS POINTE,Off Corridor,,0,0,0,0,,,Unmatched,,0
109699,227974,87044000,URBAN GENERAL,MIAMI,URBAN PRIN ART OTHER,DIVIDED,,SR  976,6,MIAMI-DADE,45000,4,40,1,LPI,Implement a Leading Pedestrian Interval (LPI),,LPI-01578,Potential Location,0.870000005,1,5408.8083328125,0.0460080805964596,0.0223467820039946,0.0951530757790414,0.183912820877796,0.668685625941725,120283.718697192,,117562.138274221,9.74699112662202,0.974699112662202,180.374057699116,975608.70630618,5408.8083328125,970199.897973367,6,87,87044000 = 6.227|87062000 = 2.039,BIRD RD|RED RD|SW 40TH ST,59350,87044000,87062000,Y,-80.28650509,25.73402611,10,1.71898329719125,On-System / On-System,87044000,604,LPI-01578,1,6.227,6.2170000000000005,6.237,BIRD RD,Off Corridor,,0,0,0,0,,,Unmatched,,0
109699,227974,87062000,URBAN GENERAL,MIAMI,URBAN PRIN ART OTHER,DIVIDED,,SR  976,6,MIAMI-DADE,45000,4,40,1,LPI,Implement a Leading Pedestrian Interval (LPI),,LPI-01578,Potential Location,0.870000005,1,5408.8083328125,0.0460080805964596,0.0223467820039946,0.0951530757790414,0.183912820877796,0.668685625941725,120283.718697192,,117562.138274221,9.74699112662202,0.974699112662202,180.374057699116,975608.70630618,5408.8083328125,970199.897973367,6,87,87044000 = 6.227|87062000 = 2.039,BIRD RD|RED RD|SW 40TH ST,59350,87044000,87062000,Y,-80.28650509,25.73402611,10,1.71898329719125,On-System / On-System,87044000,604,LPI-01578,2,2.039,2.0290000000000004,2.049,RED RD,Off Corridor,,0,0,0,0,,,Unmatched,,0
59989,115284,55060000,URBAN GENERAL,TALLAHASSEE,URBAN PRIN ART OTHER,DIVIDED,US   90,SR   10,3,LEON,38500,6,35,1,LPI,Implement a Leading Pedestrian Interval (LPI),,LPI-00574,Potential Location,0.870000005,1,5408.8083328125,0.0460672778244601,0.0223755349433092,0.0952755064096789,0.184149456030764,0.669546003835051,120625.867198096,,117411.068946223,9.7595322900125,0.97595322900125,180.88713390022,978383.837138081,5408.8083328125,972975.028805268,3,55,55060000 = 7.387|55160000 = 5.307|55160500 = .025,N WOODWARD AVE|W TENNESSEE ST,20600,55060000,55160500,Y,-84.29810497,30.44614052,10,1.72119506183898,On-System / On-System,55060000,605,LPI-00574,1,7.387,7.377,7.396999999999999,N WOODWARD AVE,On Corridor,458097-1,1,106,0.02,100,0,0.6,Verified Match,458097-1,1
59989,115284,55160000,URBAN GENERAL,TALLAHASSEE,URBAN PRIN ART OTHER,DIVIDED,US   90,SR   10,3,LEON,38500,6,35,1,LPI,Implement a Leading Pedestrian Interval (LPI),,LPI-00574,Potential Location,0.870000005,1,5408.8083328125,0.0460672778244601,0.0223755349433092,0.0952755064096789,0.184149456030764,0.669546003835051,120625.867198096,,117411.068946223,9.7595322900125,0.97595322900125,180.88713390022,978383.837138081,5408.8083328125,972975.028805268,3,55,55060000 = 7.387|55160000 = 5.307|55160500 = .025,N WOODWARD AVE|W TENNESSEE ST,20600,55060000,55160500,Y,-84.29810497,30.44614052,10,1.72119506183898,On-System / On-System,55060000,605,LPI-00574,2,5.307,5.297000000000001,5.317,W TENNESSEE ST,Off Corridor,,0,0,0,0,59,85.8,No Match - Angle Mismatch,,0
59989,115284,55160500,URBAN GENERAL,TALLAHASSEE,URBAN PRIN ART OTHER,DIVIDED,US   90,SR   10,3,LEON,38500,6,35,1,LPI,Implement a Leading Pedestrian Interval (LPI),,LPI-00574,Potential Location,0.870000005,1,5408.8083328125,0.0460672778244601,0.0223755349433092,0.0952755064096789,0.184149456030764,0.669546003835051,120625.867198096,,117411.068946223,9.7595322900125,0.97595322900125,180.88713390022,978383.837138081,5408.8083328125,972975.028805268,3,55,55060000 = 7.387|55160000 = 5.307|55160500 = .025,N WOODWARD AVE|W TENNESSEE ST,20600,55060000,55160500,Y,-84.29810497,30.44614052,10,1.72119506183898,On-System / On-System,55060000,605,LPI-00574,3,0.025,0.015000000000000001,0.035,,Off Corridor,,0,0,0,0,59.6,135.3,No Match - Angle Mismatch,,0
45550,105220,48050000,URBAN GENERAL,PENSACOLA,URBAN PRIN ART OTHER,DIVIDED,USB  98,SR   30,3,ESCAMBIA,14700,4,40,1,LPI,Implement a Leading Pedestrian Interval (LPI),,LPI-01376,Potential Location,0.870000005,1,5408.8083328125,0.0460915458379269,0.0223873222641359,0.0953256970738943,0.18424646505083,0.669898717348961,120501.930574225,,117349.249943399,9.76467356321614,0.976467356321614,180.701282049385,977378.600098615,5408.8083328125,971969.791765802,3,48,48050000 = 20.423|48080060 = 2.371,N PACE BLVD|S PACE BLVD|W GARDEN ST|W NAVY BLVD,28850,48080060,48050000,Y,-87.24172334,30.4118902,10,1.72210177886053,On-System / On-System,48080060,606,LPI-01376,1,20.423,20.412999999999997,20.433,N PACE BLVD,Off Corridor,,0,0,0,0,89.6,48,No Match - Angle Mismatch,,0
45550,105220,48080060,URBAN GENERAL,PENSACOLA,URBAN PRIN ART OTHER,DIVIDED,USB  98,SR   30,3,ESCAMBIA,14700,4,40,1,LPI,Implement a Leading Pedestrian Interval (LPI),,LPI-01376,Potential Location,0.870000005,1,5408.8083328125,0.0460915458379269,0.0223873222641359,0.0953256970738943,0.18424646505083,0.669898717348961,120501.930574225,,117349.249943399,9.76467356321614,0.976467356321614,180.701282049385,977378.600098615,5408.8083328125,971969.791765802,3,48,48050000 = 20.423|48080060 = 2.371,N PACE BLVD|S PACE BLVD|W GARDEN ST|W NAVY BLVD,28850,48080060,48050000,Y,-87.24172334,30.4118902,10,1.72210177886053,On-System / On-System,48080060,606,LPI-01376,2,2.371,2.361,2.381,S PACE BLVD,On Corridor,"456592-1, 435178-3",4,106,0.02,100,0,37.3,Verified Match,"456592-1, 435178-3",4
101227,224300,87038000,URBAN GENERAL,MIAMI,URBAN MINOR ART,DIVIDED,,SR  932,6,MIAMI-DADE,16600,4,40,1,LPI,Implement a Leading Pedestrian Interval (LPI),,LPI-01706,Potential Location,0.870000005,1,5408.8083328125,0.0533601857762665,0.0225113283743624,0.089294935884971,0.161539624908619,0.525306016380261,99216.9337646735,,101364.121097536,8.0398792412584,0.80398792412584,148.78290369997,804738.209312437,5408.8083328125,799329.400979625,6,87,87038000 = .974|87A13351 = .513,NW 103RD ST|NW 79TH AVE,8000,87038000,87A13351,Y,-80.3257531,25.86720375,10,1.73164071078329,On-System / Off-System,87038000,607,LPI-01706,1,0.974,0.964,0.984,NW 103RD ST,On Corridor,445993-1,2,106,0.02,100,0.2,0,Verified Match,445993-1,2
99278,218910,87001000,URBAN GENERAL,MIAMI,URBAN PRIN ART OTHER,DIVIDED,,SR   94,6,MIAMI-DADE,90500,8,45,1,LPI,Implement a Leading Pedestrian Interval (LPI),,LPI-02577,Potential Location,0.870000005,1,5408.8083328125,0.0465555762608295,0.0226127084695458,0.0962853963576246,0.186101381468614,0.67664297770001,121904.462876421,,116179.602256654,9.86298021621878,0.986298021621878,182.804479765096,988754.393428904,5408.8083328125,983345.585096092,6,87,87001000 = 5.251|87A06251 = .636,SW 123RD CT|SW 125TH AVE|SW 88TH ST,42250,87001000,87A06251,Y,-80.39595003,25.68601104,10,1.73943917994349,On-System / Off-System,87001000,608,LPI-02577,1,5.251,5.2410000000000005,5.261,SW 123RD CT,On Corridor,437784-1,1,106,0.02,100,0,0.1,Verified Match,437784-1,1
61812,120006,57030000,URBAN GENERAL,1460,URBAN PRIN ART OTHER,DIVIDED,US   98,SR   30,3,OKALOOSA,34000,4,35,1,LPI,Implement a Leading Pedestrian Interval (LPI),,LPI-00782,Potential Location,0.870000005,1,5408.8083328125,0.0536174652192932,0.0226198681393893,0.089725476952911,0.16231849822247,0.52783881189712,99695.3143603637,,100877.732856089,8.0786440173382,0.807864401733819,149.500269691841,808618.304466947,5408.8083328125,803209.496134134,3,57,57030000 = 11.15|57110000 = 0,BEAL PKWY SE|MIRACLE STRIP PKWY SE|MIRACLE STRIP PKWY SW,45050,57030000,57110000,Y,-86.6132088,30.40415012,10,1.73998992379879,On-System / On-System,57030000,609,LPI-00782,1,11.15,11.14,11.16,BEAL PKWY SE,On Corridor,"437366-1, 220260-3, 220260-4",3,105,0.02,100,0,1.8,Verified Match,"437366-1, 220260-3, 220260-4",3
61812,120006,57110000,URBAN GENERAL,1460,URBAN PRIN ART OTHER,DIVIDED,US   98,SR   30,3,OKALOOSA,34000,4,35,1,LPI,Implement a Leading Pedestrian Interval (LPI),,LPI-00782,Potential Location,0.870000005,1,5408.8083328125,0.0536174652192932,0.0226198681393893,0.089725476952911,0.16231849822247,0.52783881189712,99695.3143603637,,100877.732856089,8.0786440173382,0.807864401733819,149.500269691841,808618.304466947,5408.8083328125,803209.496134134,3,57,57030000 = 11.15|57110000 = 0,BEAL PKWY SE|MIRACLE STRIP PKWY SE|MIRACLE STRIP PKWY SW,45050,57030000,57110000,Y,-86.6132088,30.40415012,10,1.73998992379879,On-System / On-System,57030000,609,LPI-00782,2,0,0,0.01,MIRACLE STRIP PKWY SE,On Corridor,411403-2,1,53,0.01,100,0,0.3,Verified Parallel Fallback,411403-2,1
94920,223230,87053000,URBAN GENERAL,MIAMI,URBAN MINOR ART,DIVIDED,,SR  968,6,MIAMI-DADE,47500,6,40,1,LPI,Implement a Leading Pedestrian Interval (LPI),,LPI-00114,Potential Location,0.870000005,1,5408.8083328125,0.0470688707793123,0.0228620229499517,0.0973469827481231,0.18815322631003,0.684103246894777,123248.510090497,,114912.642756447,9.97172365980813,0.997172365980813,184.819974899166,999655.820304804,5408.8083328125,994247.011971992,6,87,87053000 = .507|87A01135 = 1.097,NW 82ND AVE|SW 82ND AVE|W FLAGLER ST,24750,87053000,87A01135,Y,-80.32826622,25.76973118,10,1.75861721763541,On-System / Off-System,87053000,610,LPI-00114,1,0.507,0.497,0.517,NW 82ND AVE,On Corridor,437782-3,1,106,0.02,100,0,0.1,Verified Match,437782-3,1
103654,235527,87281000,URBAN GENERAL,MIAMI,URBAN PRIN ART OTHER,DIVIDED,,SR  953,6,MIAMI-DADE,17100,6,40,1,LPI,Implement a Leading Pedestrian Interval (LPI),,LPI-00157,Potential Location,0.870000005,1,5408.8083328125,0.0473254184481805,0.0229866318176877,0.0978775699723733,0.189178750627922,0.687831934036623,123920.272922952,,114289.709635319,10.0260742829942,1.00260742829942,185.827331416023,1005104.4186273,5408.8083328125,999695.610294484,6,87,87281000 = 9.9|87A06621 = .749,E 52ND ST|E 8TH AVE|NW 42ND AVE,7700,87281000,87A06621,Y,-80.26685997,25.869925,10,1.76820251552223,On-System / Off-System,87281000,611,LPI-00157,1,9.9,9.89,9.91,E 52ND ST,On Corridor,"447803-1, 457448-1",4,106,0.02,100,0,0.3,Verified Match,"447803-1, 457448-1",4
116177,266123,93010000,URBAN GENERAL,MIAMI,URBAN PRIN ART OTHER,DIVIDED,US    1,SR    5,4,PALM BEACH,30000,6,35,1,LPI,Implement a Leading Pedestrian Interval (LPI),,LPI-01806,Potential Location,0.870000005,1,5408.8083328125,0.0474314178168208,0.023038117225313,0.0980967959393339,0.189602472779447,0.689372538496748,124197.829278972,,114034.295869063,10.0485306622252,1.00485306622252,186.243547066135,1007355.64930387,5408.8083328125,1001946.84097105,4,93,93010000 = 1.111|93023500 = .186,E CAMINO REAL|S FEDERAL HWY,30700,93010000,93023500,Y,-80.08613,26.34092954,10,1.77216293164572,On-System / On-System,93010000,612,LPI-01806,1,1.111,1.101,1.121,E CAMINO REAL,On Corridor,"438386-5, 448064-1, 233752-1",5,106,0.02,100,0.1,0.6,Verified Match,"438386-5, 448064-1, 233752-1",5
116177,266123,93023500,URBAN GENERAL,MIAMI,URBAN PRIN ART OTHER,DIVIDED,US    1,SR    5,4,PALM BEACH,30000,6,35,1,LPI,Implement a Leading Pedestrian Interval (LPI),,LPI-01806,Potential Location,0.870000005,1,5408.8083328125,0.0474314178168208,0.023038117225313,0.0980967959393339,0.189602472779447,0.689372538496748,124197.829278972,,114034.295869063,10.0485306622252,1.00485306622252,186.243547066135,1007355.64930387,5408.8083328125,1001946.84097105,4,93,93010000 = 1.111|93023500 = .186,E CAMINO REAL|S FEDERAL HWY,30700,93010000,93023500,Y,-80.08613,26.34092954,10,1.77216293164572,On-System / On-System,93010000,612,LPI-01806,2,0.186,0.176,0.196,S FEDERAL HWY,On Corridor,454951-1,2,107,0.02,100,0.9,19.3,Verified Match,454951-1,2
111285,267299,93010101,URBAN GENERAL,MIAMI,URBAN MINOR ART,1WAY,US    1,SR    5,4,PALM BEACH,13000,2,35,1,LPI,Implement a Leading Pedestrian Interval (LPI),,LPI-01878,Potential Location,0.870000005,1,5408.8083328125,0.0474535421715933,0.0230488633404882,0.0981425531276135,0.189690912732681,0.689694095880317,159939.657833898,,113981.12944349,10.0532177929826,1.00532177929826,239.840980832445,1297253.89567645,5408.8083328125,1291845.08734364,4,93,93010101 = 1.049|93030000 = 8.581,E ATLANTIC AVE|NE 5TH AVE|SE 5TH AVE,10700,93010101,93030000,Y,-80.06800881,26.46166999,10,1.77298955592177,On-System / On-System,93010101,613,LPI-01878,1,1.049,1.039,1.059,E ATLANTIC AVE,Off Corridor,,0,0,0,0,,,Unmatched,,0
111285,267299,93030000,URBAN GENERAL,MIAMI,URBAN MINOR ART,1WAY,US    1,SR    5,4,PALM BEACH,13000,2,35,1,LPI,Implement a Leading Pedestrian Interval (LPI),,LPI-01878,Potential Location,0.870000005,1,5408.8083328125,0.0474535421715933,0.0230488633404882,0.0981425531276135,0.189690912732681,0.689694095880317,159939.657833898,,113981.12944349,10.0532177929826,1.00532177929826,239.840980832445,1297253.89567645,5408.8083328125,1291845.08734364,4,93,93010101 = 1.049|93030000 = 8.581,E ATLANTIC AVE|NE 5TH AVE|SE 5TH AVE,10700,93010101,93030000,Y,-80.06800881,26.46166999,10,1.77298955592177,On-System / On-System,93010101,613,LPI-01878,2,8.581,8.571,8.591,NE 5TH AVE,Off Corridor,,0,0,0,0,89.3,281.3,No Match - Angle Mismatch,,0
92739,203177,86220000,URBAN GENERAL,MIAMI,URBAN PRIN ART OTHER,DIVIDED,,SR  817,4,BROWARD,47000,6,40,1,LPI,Implement a Leading Pedestrian Interval (LPI),,LPI-00880,Potential Location,0.870000005,1,5408.8083328125,0.047593915517743,0.0231170446800466,0.0984328707298775,0.190252041511186,0.691734294854469,124623.324923974,,113644.953855417,10.0829564332735,1.00829564332735,186.881608283843,1010806.80013505,5408.8083328125,1005397.99180224,4,86,86220000 = 19.765|86A12339 = .732,N UNIVERSITY DR|NW 19TH ST,27500,86220000,86A12339,Y,-80.25204931,26.2547997,10,1.77823427455106,On-System / Off-System,86220000,614,LPI-00880,1,19.765,19.755,19.775000000000002,N UNIVERSITY DR,Off Corridor,,0,0,0,0,,,Unmatched,,0
87843,197598,86014000,URBAN GENERAL,MIAMI,URBAN PRIN ART OTHER,DIVIDED,,SR  870,4,BROWARD,53500,6,45,1,LPI,Implement a Leading Pedestrian Interval (LPI),,LPI-02052,Potential Location,0.870000005,1,5408.8083328125,0.0477969719391211,0.0232156720847159,0.0988528283286367,0.191063739777422,0.694685535342453,125155.022434129,,113162.154700965,10.1259747272714,1.01259747272714,187.678926810522,1015119.34322606,5408.8083328125,1009710.53489325,4,86,86014000 = .5|86A05888 = .405,NW 70TH AVE|W COMMERCIAL BLVD,26500,86014000,86A05888,Y,-80.24402,26.1937951,10,1.78582099827896,On-System / Off-System,86014000,615,LPI-02052,1,0.5,0.49,0.51,NW 70TH AVE,On Corridor,"441944-1, 454777-1",3,105,0.02,100,0,0.3,Verified Match,"441944-1, 454777-1",3
93322,223554,87062000,URBAN GENERAL,MIAMI,URBAN MINOR ART,DIVIDED,,SR  959,6,MIAMI-DADE,38000,6,40,1,LPI,Implement a Leading Pedestrian Interval (LPI),,LPI-00439,Potential Location,0.870000005,1,5408.8083328125,0.0596243967876536,0.0233386924568816,0.0780227820821296,0.120611636930454,0.378700097311297,74978.9528783006,,90714.6843275486,6.06635648459527,0.606635648459527,112.436314067879,608146.472441068,5408.8083328125,602737.664108256,6,87,87062000 = 5.347|87A04937 = 1.2,BLUE LAGOON DR|N RED RD|NW 57TH AVE,17000,87062000,87A04937,Y,-80.28847518,25.78192,10,1.79528410419412,On-System / Off-System,87062000,616,LPI-00439,1,5.347,5.337000000000001,5.357,BLUE LAGOON DR,Off Corridor,,0,0,0,0,,,Unmatched,,0
70711,152332,75020000,URBAN GENERAL,ORLANDO,URBAN PRIN ART OTHER,DIVIDED,US  441,SR  500,5,ORANGE,26000,4,40,1,LPI,Implement a Leading Pedestrian Interval (LPI),,LPI-00119,Potential Location,0.870000005,1,5408.8083328125,0.0481362259147446,0.0233804525871617,0.0995544672327672,0.192419874500758,0.699616283465436,125847.550734798,,112364.611683354,10.197847003776,1.0197847003776,188.717422635361,1020736.36809704,5408.8083328125,1015327.55976423,5,75,75020000 = 1.462|75250001 = .004|75251000 = 2.16,ORANGE BLOSSOM TRL N|W PRINCETON ST,47400,75020000,75251000,Y,-81.40539474,28.57180505,10,1.79849642203153,On-System / On-System,75020000,617,LPI-00119,1,1.462,1.452,1.472,ORANGE BLOSSOM TRL N,Off Corridor,,0,0,0,0,,,Unmatched,,0
70711,152332,75250001,URBAN GENERAL,ORLANDO,URBAN PRIN ART OTHER,DIVIDED,US  441,SR  500,5,ORANGE,26000,4,40,1,LPI,Implement a Leading Pedestrian Interval (LPI),,LPI-00119,Potential Location,0.870000005,1,5408.8083328125,0.0481362259147446,0.0233804525871617,0.0995544672327672,0.192419874500758,0.699616283465436,125847.550734798,,112364.611683354,10.197847003776,1.0197847003776,188.717422635361,1020736.36809704,5408.8083328125,1015327.55976423,5,75,75020000 = 1.462|75250001 = .004|75251000 = 2.16,ORANGE BLOSSOM TRL N|W PRINCETON ST,47400,75020000,75251000,Y,-81.40539474,28.57180505,10,1.79849642203153,On-System / On-System,75020000,617,LPI-00119,2,0.004,0,0.014,W PRINCETON ST,Off Corridor,,0,0,0,0,,,Unmatched,,0
70711,152332,75251000,URBAN GENERAL,ORLANDO,URBAN PRIN ART OTHER,DIVIDED,US  441,SR  500,5,ORANGE,26000,4,40,1,LPI,Implement a Leading Pedestrian Interval (LPI),,LPI-00119,Potential Location,0.870000005,1,5408.8083328125,0.0481362259147446,0.0233804525871617,0.0995544672327672,0.192419874500758,0.699616283465436,125847.550734798,,112364.611683354,10.197847003776,1.0197847003776,188.717422635361,1020736.36809704,5408.8083328125,1015327.55976423,5,75,75020000 = 1.462|75250001 = .004|75251000 = 2.16,ORANGE BLOSSOM TRL N|W PRINCETON ST,47400,75020000,75251000,Y,-81.40539474,28.57180505,10,1.79849642203153,On-System / On-System,75020000,617,LPI-00119,3,2.16,2.1500000000000004,2.17,,Off Corridor,,0,0,0,0,,,Unmatched,,0
87973,193203,86014000,URBAN GENERAL,MIAMI,URBAN PRIN ART OTHER,DIVIDED,,SR  870,4,BROWARD,38000,6,35,1,LPI,Implement a Leading Pedestrian Interval (LPI),,LPI-02038,Potential Location,0.870000005,1,5408.8083328125,0.0482464102141356,0.0234339706754373,0.0997823483974168,0.192860325505337,0.701217712089539,126331.863876383,,112107.995368074,10.2211899768914,1.02211899768914,189.443684905025,1024664.58151301,5408.8083328125,1019255.77318019,4,86,86014000 = 8.544|86A03133 = .19,E COMMERCIAL BLVD|NE 20TH AVE,16750,86014000,86A03133,Y,-80.1183,26.18919522,10,1.80261319821107,On-System / Off-System,86014000,618,LPI-02038,1,8.544,8.534,8.554,E COMMERCIAL BLVD,On Corridor,"441944-1, 446182-1, 457345-1",3,105,0.02,100,0,0.4,Verified Match,"441944-1, 446182-1, 457345-1",3
49657,106401,48003000,URBAN GENERAL,PENSACOLA,URBAN PRIN ART OTHER,DIVIDED,US   90,SR   10A,3,ESCAMBIA,19500,4,35,1,LPI,Implement a Leading Pedestrian Interval (LPI),,LPI-02304,Potential Location,0.870000005,1,5408.8083328125,0.0483145240903142,0.0234670545581526,0.0999232202776952,0.193132604090892,0.702207685358089,126313.694232123,,111949.945376712,10.2356201669386,1.02356201669386,189.416438221121,1024517.20942206,5408.8083328125,1019108.40108925,3,48,48003000 = .497|48020000 = 15.603,E CERVANTES ST|N 9TH AVE,26550,48020000,48003000,Y,-87.20710951,30.42309795,10,1.80515811236397,On-System / On-System,48020000,619,LPI-02304,1,0.497,0.487,0.507,E CERVANTES ST,On Corridor,426934-3,3,106,0.02,100,0,0.1,Verified Match,426934-3,3
49657,106401,48020000,URBAN GENERAL,PENSACOLA,URBAN PRIN ART OTHER,DIVIDED,US   90,SR   10A,3,ESCAMBIA,19500,4,35,1,LPI,Implement a Leading Pedestrian Interval (LPI),,LPI-02304,Potential Location,0.870000005,1,5408.8083328125,0.0483145240903142,0.0234670545581526,0.0999232202776952,0.193132604090892,0.702207685358089,126313.694232123,,111949.945376712,10.2356201669386,1.02356201669386,189.416438221121,1024517.20942206,5408.8083328125,1019108.40108925,3,48,48003000 = .497|48020000 = 15.603,E CERVANTES ST|N 9TH AVE,26550,48020000,48003000,Y,-87.20710951,30.42309795,10,1.80515811236397,On-System / On-System,48020000,619,LPI-02304,2,15.603,15.593,15.613,N 9TH AVE,On Corridor,"457655-2, 456593-2",4,106,0.02,100,0,1.6,Verified Match,"457655-2, 456593-2",4
88146,180998,79010000,URBAN GENERAL,DAYTONA BEACH-PORT ORANGE,URBAN PRIN ART OTHER,DIVIDED,US    1,SR    5,5,VOLUSIA,26500,4,35,1,LPI,Implement a Leading Pedestrian Interval (LPI),,LPI-02036,Potential Location,0.870000005,1,5408.8083328125,0.0486542681617627,0.0236320731071419,0.1006258727891,0.194490697924553,0.707145556578346,127201.922556133,,111168.218887388,10.3075962721532,1.03075962721532,190.748400258049,1031721.53678639,5408.8083328125,1026312.72845358,5,79,79010000 = 18.178|79070001 = .929,CANAL ST|N DIXIE FWY|S DIXIE FWY,32200,79010000,79070001,Y,-80.92638456,29.0235731,10,1.81785184738983,On-System / On-System,79010000,620,LPI-02036,1,18.178,18.168,18.188000000000002,CANAL ST,Off Corridor,,0,0,0,0,,,Unmatched,,0
88146,180998,79070001,URBAN GENERAL,DAYTONA BEACH-PORT ORANGE,URBAN PRIN ART OTHER,DIVIDED,US    1,SR    5,5,VOLUSIA,26500,4,35,1,LPI,Implement a Leading Pedestrian Interval (LPI),,LPI-02036,Potential Location,0.870000005,1,5408.8083328125,0.0486542681617627,0.0236320731071419,0.1006258727891,0.194490697924553,0.707145556578346,127201.922556133,,111168.218887388,10.3075962721532,1.03075962721532,190.748400258049,1031721.53678639,5408.8083328125,1026312.72845358,5,79,79010000 = 18.178|79070001 = .929,CANAL ST|N DIXIE FWY|S DIXIE FWY,32200,79010000,79070001,Y,-80.92638456,29.0235731,10,1.81785184738983,On-System / On-System,79010000,620,LPI-02036,2,0.929,0.919,0.9390000000000001,N DIXIE FWY,Off Corridor,,0,0,0,0,,,Unmatched,,0
111316,269640,93010000,URBAN GENERAL,MIAMI,URBAN MINOR ART,DIVIDED,,SR  804,4,PALM BEACH,19800,4,35,1,LPI,Implement a Leading Pedestrian Interval (LPI),,LPI-01827,Potential Location,0.870000005,1,5408.8083328125,0.04870776593899,0.0236580577417951,0.100736515919275,0.194704550078196,0.707923098136002,127341.787369086,,111046.118181389,10.3189299846917,1.03189299846917,190.958137570088,1032855.96570745,5408.8083328125,1027447.15737463,4,93,93010000 = 14.382|93200000 = 9.133|93900223 = 0,E BOYNTON BEACH BLVD|N FEDERAL HWY,19700,93200000,93010000,Y,-80.05813088,26.52891,10,1.81985066551696,On-System / On-System,93200000,621,LPI-01827,1,14.382,14.372,14.392,E BOYNTON BEACH BLVD,On Corridor,"233752-1, 448107-1",4,106,0.02,100,0,0.7,Verified Match,"233752-1, 448107-1",4
111316,269640,93200000,URBAN GENERAL,MIAMI,URBAN MINOR ART,DIVIDED,,SR  804,4,PALM BEACH,19800,4,35,1,LPI,Implement a Leading Pedestrian Interval (LPI),,LPI-01827,Potential Location,0.870000005,1,5408.8083328125,0.04870776593899,0.0236580577417951,0.100736515919275,0.194704550078196,0.707923098136002,127341.787369086,,111046.118181389,10.3189299846917,1.03189299846917,190.958137570088,1032855.96570745,5408.8083328125,1027447.15737463,4,93,93010000 = 14.382|93200000 = 9.133|93900223 = 0,E BOYNTON BEACH BLVD|N FEDERAL HWY,19700,93200000,93010000,Y,-80.05813088,26.52891,10,1.81985066551696,On-System / On-System,93200000,621,LPI-01827,2,9.133,9.123,9.142999999999999,N FEDERAL HWY,On Corridor,447573-1,1,106,0.02,100,2.4,41.6,Verified Match,447573-1,1
111316,269640,93900223,URBAN GENERAL,MIAMI,URBAN MINOR ART,DIVIDED,,SR  804,4,PALM BEACH,19800,4,35,1,LPI,Implement a Leading Pedestrian Interval (LPI),,LPI-01827,Potential Location,0.870000005,1,5408.8083328125,0.04870776593899,0.0236580577417951,0.100736515919275,0.194704550078196,0.707923098136002,127341.787369086,,111046.118181389,10.3189299846917,1.03189299846917,190.958137570088,1032855.96570745,5408.8083328125,1027447.15737463,4,93,93010000 = 14.382|93200000 = 9.133|93900223 = 0,E BOYNTON BEACH BLVD|N FEDERAL HWY,19700,93200000,93010000,Y,-80.05813088,26.52891,10,1.81985066551696,On-System / On-System,93200000,621,LPI-01827,3,0,0,0.01,,Off Corridor,,0,0,0,0,1.4,25.7,No Match - Low Overlap,,0
23926,61835,15150000,URBAN GENERAL,TAMPA-ST PETERSBURG,URBAN PRIN ART OTHER,DIVIDED,US   19,SR   55,7,PINELLAS,38000,6,40,1,LPI,Implement a Leading Pedestrian Interval (LPI),,LPI-00490,Potential Location,0.870000005,1,5408.8083328125,0.0489465508348051,0.0237740389769054,0.101230366499256,0.195659069440948,0.711393619519498,128165.162337184,,110504.381627773,10.3695174952009,1.03695174952009,192.192847351364,1039534.27426102,5408.8083328125,1034125.4659282,7,15,15150000 = 5.627|15A13794 = 3.184,17TH AVE N|34TH ST N,20750,15150000,15A13794,Y,-82.67946478,27.78825,10,1.82877229933012,On-System / Off-System,15150000,622,LPI-00490,1,5.627,5.617,5.637,17TH AVE N,On Corridor,"454084-1, 438702-1, 440246-1",8,106,0.02,100,0,1.1,Verified Match,"454084-1, 438702-1, 440246-1",8
95008,198966,86020000,URBAN GENERAL,MIAMI,URBAN PRIN ART OTHER,DIVIDED,US    1,SR    5,4,BROWARD,57000,6,35,1,LPI,Implement a Leading Pedestrian Interval (LPI),,LPI-00727,Potential Location,0.870000005,1,5408.8083328125,0.0565612080114908,0.0238617596298477,0.0946516465317292,0.171230219566037,0.556818579806872,105332.480698432,,95627.52499405,8.52218326335635,0.852218326335635,157.953604667973,854340.773125905,5408.8083328125,848931.964793093,4,86,86020000 = 1.15|86A16050 = 0,E SUNRISE BLVD|NE 9TH AVE,29250,86020000,86A16050,Y,-80.13436681,26.13716145,10,1.83552004212367,On-System / Off-System,86020000,623,LPI-00727,1,1.15,1.14,1.16,E SUNRISE BLVD,On Corridor,441754-1,1,105,0.02,100,0,0.4,Verified Match,441754-1,1
94510,202990,86020000,URBAN GENERAL,MIAMI,URBAN PRIN ART OTHER,DIVIDED,US    1,SR    5,4,BROWARD,42500,6,45,1,LPI,Implement a Leading Pedestrian Interval (LPI),,LPI-01458,Potential Location,0.870000005,1,5408.8083328125,0.0569159593152993,0.0240114203361419,0.0952453006666961,0.172304173708426,0.560310940103192,105993.124913342,,95031.4884942752,8.57563430745986,0.857563430745986,158.944288020879,859699.189500279,5408.8083328125,854290.381167466,4,86,86020000 = 7.618|86A02906 = .009,S FEDERAL HWY|SE 12TH ST,22750,86020000,86A02906,Y,-80.1058772,26.21539248,10,1.84703240458908,On-System / Off-System,86020000,624,LPI-01458,1,7.618,7.6080000000000005,7.628,S FEDERAL HWY,On Corridor,"457344-1, 457345-1",2,106,0.02,100,0,0.6,Verified Match,"457344-1, 457345-1",2
95956,200004,86020000,URBAN GENERAL,MIAMI,URBAN PRIN ART OTHER,DIVIDED,US    1,SR    5,4,BROWARD,53500,6,45,1,LPI,Implement a Leading Pedestrian Interval (LPI),,LPI-02086,Potential Location,0.870000005,1,5408.8083328125,0.0495552743058941,0.0240697046628628,0.102489317314463,0.198092382225379,0.720240861786802,129759.087571137,,109146.97594902,10.498477934201,1.0498477934201,194.583052486615,1052462.43571369,5408.8083328125,1047053.62738088,4,86,86020000 = 10.356|86A01761 = 0,N FEDERAL HWY|NE 18TH ST|POMPANO SQ,25500,86020000,86A01761,Y,-80.10033356,26.25458,10,1.85151581450929,On-System / Off-System,86020000,625,LPI-02086,1,10.356,10.346,10.366,N FEDERAL HWY,On Corridor,"448401-1, 457345-1",3,106,0.02,100,0,0.6,Verified Match,"448401-1, 457345-1",3
104891,231065,87140000,URBAN GENERAL,MIAMI,URBAN MINOR ART,DIVIDED,US  441,SR    7,6,MIAMI-DADE,30500,4,35,1,LPI,Implement a Leading Pedestrian Interval (LPI),,LPI-00798,Potential Location,0.870000005,1,5408.8083328125,0.0496801264080926,0.0241303471125021,0.102747534162192,0.198591466342999,0.722055473590346,129883.930653951,,108872.676538348,10.5249283384885,1.05249283384885,194.770263637606,1053475.02494717,5408.8083328125,1048066.21661436,6,87,87140000 = 8.932|87A12050 = 1.504,NW 131ST ST|NW 7TH AVE,14500,87140000,87A12050,Y,-80.21109999,25.89461992,10,1.85618061850711,On-System / Off-System,87140000,626,LPI-00798,1,8.932,8.922,8.942,NW 131ST ST,Off Corridor,,0,0,0,0,,,Unmatched,,0
90258,199450,86040000,URBAN GENERAL,MIAMI,URBAN PRIN ART OTHER,DIVIDED,,SR  820,4,BROWARD,49000,7,45,1,LPI,Implement a Leading Pedestrian Interval (LPI),,LPI-01397,Potential Location,0.870000005,1,5408.8083328125,0.0497737266243115,0.0241758100746656,0.102941116427553,0.19896562409043,0.723415867641982,130331.098803295,,108667.939888001,10.5447579089706,1.05447579089706,195.440824328983,1057101.95920235,5408.8083328125,1051693.15086954,4,86,86040000 = 9.265|86A01646 = .106,NW 103RD AVE|PINES BLVD,26250,86040000,86A01646,Y,-80.28345,26.00807817,10,1.85967776957727,On-System / Off-System,86040000,627,LPI-01397,1,9.265,9.255,9.275,NW 103RD AVE,On Corridor,448403-1,1,105,0.02,100,0,0.3,Verified Match,448403-1,1
50833,100753,46010000,URBAN GENERAL,PANAMA CITY,URBAN MINOR ART,DIVIDED,,SR   30,3,BAY,30000,4,45,0,LPI,Implement a Leading Pedestrian Interval (LPI),,LPI-01241,Potential Location,0.870000005,1,5408.8083328125,0.0649102259560074,0.0242275310905929,0.087586655543236,0.134996410189546,0.444205122925436,86076.5170457544,,83327.5227924533,6.97506742344411,0.697506742344411,129.077906971231,698157.65880799,5408.8083328125,692748.850475178,3,46,46010000 = 14.376|46590002 = .898,FRONT BEACH RD|JOAN AVE,31650,46010000,46590002,N,,,10,1.863656309417,On-System / On-System,46010000,628,LPI-01241,1,14.376,14.366,14.386,FRONT BEACH RD,Off Corridor,,0,0,0,0,,,Unmatched,,0
50833,100753,46590002,URBAN GENERAL,PANAMA CITY,URBAN MINOR ART,DIVIDED,,SR   30,3,BAY,30000,4,45,0,LPI,Implement a Leading Pedestrian Interval (LPI),,LPI-01241,Potential Location,0.870000005,1,5408.8083328125,0.0649102259560074,0.0242275310905929,0.087586655543236,0.134996410189546,0.444205122925436,86076.5170457544,,83327.5227924533,6.97506742344411,0.697506742344411,129.077906971231,698157.65880799,5408.8083328125,692748.850475178,3,46,46010000 = 14.376|46590002 = .898,FRONT BEACH RD|JOAN AVE,31650,46010000,46590002,N,,,10,1.863656309417,On-System / On-System,46010000,628,LPI-01241,2,0.898,0.888,0.908,JOAN AVE,Off Corridor,,0,0,0,0,,,Unmatched,,0
72398,161472,75006000,URBAN GENERAL,ORLANDO,URBAN PRIN ART OTHER,DIVIDED,US   17,SR   15,5,ORANGE,29500,4,35,1,LPI,Implement a Leading Pedestrian Interval (LPI),,LPI-02433,Potential Location,0.870000005,1,5408.8083328125,0.0500820233783327,0.024325554212333,0.103578730168824,0.200198010335725,0.727896680691904,130934.651776999,,107998.997803123,10.6100717774662,1.06100717774662,196.345895273601,1061997.31446938,5408.8083328125,1056588.50613657,5,75,75006000 = 1.089|75030000 = 5.4,ORLANDO AVE S|W FAIRBANKS AVE,45750,75030000,75006000,Y,-81.36506828,28.5931,10,1.87119654984087,On-System / On-System,75030000,629,LPI-02433,1,1.089,1.079,1.099,ORLANDO AVE S,Off Corridor,,0,0,0,0,3.9,279.1,No Match - Low Overlap,,0
72398,161472,75030000,URBAN GENERAL,ORLANDO,URBAN PRIN ART OTHER,DIVIDED,US   17,SR   15,5,ORANGE,29500,4,35,1,LPI,Implement a Leading Pedestrian Interval (LPI),,LPI-02433,Potential Location,0.870000005,1,5408.8083328125,0.0500820233783327,0.024325554212333,0.103578730168824,0.200198010335725,0.727896680691904,130934.651776999,,107998.997803123,10.6100717774662,1.06100717774662,196.345895273601,1061997.31446938,5408.8083328125,1056588.50613657,5,75,75006000 = 1.089|75030000 = 5.4,ORLANDO AVE S|W FAIRBANKS AVE,45750,75030000,75006000,Y,-81.36506828,28.5931,10,1.87119654984087,On-System / On-System,75030000,629,LPI-02433,2,5.4,5.390000000000001,5.41,W FAIRBANKS AVE,Off Corridor,,0,0,0,0,,,Unmatched,,0
95857,208130,86220000,URBAN GENERAL,MIAMI,URBAN PRIN ART OTHER,DIVIDED,,SR  817,4,BROWARD,54500,6,45,1,LPI,Implement a Leading Pedestrian Interval (LPI),,LPI-02554,Potential Location,0.870000005,1,5408.8083328125,0.05014840140718,0.0243577949692017,0.103716012001213,0.20046335004065,0.728861424997537,131312.174150812,,107856.046873671,10.6241342214932,1.06241342214932,196.912017132605,1065059.35909775,5408.8083328125,1059650.55076494,4,86,86220000 = 11.957|86A31147 = .845,MARCANO BLVD|N UNIVERSITY DR,29250,86220000,86A31147,Y,-80.25694467,26.14322,10,1.87367660815693,On-System / Off-System,86220000,630,LPI-02554,1,11.957,11.947000000000001,11.967,MARCANO BLVD,On Corridor,"446998-1, 449243-3",2,106,0.02,100,0,0.5,Verified Match,"446998-1, 449243-3",2
43754,93819,36060000,URBAN GENERAL,163,URBAN PRIN ART OTHER,DIVIDED,US   41,SR   45,5,MARION,22500,4,35,1,LPI,Implement a Leading Pedestrian Interval (LPI),,LPI-01863,Potential Location,0.870000005,1,5408.8083328125,0.0503101176951122,0.0244363428804831,0.104050470687618,0.201109795150072,0.731211824227824,131530.982514562,,107509.355585109,10.6583944471551,1.06583944471551,197.24013595746,1066834.09093178,5408.8083328125,1061425.28259897,5,36,36060000 = .314|36150000 = 5.774,E PENNSYLVANIA AVE|W PENNSYLVANIA AVE|WILLIAMS ST,28400,36060000,36150000,Y,-82.46125497,29.04949,10,1.87971875541096,On-System / On-System,36060000,631,LPI-01863,1,0.314,0.304,0.324,E PENNSYLVANIA AVE,Off Corridor,,0,0,0,0,,,Unmatched,,0
43754,93819,36150000,URBAN GENERAL,163,URBAN PRIN ART OTHER,DIVIDED,US   41,SR   45,5,MARION,22500,4,35,1,LPI,Implement a Leading Pedestrian Interval (LPI),,LPI-01863,Potential Location,0.870000005,1,5408.8083328125,0.0503101176951122,0.0244363428804831,0.104050470687618,0.201109795150072,0.731211824227824,131530.982514562,,107509.355585109,10.6583944471551,1.06583944471551,197.24013595746,1066834.09093178,5408.8083328125,1061425.28259897,5,36,36060000 = .314|36150000 = 5.774,E PENNSYLVANIA AVE|W PENNSYLVANIA AVE|WILLIAMS ST,28400,36060000,36150000,Y,-82.46125497,29.04949,10,1.87971875541096,On-System / On-System,36060000,631,LPI-01863,2,5.774,5.764,5.784,W PENNSYLVANIA AVE,Off Corridor,,0,0,0,0,,,Unmatched,,0
112171,246149,89010000,URBAN GENERAL,PORT SAINT LUCIE,URBAN PRIN ART OTHER,DIVIDED,US    1,SR    5,4,MARTIN,52500,6,45,1,LPI,Implement a Leading Pedestrian Interval (LPI),,LPI-02082,Potential Location,0.870000005,1,5408.8083328125,0.0584930142011642,0.0246767403661161,0.0978844034522607,0.177078460960556,0.575836306210055,108930.03360334,,92469.3043550635,8.81325212409103,0.881325212409103,163.348393108786,883520.149798335,5408.8083328125,878111.341465522,4,89,89010000 = 21.043|89A03060 = .203,NW FEDERAL HWY|NW RIVER SHORES BLVD,23250,89010000,89A03060,Y,-80.26201146,27.21812028,10,1.89821087040166,On-System / Off-System,89010000,632,LPI-02082,1,21.043,21.032999999999998,21.053,NW FEDERAL HWY,On Corridor,444416-1,1,106,0.02,100,0,0.8,Verified Match,444416-1,1
101563,226151,87030000,URBAN GENERAL,MIAMI,URBAN PRIN ART OTHER,DIVIDED,US    1,SR    5,6,MIAMI-DADE,42500,4,35,1,LPI,Implement a Leading Pedestrian Interval (LPI),,LPI-01528,Potential Location,0.870000005,1,5408.8083328125,0.0512664441039678,0.0249008442790701,0.106028327578661,0.204932616820796,0.745111159192896,134031.20628513,,105503.871535219,10.8609959228182,1.08609959228182,200.989400708648,1087113.14535993,5408.8083328125,1081704.33702711,6,87,87030000 = 16.256|87080001 = .775,BISCAYNE BLVD|NE 82ND ST,24750,87030000,87080001,Y,-80.1847201,25.85014306,10,1.91544963359961,On-System / On-System,87030000,633,LPI-01528,1,16.256,16.246,16.266000000000002,BISCAYNE BLVD,On Corridor,"445996-1, 447214-1",3,106,0.02,100,0,0.2,Verified Match,"445996-1, 447214-1",3
101563,226151,87080001,URBAN GENERAL,MIAMI,URBAN PRIN ART OTHER,DIVIDED,US    1,SR    5,6,MIAMI-DADE,42500,4,35,1,LPI,Implement a Leading Pedestrian Interval (LPI),,LPI-01528,Potential Location,0.870000005,1,5408.8083328125,0.0512664441039678,0.0249008442790701,0.106028327578661,0.204932616820796,0.745111159192896,134031.20628513,,105503.871535219,10.8609959228182,1.08609959228182,200.989400708648,1087113.14535993,5408.8083328125,1081704.33702711,6,87,87030000 = 16.256|87080001 = .775,BISCAYNE BLVD|NE 82ND ST,24750,87030000,87080001,Y,-80.1847201,25.85014306,10,1.91544963359961,On-System / On-System,87030000,633,LPI-01528,2,0.775,0.765,0.785,NE 82ND ST,On Corridor,410646-6,4,105,0.02,100,0.3,0.3,Verified Match,410646-6,4
101518,226107,87053000,URBAN GENERAL,MIAMI,URBAN MINOR ART,DIVIDED,,SR  968,6,MIAMI-DADE,37500,4,40,1,LPI,Implement a Leading Pedestrian Interval (LPI),,LPI-00667,Potential Location,0.870000005,1,5408.8083328125,0.0513092100834113,0.0249216163262283,0.106116775399782,0.205103569658104,0.745732723825944,134143.013840988,,105415.934566516,10.870056062184,1.0870056062184,201.157064152628,1088020.00479283,5408.8083328125,1082611.19646002,6,87,87053000 = 4.406|87A16182 = 1.108,NW 43RD AVE|SW 43RD AVE|W FLAGLER ST,18000,87053000,87A16182,Y,-80.26566,25.77164994,10,1.91704748344247,On-System / Off-System,87053000,634,LPI-00667,1,4.406,4.396,4.4159999999999995,NW 43RD AVE,On Corridor,437782-3,1,106,0.02,100,0,0.2,Verified Match,437782-3,1
95841,212349,86230000,URBAN GENERAL,MIAMI,URBAN PRIN ART OTHER,DIVIDED,,SR  822,4,BROWARD,41500,6,40,1,LPI,Implement a Leading Pedestrian Interval (LPI),,LPI-02574,Potential Location,0.870000005,1,5408.8083328125,0.0519867115099058,0.0252506884476685,0.107517971531851,0.207811815620117,0.755579591149654,136125.737286999,,104042.132608866,11.0135873790028,1.10135873790028,204.130300074544,1104101.66802271,5408.8083328125,1098692.8596899,4,86,86230000 = 1.514|86A20046 = 1.01,N 40TH AVE|SHERIDAN ST,21500,86230000,86A20046,Y,-80.18406,26.03279982,10,1.94236072452684,On-System / Off-System,86230000,635,LPI-02574,1,1.514,1.504,1.524,N 40TH AVE,Off Corridor,,0,0,0,0,,,Unmatched,,0
92849,207010,86220000,URBAN GENERAL,MIAMI,URBAN PRIN ART OTHER,DIVIDED,,SR  817,4,BROWARD,61500,7,45,1,LPI,Implement a Leading Pedestrian Interval (LPI),,LPI-02534,Potential Location,0.870000005,1,5408.8083328125,0.0601912140601302,0.0253931684316175,0.100726234778749,0.182219495689847,0.592554287790392,112092.547456126,,89860.4292548273,9.06912308096619,0.906912308096619,168.090809308876,909170.970059045,5408.8083328125,903762.161726232,4,86,86220000 = 8.376,S 2300 BLOCK|S UNIVERSITY DR,33000,86220000,86A21069,Y,-80.2512681,26.09269,10,1.95332072371368,On-System / Off-System,86220000,636,LPI-02534,1,8.376,8.366,8.386,S 2300 BLOCK,On Corridor,"446998-1, 445624-1",2,106,0.02,100,0,0.5,Verified Match,"446998-1, 445624-1",2
116910,271535,93280000,URBAN GENERAL,MIAMI,URBAN PRIN ART OTHER,DIVIDED,,SR  704,4,PALM BEACH,64500,8,45,1,LPI,Implement a Leading Pedestrian Interval (LPI),,LPI-01121,Potential Location,0.870000005,1,5408.8083328125,0.0524659497044841,0.0254834612850351,0.108509123252456,0.209727523623899,0.762544882636763,137380.608977828,,103091.783590648,11.115115857686,1.1115115857686,206.012070119718,1114279.80152349,5408.8083328125,1108870.99319067,4,93,93280000 = 5.963|93A11501 = .403,INDIAN RD|OKEECHOBEE BLVD,33250,93280000,93A11501,Y,-80.10435501,26.70680986,10,1.96026632808987,On-System / Off-System,93280000,637,LPI-01121,1,5.963,5.953,5.973,INDIAN RD,On Corridor,"447545-1, 233752-1, 451380-1",6,105,0.02,100,0.1,0.4,Verified Match,"447545-1, 233752-1, 451380-1",6
106125,227330,87053000,URBAN GENERAL,MIAMI,URBAN MINOR ART,DIVIDED,,SR  968,6,MIAMI-DADE,47500,6,40,1,LPI,Implement a Leading Pedestrian Interval (LPI),,LPI-01090,Potential Location,0.870000005,1,5408.8083328125,0.0525358834275925,0.0255174290934021,0.108653758907066,0.210007076870298,0.763561305726032,137563.728458611,,102954.551821084,11.1299315893956,1.11299315893956,206.286670906512,1115765.06454729,5408.8083328125,1110356.25621448,6,87,87053000 = .255|87A07700 = .459,NW 84TH AVE|SW 84TH AVE|W FLAGLER ST,24750,87053000,87A07700,Y,-80.33231301,25.76966442,10,1.96287923652628,On-System / Off-System,87053000,638,LPI-01090,1,0.255,0.245,0.265,NW 84TH AVE,On Corridor,437782-3,1,106,0.02,100,0,0.2,Verified Match,437782-3,1
107735,227065,87055000,URBAN GENERAL,MIAMI,URBAN MINOR ART,DIVIDED,,SR  986,6,MIAMI-DADE,39000,4,40,1,LPI,Implement a Leading Pedestrian Interval (LPI),,LPI-00175,Potential Location,0.870000005,1,5408.8083328125,0.0525365965279008,0.025517775456409,0.108655233728158,0.210009927419323,0.76357166999074,137351.898104529,,102953.154377635,11.1300826624742,1.11300826624742,205.969016107313,1114046.93062243,5408.8083328125,1108638.12228961,6,87,87055000 = 2.019|87072000 = 2.022,SW 107TH AVE|SW 72ND ST,68000,87055000,87072000,Y,-80.36617,25.70110026,10,1.96290587983553,On-System / On-System,87055000,639,LPI-00175,1,2.019,2.0090000000000003,2.029,SW 107TH AVE,Off Corridor,,0,0,0,0,88.9,3.5,No Match - Angle Mismatch,,0
107735,227065,87072000,URBAN GENERAL,MIAMI,URBAN MINOR ART,DIVIDED,,SR  986,6,MIAMI-DADE,39000,4,40,1,LPI,Implement a Leading Pedestrian Interval (LPI),,LPI-00175,Potential Location,0.870000005,1,5408.8083328125,0.0525365965279008,0.025517775456409,0.108655233728158,0.210009927419323,0.76357166999074,137351.898104529,,102953.154377635,11.1300826624742,1.11300826624742,205.969016107313,1114046.93062243,5408.8083328125,1108638.12228961,6,87,87055000 = 2.019|87072000 = 2.022,SW 107TH AVE|SW 72ND ST,68000,87055000,87072000,Y,-80.36617,25.70110026,10,1.96290587983553,On-System / On-System,87055000,639,LPI-00175,2,2.022,2.012,2.0319999999999996,SW 72ND ST,On Corridor,449948-1,2,106,0.02,100,0.2,0.2,Verified Match,449948-1,2
103336,236916,87240000,URBAN GENERAL,MIAMI,URBAN PRIN ART OTHER,DIVIDED,,SR    9,6,MIAMI-DADE,32000,4,35,1,LPI,Implement a Leading Pedestrian Interval (LPI),,LPI-00606,Potential Location,0.870000005,1,5408.8083328125,0.0526282479204966,0.0255622918470983,0.108844785471936,0.210376294934141,0.764903739662672,137591.511889375,,102773.862830915,11.149499367079,1.1149499367079,206.32833415236,1115990.41305861,5408.8083328125,1110581.60472579,6,87,87240000 = 7.096|87A04841 = .512,NW 27TH AVE|NW 75TH ST,18250,87240000,87A04841,Y,-80.24162336,25.84278695,10,1.96633021771257,On-System / Off-System,87240000,640,LPI-00606,1,7.096,7.086,7.106,NW 27TH AVE,On Corridor,438076-1,4,106,0.02,100,0,0.3,Verified Match,438076-1,4
106434,231888,87030000,URBAN GENERAL,MIAMI,URBAN PRIN ART OTHER,DIVIDED,,SR  826,6,MIAMI-DADE,47500,6,35,1,LPI,Implement a Leading Pedestrian Interval (LPI),,LPI-01689,Potential Location,0.870000005,1,5408.8083328125,0.0526457979666846,0.0255708161552468,0.108881082158371,0.210446449534358,0.765158813629428,137851.536577993,,102739.602052101,11.1532174127407,1.11532174127407,206.718259810595,1118099.44620805,5408.8083328125,1112690.63787523,6,87,87030000 = 21.946|87170000 = 3.695,BISCAYNE BLVD|NE 163RD ST,83500,87170000,87030000,Y,-80.15383307,25.92601388,10,1.96698593374921,On-System / On-System,87170000,641,LPI-01689,1,21.946,21.936,21.956000000000003,BISCAYNE BLVD,On Corridor,"451123-1, 449270-1",6,106,0.02,100,0.7,0.4,Verified Match,"451123-1, 449270-1",6
106434,231888,87170000,URBAN GENERAL,MIAMI,URBAN PRIN ART OTHER,DIVIDED,,SR  826,6,MIAMI-DADE,47500,6,35,1,LPI,Implement a Leading Pedestrian Interval (LPI),,LPI-01689,Potential Location,0.870000005,1,5408.8083328125,0.0526457979666846,0.0255708161552468,0.108881082158371,0.210446449534358,0.765158813629428,137851.536577993,,102739.602052101,11.1532174127407,1.11532174127407,206.718259810595,1118099.44620805,5408.8083328125,1112690.63787523,6,87,87030000 = 21.946|87170000 = 3.695,BISCAYNE BLVD|NE 163RD ST,83500,87170000,87030000,Y,-80.15383307,25.92601388,10,1.96698593374921,On-System / On-System,87170000,641,LPI-01689,2,3.695,3.685,3.7049999999999996,NE 163RD ST,On Corridor,"452562-1, 452561-1, 458152-1, 449270-1",9,105,0.02,100,4.9,0.3,Verified Match,"452562-1, 452561-1, 458152-1, 449270-1",9
95453,199864,86020000,URBAN GENERAL,MIAMI,URBAN PRIN ART OTHER,DIVIDED,US    1,SR    5,4,BROWARD,43500,6,45,1,LPI,Implement a Leading Pedestrian Interval (LPI),,LPI-00039,Potential Location,0.870000005,1,5408.8083328125,0.05282181587536,0.025656310568032,0.109245119196767,0.211150063979686,0.767717073915743,138312.434505525,,102397.24332036,11.1905074924776,1.11905074924776,207.409409288468,1121837.74126318,5408.8083328125,1116428.93293037,4,86,86020000 = 8.902|86A12831 = .065,N FEDERAL HWY|NE 2ND ST,21000,86020000,86A12831,Y,-80.10285005,26.233605,10,1.97356242729332,On-System / Off-System,86020000,642,LPI-00039,1,8.902,8.892,8.911999999999999,N FEDERAL HWY,On Corridor,"448401-1, 457345-1",3,106,0.02,100,0,0.6,Verified Match,"448401-1, 457345-1",3
65323,143424,72018000,URBAN GENERAL,JACKSONVILLE,URBAN MINOR ART,DIVIDED,,SR  115,2,DUVAL,15200,4,45,1,LPI,Implement a Leading Pedestrian Interval (LPI),,LPI-02487,Potential Location,0.870000005,1,5408.8083328125,0.0530405589018652,0.0257625571809059,0.109697519547039,0.212024467922001,0.770896304948699,138669.459446755,,101974.949826977,11.2368490548883,1.12368490548883,207.94479377813,1124733.53335213,5408.8083328125,1119324.72501931,2,72,72018000 = 4.003|72150000 = 6.436,DUNN AVE|LEM TURNER RD,25650,72150000,72018000,Y,-81.69801022,30.43872,10,1.98173524398258,On-System / On-System,72150000,643,LPI-02487,1,4.003,3.9930000000000003,4.013,DUNN AVE,Off Corridor,,0,0,0,0,64.4,7.1,No Match - Angle Mismatch,,0
65323,143424,72150000,URBAN GENERAL,JACKSONVILLE,URBAN MINOR ART,DIVIDED,,SR  115,2,DUVAL,15200,4,45,1,LPI,Implement a Leading Pedestrian Interval (LPI),,LPI-02487,Potential Location,0.870000005,1,5408.8083328125,0.0530405589018652,0.0257625571809059,0.109697519547039,0.212024467922001,0.770896304948699,138669.459446755,,101974.949826977,11.2368490548883,1.12368490548883,207.94479377813,1124733.53335213,5408.8083328125,1119324.72501931,2,72,72018000 = 4.003|72150000 = 6.436,DUNN AVE|LEM TURNER RD,25650,72150000,72018000,Y,-81.69801022,30.43872,10,1.98173524398258,On-System / On-System,72150000,643,LPI-02487,2,6.436,6.426,6.446,LEM TURNER RD,On Corridor,437320-1,1,106,0.02,100,0,0.4,Verified Match,437320-1,1
119728,269451,93180000,URBAN GENERAL,MIAMI,URBAN PRIN ART OTHER,DIVIDED,,SR  802,4,PALM BEACH,41000,6,45,1,LPI,Implement a Leading Pedestrian Interval (LPI),,LPI-01892,Potential Location,0.870000005,1,5408.8083328125,0.0532617226292121,0.0258114501972336,0.115127261990835,0.15282017338997,0.493285492658241,97935.4153006003,,101551.509523388,7.92370550499202,0.792370550499202,146.861174908369,794343.946611021,5408.8083328125,788935.138278208,4,93,93180000 = 2.68,LAKE WORTH RD|LUCERNE LAKES BLVD N,20250,93180000,93A14627,Y,-80.16153,26.61758,10,1.98549624538321,On-System / Off-System,93180000,644,LPI-01892,1,2.68,2.6700000000000004,2.69,LAKE WORTH RD,Off Corridor,,0,0,0,0,,,Unmatched,,0
101955,225657,87044000,URBAN GENERAL,MIAMI,URBAN PRIN ART OTHER,DIVIDED,,SR  976,6,MIAMI-DADE,71000,8,40,1,LPI,Implement a Leading Pedestrian Interval (LPI),,LPI-01054,Potential Location,0.870000005,1,5408.8083328125,0.053182795394289,0.0258316434772261,0.109991690474552,0.212593044446262,0.772963583060178,139257.649190827,,101702.219537586,11.2669824099765,1.12669824099765,208.826826458733,1129504.27906478,5408.8083328125,1124095.47073197,6,87,87044000 = 3.919|87A18220 = .014,SW 40TH ST|SW 79TH AVE,35750,87044000,87A18220,Y,-80.32338,25.73320568,10,1.98704957467314,On-System / Off-System,87044000,645,LPI-01054,1,3.919,3.9090000000000003,3.929,SW 40TH ST,Off Corridor,,0,0,0,0,,,Unmatched,,0
94490,202460,86040000,URBAN GENERAL,MIAMI,URBAN PRIN ART OTHER,DIVIDED,,SR  820,4,BROWARD,49000,7,45,1,LPI,Implement a Leading Pedestrian Interval (LPI),,LPI-00370,Potential Location,0.870000005,1,5408.8083328125,0.0535983030746195,0.0260334614933866,0.110851035904327,0.214253995926856,0.779002609459527,140345.64432825,,100913.798059658,11.3550093309156,1.13550093309156,210.458353150953,1138328.89423287,5408.8083328125,1132920.08590006,4,86,86040000 = 8.817|86A09654 = 0,NW 108TH AVE|PINES BLVD,26250,86040000,86A09654,Y,-80.29069625,26.00794892,10,2.00257403805182,On-System / Off-System,86040000,646,LPI-00370,1,8.817,8.807,8.827,NW 108TH AVE,On Corridor,448403-1,1,105,0.02,100,0,0.3,Verified Match,448403-1,1
94108,202009,86020000,URBAN GENERAL,MIAMI,URBAN PRIN ART OTHER,DIVIDED,US    1,SR    5,4,BROWARD,53000,6,45,1,LPI,Implement a Leading Pedestrian Interval (LPI),,LPI-00367,Potential Location,0.870000005,1,5408.8083328125,0.0537827815512631,0.0261230653248992,0.111232570935567,0.214991430668556,0.781683836409835,140828.696014293,,100567.657097785,11.3940918149398,1.13940918149398,211.182723777615,1142246.8761144,5408.8083328125,1136838.06778159,4,86,86020000 = 3.029|86A15481 = .278,N FEDERAL HWY|NE 19TH ST,27000,86020000,86A15481,Y,-80.1188898,26.15236,10,2.00946664074096,On-System / Off-System,86020000,647,LPI-00367,1,3.029,3.019,3.0389999999999997,N FEDERAL HWY,Off Corridor,,0,0,0,0,,,Unmatched,,0
119682,269128,93280000,URBAN GENERAL,MIAMI,URBAN PRIN ART OTHER,DIVIDED,,SR  704,4,PALM BEACH,45000,8,45,1,LPI,Implement a Leading Pedestrian Interval (LPI),,LPI-01110,Potential Location,0.870000005,1,5408.8083328125,0.0620236452620003,0.0261662253449064,0.103792693868129,0.187766894836134,0.610593714020676,115505.036881086,,87205.5860303698,9.34521892596045,0.934521892596045,173.208081796808,936849.316133047,5408.8083328125,931440.507800234,4,93,93280000 = 6.835|93A11700 = .601,LOXAHATCHEE DR|OKEECHOBEE BLVD,24000,93280000,93A11700,Y,-80.09025441,26.70643309,10,2.01278664240767,On-System / Off-System,93280000,648,LPI-01110,1,6.835,6.825,6.845,LOXAHATCHEE DR,On Corridor,"447545-1, 233752-1, 451380-1",6,105,0.02,100,0,0.4,Verified Match,"447545-1, 233752-1, 451380-1",6
65467,143352,72017000,URBAN GENERAL,JACKSONVILLE,URBAN PRIN ART OTHER,DIVIDED,,SR   21,2,DUVAL,26500,4,40,1,LPI,Implement a Leading Pedestrian Interval (LPI),,LPI-01484,Potential Location,0.870000005,1,5408.8083328125,0.0540628158293082,0.0262590819742354,0.111811732737887,0.216110840418975,0.785753880064604,141342.052241384,,100046.73729703,11.4534181677863,1.14534181677863,211.952538235701,1146410.65497002,5408.8083328125,1141001.84663721,2,72,72017000 = 1.751|72170000 = 6.733,BLANDING BLVD|SAN JUAN AVE,29350,72170000,72017000,Y,-81.72597893,30.28215286,10,2.01992946032309,On-System / On-System,72170000,649,LPI-01484,1,1.751,1.7409999999999999,1.761,BLANDING BLVD,On Corridor,209138-4,3,105,0.02,100,0,0.8,Verified Match,209138-4,3
65467,143352,72170000,URBAN GENERAL,JACKSONVILLE,URBAN PRIN ART OTHER,DIVIDED,,SR   21,2,DUVAL,26500,4,40,1,LPI,Implement a Leading Pedestrian Interval (LPI),,LPI-01484,Potential Location,0.870000005,1,5408.8083328125,0.0540628158293082,0.0262590819742354,0.111811732737887,0.216110840418975,0.785753880064604,141342.052241384,,100046.73729703,11.4534181677863,1.14534181677863,211.952538235701,1146410.65497002,5408.8083328125,1141001.84663721,2,72,72017000 = 1.751|72170000 = 6.733,BLANDING BLVD|SAN JUAN AVE,29350,72170000,72017000,Y,-81.72597893,30.28215286,10,2.01992946032309,On-System / On-System,72170000,649,LPI-01484,2,6.733,6.723,6.742999999999999,SAN JUAN AVE,Off Corridor,,0,0,0,0,72.3,0.8,No Match - Angle Mismatch,,0
107581,224824,87052000,URBAN GENERAL,MIAMI,URBAN PRIN ART OTHER,DIVIDED,,SR  924,6,MIAMI-DADE,44000,6,40,1,LPI,Implement a Leading Pedestrian Interval (LPI),,LPI-01041,Potential Location,0.870000005,1,5408.8083328125,0.0540771165006273,0.0262660280145904,0.111841309126297,0.21616800595965,0.785961727321617,141599.403774562,,100020.279978311,11.4564478207222,1.14564478207222,212.338455305752,1148498.00643428,5408.8083328125,1143089.19810147,6,87,87052000 = 1.77|87A11659 = 1.252,NW 10TH AVE|NW 119TH ST,17750,87052000,87A11659,Y,-80.21461,25.88358998,10,2.02046377114017,On-System / Off-System,87052000,650,LPI-01041,1,1.77,1.76,1.78,NW 10TH AVE,Off Corridor,,0,0,0,0,,,Unmatched,,0
102522,230493,87140000,URBAN GENERAL,MIAMI,URBAN MINOR ART,DIVIDED,US  441,SR    7,6,MIAMI-DADE,26000,4,35,1,LPI,Implement a Leading Pedestrian Interval (LPI),,LPI-00188,Potential Location,0.870000005,1,5408.8083328125,0.054213753815128,0.026332394710205,0.112123899935833,0.216714200315538,0.787947626472145,141736.665143981,,99768.1944559096,11.4853949681523,1.14853949681523,212.544288567606,1149611.31909617,5408.8083328125,1144202.51076336,6,87,87140000 = 5.401|87A02043 = 1.769,NW 75TH ST|NW 7TH AVE,12000,87140000,87A02043,Y,-80.2090199,25.84336,10,2.02556890176842,On-System / Off-System,87140000,651,LPI-00188,1,5.401,5.391,5.411,NW 75TH ST,Off Corridor,,0,0,0,0,,,Unmatched,,0
107384,235585,87250000,URBAN GENERAL,MIAMI,URBAN MINOR ART,NOT DIVIDED,,SR  944,6,MIAMI-DADE,21000,4,40,1,LPI,Implement a Leading Pedestrian Interval (LPI),,LPI-00155,Potential Location,0.870000005,1,5408.8083328125,0.0549334972141672,0.0266819843611669,0.113612460147482,0.21959130444832,0.798408442464998,131386.958244923,,98461.0230025113,11.6378754114338,1.16378754114338,197.024161241985,1065665.92509104,5408.8083328125,1060257.11675823,6,87,87250000 = 4.624|87270110 = .865,FRONTAGE RD|NW 54TH ST|NW 6TH AVE,6550,87250000,87270110,Y,-80.20613185,25.82498992,10,2.05246041441516,On-System / On-System,87250000,652,LPI-00155,1,4.624,4.614,4.6339999999999995,FRONTAGE RD,Off Corridor,,0,0,0,0,89.5,92.9,No Match - Angle Mismatch,,0
107384,235585,87270110,URBAN GENERAL,MIAMI,URBAN MINOR ART,NOT DIVIDED,,SR  944,6,MIAMI-DADE,21000,4,40,1,LPI,Implement a Leading Pedestrian Interval (LPI),,LPI-00155,Potential Location,0.870000005,1,5408.8083328125,0.0549334972141672,0.0266819843611669,0.113612460147482,0.21959130444832,0.798408442464998,131386.958244923,,98461.0230025113,11.6378754114338,1.16378754114338,197.024161241985,1065665.92509104,5408.8083328125,1060257.11675823,6,87,87250000 = 4.624|87270110 = .865,FRONTAGE RD|NW 54TH ST|NW 6TH AVE,6550,87250000,87270110,Y,-80.20613185,25.82498992,10,2.05246041441516,On-System / On-System,87250000,652,LPI-00155,2,0.865,0.855,0.875,NW 54TH ST,On Corridor,"414964-8, 414964-7",5,106,0.02,100,4.9,89.3,Verified Match,"414964-8, 414964-7",5
102963,236605,87240000,URBAN GENERAL,MIAMI,URBAN PRIN ART OTHER,DIVIDED,,SR    9,6,MIAMI-DADE,30000,4,35,1,LPI,Implement a Leading Pedestrian Interval (LPI),,LPI-00342,Potential Location,0.870000005,1,5408.8083328125,0.0554458945570363,0.0269308630705605,0.114672191015689,0.221639562917607,0.805855672027834,144957.979062615,,97551.1059209,11.7464287848739,1.17464287848739,217.374879681017,1175739.0605628,5408.8083328125,1170330.25222999,6,87,87240000 = 5.796|87250000 = 2.463,NW 27TH AVE|NW 54TH ST,38000,87240000,87250000,Y,-80.24077526,25.82392047,10,2.07160493125869,On-System / On-System,87240000,653,LPI-00342,1,5.796,5.7860000000000005,5.806,NW 27TH AVE,Off Corridor,,0,0,0,0,89.8,0.8,No Match - Angle Mismatch,,0
102963,236605,87250000,URBAN GENERAL,MIAMI,URBAN PRIN ART OTHER,DIVIDED,,SR    9,6,MIAMI-DADE,30000,4,35,1,LPI,Implement a Leading Pedestrian Interval (LPI),,LPI-00342,Potential Location,0.870000005,1,5408.8083328125,0.0554458945570363,0.0269308630705605,0.114672191015689,0.221639562917607,0.805855672027834,144957.979062615,,97551.1059209,11.7464287848739,1.17464287848739,217.374879681017,1175739.0605628,5408.8083328125,1170330.25222999,6,87,87240000 = 5.796|87250000 = 2.463,NW 27TH AVE|NW 54TH ST,38000,87240000,87250000,Y,-80.24077526,25.82392047,10,2.07160493125869,On-System / On-System,87240000,653,LPI-00342,2,2.463,2.4530000000000003,2.473,NW 54TH ST,On Corridor,451049-1,5,105,0.02,100,0,0.2,Verified Match,451049-1,5
100986,223933,87038000,URBAN GENERAL,MIAMI,URBAN PRIN ART OTHER,DIVIDED,,SR  932,6,MIAMI-DADE,47000,6,40,1,LPI,Implement a Leading Pedestrian Interval (LPI),,LPI-01277,Potential Location,0.870000005,1,5408.8083328125,0.0558198747873025,0.0271125106109755,0.115445650128285,0.223134512461451,0.811291134692726,146162.767176409,,96897.5361091792,11.8256579537217,1.18256579537217,219.181545812613,1185510.97138999,5408.8083328125,1180102.16305718,6,87,87038000 = 2.371|87A13149 = .23,NW 103RD ST|W 10TH AVE|W 49TH ST,22500,87038000,87A13149,Y,-80.30341,25.86664479,10,2.08557781952034,On-System / Off-System,87038000,654,LPI-01277,1,2.371,2.361,2.381,NW 103RD ST,On Corridor,"445993-1, 451122-1",7,106,0.02,100,0,0.2,Verified Match,"445993-1, 451122-1",7
115593,267261,93005000,URBAN GENERAL,MIAMI,URBAN MINOR ART,DIVIDED,US    1,SR    5,4,PALM BEACH,26522,4,45,1,LPI,Implement a Leading Pedestrian Interval (LPI),,LPI-01818,Potential Location,0.870000005,1,5408.8083328125,0.0642818225250986,0.027118893877776,0.107571612381845,0.194603173659966,0.632824410655287,119710.382228919,,84142.112347556,9.68546272827384,0.968546272827384,179.514298570205,970958.433965516,5408.8083328125,965549.625632704,4,93,93005000 = 2.775|93010000 = 4.977,N FEDERAL HWY|NE 51ST ST,40263,93010000,93005000,Y,-80.07664,26.3946464,10,2.08606884006234,On-System / On-System,93010000,655,LPI-01818,1,2.775,2.765,2.7849999999999997,N FEDERAL HWY,On Corridor,447657-1,1,79,0.02,100,0,60.1,Verified Match,447657-1,1
115593,267261,93010000,URBAN GENERAL,MIAMI,URBAN MINOR ART,DIVIDED,US    1,SR    5,4,PALM BEACH,26522,4,45,1,LPI,Implement a Leading Pedestrian Interval (LPI),,LPI-01818,Potential Location,0.870000005,1,5408.8083328125,0.0642818225250986,0.027118893877776,0.107571612381845,0.194603173659966,0.632824410655287,119710.382228919,,84142.112347556,9.68546272827384,0.968546272827384,179.514298570205,970958.433965516,5408.8083328125,965549.625632704,4,93,93005000 = 2.775|93010000 = 4.977,N FEDERAL HWY|NE 51ST ST,40263,93010000,93005000,Y,-80.07664,26.3946464,10,2.08606884006234,On-System / On-System,93010000,655,LPI-01818,2,4.977,4.9670000000000005,4.987,NE 51ST ST,On Corridor,"448064-1, 449830-1, 233752-1",6,106,0.02,100,1,0.6,Verified Match,"448064-1, 449830-1, 233752-1",6
58729,116204,55010000,URBAN GENERAL,TALLAHASSEE,URBAN PRIN ART OTHER,DIVIDED,US   27,SR   63,3,LEON,43500,6,45,1,LPI,Implement a Leading Pedestrian Interval (LPI),,LPI-02301,Potential Location,0.870000005,1,5408.8083328125,0.0560545071534855,0.0272264749031215,0.115930912521981,0.224072432491465,0.814701302833045,146777.145407122,,96491.9434221835,11.8753657346496,1.18753657346496,220.102850006032,1190494.12918841,5408.8083328125,1185085.32085559,3,55,55010000 = 7.121|55A03642 = .76,CALLAWAY RD|N MONROE ST,19500,55010000,55A03642,Y,-84.30416509,30.48084453,10,2.09434430386874,On-System / Off-System,55010000,656,LPI-02301,1,7.121,7.111000000000001,7.131,CALLAWAY RD,On Corridor,452939-1,1,105,0.02,100,0.3,0.6,Verified Match,452939-1,1
94310,200678,86020000,URBAN GENERAL,MIAMI,URBAN PRIN ART OTHER,DIVIDED,US    1,SR    5,4,BROWARD,57000,6,35,1,LPI,Implement a Leading Pedestrian Interval (LPI),,LPI-00385,Potential Location,0.870000005,1,5408.8083328125,0.0646014182924952,0.0272537233421464,0.108106435923847,0.195570699908921,0.63597068117479,120305.557193954,,83725.8449702001,9.73361682178954,0.973361682178954,180.406806090318,975785.8360774,5408.8083328125,970377.027744587,4,86,86020000 = 1.052|86110000 = 8.145,E SUNRISE BLVD|N FEDERAL HWY,70250,86020000,86110000,Y,-80.13610576,26.13697952,10,2.0964403377205,On-System / On-System,86020000,657,LPI-00385,1,1.052,1.042,1.062,E SUNRISE BLVD,On Corridor,"447678-1, 441754-1",3,105,0.02,100,11.8,0.5,Verified Match,"447678-1, 441754-1",3
94310,200678,86110000,URBAN GENERAL,MIAMI,URBAN PRIN ART OTHER,DIVIDED,US    1,SR    5,4,BROWARD,57000,6,35,1,LPI,Implement a Leading Pedestrian Interval (LPI),,LPI-00385,Potential Location,0.870000005,1,5408.8083328125,0.0646014182924952,0.0272537233421464,0.108106435923847,0.195570699908921,0.63597068117479,120305.557193954,,83725.8449702001,9.73361682178954,0.973361682178954,180.406806090318,975785.8360774,5408.8083328125,970377.027744587,4,86,86020000 = 1.052|86110000 = 8.145,E SUNRISE BLVD|N FEDERAL HWY,70250,86020000,86110000,Y,-80.13610576,26.13697952,10,2.0964403377205,On-System / On-System,86020000,657,LPI-00385,2,8.145,8.135,8.155,N FEDERAL HWY,On Corridor,"447678-1, 441754-1",3,105,0.02,100,2.3,0.4,Verified Match,"447678-1, 441754-1",3
67098,144070,72120000,URBAN GENERAL,JACKSONVILLE,URBAN MINOR ART,DIVIDED,,SR  111,2,DUVAL,23500,4,35,1,LPI,Implement a Leading Pedestrian Interval (LPI),,LPI-01487,Potential Location,0.870000005,1,5408.8083328125,0.0561338174498976,0.0272649970470931,0.116094940635016,0.224389467676344,0.815854005891125,146756.487556288,,96355.6119738364,11.8921679299457,1.18921679299457,220.071872078024,1190326.57551326,5408.8083328125,1184917.76718045,2,72,72120000 = 21.059|72291000 = 2.281,CASSAT AVE|NORMANDY BLVD|POST ST,21750,72291000,72120000,Y,-81.73064714,30.30921995,10,2.09730754582668,On-System / On-System,72291000,658,LPI-01487,1,21.059,21.049,21.069000000000003,CASSAT AVE,On Corridor,209443-2,1,105,0.02,100,2.3,127.3,Verified Match,209443-2,1
67098,144070,72291000,URBAN GENERAL,JACKSONVILLE,URBAN MINOR ART,DIVIDED,,SR  111,2,DUVAL,23500,4,35,1,LPI,Implement a Leading Pedestrian Interval (LPI),,LPI-01487,Potential Location,0.870000005,1,5408.8083328125,0.0561338174498976,0.0272649970470931,0.116094940635016,0.224389467676344,0.815854005891125,146756.487556288,,96355.6119738364,11.8921679299457,1.18921679299457,220.071872078024,1190326.57551326,5408.8083328125,1184917.76718045,2,72,72120000 = 21.059|72291000 = 2.281,CASSAT AVE|NORMANDY BLVD|POST ST,21750,72291000,72120000,Y,-81.73064714,30.30921995,10,2.09730754582668,On-System / On-System,72291000,658,LPI-01487,2,2.281,2.2710000000000004,2.291,NORMANDY BLVD,On Corridor,445146-1,5,106,0.02,100,0,0.8,Verified Match,445146-1,5
109335,204324,86120000,URBAN GENERAL,MIAMI,URBAN PRIN ART OTHER,DIVIDED,,SR  810,4,BROWARD,44000,6,40,1,LPI,Implement a Leading Pedestrian Interval (LPI),,LPI-00064,Potential Location,0.870000005,1,5408.8083328125,0.0566460827157618,0.0275138116047986,0.117154398343962,0.226437198180669,0.823299315834765,148326.169325677,,95484.243102083,12.0006933223577,1.20006933223577,222.425722400475,1203058.10075153,5408.8083328125,1197649.29241872,4,86,86120000 = 5.122|86A10562 = 1.94,NW 12TH AVE|SW 12TH AVE|W HILLSBORO BLVD,24250,86120000,86A10562,Y,-80.12006,26.31801463,10,2.11644712792478,On-System / Off-System,86120000,659,LPI-00064,1,5.122,5.112,5.132,NW 12TH AVE,On Corridor,"447000-1, 436964-2, 439891-5, 436964-1",8,105,0.02,100,0.2,0.4,Verified Match,"447000-1, 436964-2, 439891-5, 436964-1",8
66796,154996,75010000,URBAN GENERAL,ORLANDO,URBAN PRIN ART OTHER,DIVIDED,US   17,SR  500,5,ORANGE,30500,4,35,1,LPI,Implement a Leading Pedestrian Interval (LPI),,LPI-01016,Potential Location,0.870000005,1,5408.8083328125,0.0566660977603766,0.0275235331978972,0.117195793095324,0.226517206371999,0.823590216312747,148148.083430397,,95450.5170919775,12.0049335875401,1.20049335875401,222.158669835934,1201613.66461514,5408.8083328125,1196204.85628233,5,75,75010000 = 13.546|75030000 = 0|75230500 = 9.02,ORANGE BLOSSOM TRL N|W WASHINGTON ST,30300,75010000,75230500,Y,-81.39730221,28.54386994,10,2.11719494280728,On-System / On-System,75010000,660,LPI-01016,1,13.546,13.536,13.556,ORANGE BLOSSOM TRL N,Off Corridor,,0,0,0,0,,,Unmatched,,0
66796,154996,75030000,URBAN GENERAL,ORLANDO,URBAN PRIN ART OTHER,DIVIDED,US   17,SR  500,5,ORANGE,30500,4,35,1,LPI,Implement a Leading Pedestrian Interval (LPI),,LPI-01016,Potential Location,0.870000005,1,5408.8083328125,0.0566660977603766,0.0275235331978972,0.117195793095324,0.226517206371999,0.823590216312747,148148.083430397,,95450.5170919775,12.0049335875401,1.20049335875401,222.158669835934,1201613.66461514,5408.8083328125,1196204.85628233,5,75,75010000 = 13.546|75030000 = 0|75230500 = 9.02,ORANGE BLOSSOM TRL N|W WASHINGTON ST,30300,75010000,75230500,Y,-81.39730221,28.54386994,10,2.11719494280728,On-System / On-System,75010000,660,LPI-01016,2,0,0,0.01,W WASHINGTON ST,Off Corridor,,0,0,0,0,,,Unmatched,,0
66796,154996,75230500,URBAN GENERAL,ORLANDO,URBAN PRIN ART OTHER,DIVIDED,US   17,SR  500,5,ORANGE,30500,4,35,1,LPI,Implement a Leading Pedestrian Interval (LPI),,LPI-01016,Potential Location,0.870000005,1,5408.8083328125,0.0566660977603766,0.0275235331978972,0.117195793095324,0.226517206371999,0.823590216312747,148148.083430397,,95450.5170919775,12.0049335875401,1.20049335875401,222.158669835934,1201613.66461514,5408.8083328125,1196204.85628233,5,75,75010000 = 13.546|75030000 = 0|75230500 = 9.02,ORANGE BLOSSOM TRL N|W WASHINGTON ST,30300,75010000,75230500,Y,-81.39730221,28.54386994,10,2.11719494280728,On-System / On-System,75010000,660,LPI-01016,3,9.02,9.01,9.03,,Off Corridor,,0,0,0,0,,,Unmatched,,0
49111,112986,55090000,URBAN GENERAL,TALLAHASSEE,URBAN MINOR ART,DIVIDED,,SR  366,3,LEON,21500,4,40,1,LPI,Implement a Leading Pedestrian Interval (LPI),,LPI-02486,Potential Location,0.870000005,1,5408.8083328125,0.0571230081524473,0.0277454611026172,0.118140766860743,0.228343661160042,0.83023099348841,149342.631873999,,94687.0360604561,12.1017318342706,1.21017318342706,223.949980848135,1211302.52254459,5408.8083328125,1205893.71421178,3,55,55090000 = 2.037|55500000 = .907,AUSLEY RD|S AUSLEY RD|W PENSACOLA ST,30950,55090000,55500000,Y,-84.31955,30.44067567,10,2.13426632075003,On-System / On-System,55090000,661,LPI-02486,1,2.037,2.027,2.0469999999999997,AUSLEY RD,On Corridor,219485-2,1,104,0.02,100,0,0.8,Verified Match,219485-2,1
49111,112986,55500000,URBAN GENERAL,TALLAHASSEE,URBAN MINOR ART,DIVIDED,,SR  366,3,LEON,21500,4,40,1,LPI,Implement a Leading Pedestrian Interval (LPI),,LPI-02486,Potential Location,0.870000005,1,5408.8083328125,0.0571230081524473,0.0277454611026172,0.118140766860743,0.228343661160042,0.83023099348841,149342.631873999,,94687.0360604561,12.1017318342706,1.21017318342706,223.949980848135,1211302.52254459,5408.8083328125,1205893.71421178,3,55,55090000 = 2.037|55500000 = .907,AUSLEY RD|S AUSLEY RD|W PENSACOLA ST,30950,55090000,55500000,Y,-84.31955,30.44067567,10,2.13426632075003,On-System / On-System,55090000,661,LPI-02486,2,0.907,0.897,0.917,S AUSLEY RD,Off Corridor,,0,0,0,0,86.9,25.8,No Match - Angle Mismatch,,0
91578,202303,86065000,URBAN GENERAL,MIAMI,URBAN PRIN ART OTHER,DIVIDED,,SR  845,4,BROWARD,45500,6,45,1,LPI,Implement a Leading Pedestrian Interval (LPI),,LPI-00053,Potential Location,0.870000005,1,5408.8083328125,0.0658566415715522,0.0277832706629986,0.110206973629894,0.199370692257629,0.648327765971195,122643.127172775,,82130.0358436273,9.92274366678872,0.992274366678872,183.91215982233,994745.622552564,5408.8083328125,989336.814219752,4,86,86065000 = 5.27|86A06001 = .985,S POWERLINE RD|SW 14TH ST,21000,86065000,86A06001,Y,-80.15618,26.21306475,10,2.13717474858354,On-System / Off-System,86065000,662,LPI-00053,1,5.27,5.26,5.279999999999999,S POWERLINE RD,On Corridor,451576-3,3,106,0.02,100,0.1,0.5,Verified Match,451576-3,3
36535,88538,26020000,SUBURBAN COMMERCIAL,,RURAL PRIN ART OTHER,DIVIDED,US  441,SR   20,2,ALACHUA,23500,4,45,1,LPI,Implement a Leading Pedestrian Interval (LPI),,LPI-02297,Potential Location,0.870000005,1,5408.8083328125,0.0579966698997084,0.0281698110941441,0.11994765820167,0.231836038897795,0.842928872746898,276840.495629456,,93260.6706930892,12.2868204793048,1.22868204793048,415.14216614659,2245424.40755551,5408.8083328125,2240015.59922269,2,26,26020000 = 17.968|26110000 = .421,MARTIN LUTHER KING BLVD|NW 140TH ST,25150,26020000,26110000,Y,-82.49429,29.79370007,10,2.16690862904603,On-System / On-System,26020000,663,LPI-02297,1,17.968,17.958,17.978,MARTIN LUTHER KING BLVD,Off Corridor,,0,0,0,0,,,Unmatched,,0
36535,88538,26110000,SUBURBAN COMMERCIAL,,RURAL PRIN ART OTHER,DIVIDED,US  441,SR   20,2,ALACHUA,23500,4,45,1,LPI,Implement a Leading Pedestrian Interval (LPI),,LPI-02297,Potential Location,0.870000005,1,5408.8083328125,0.0579966698997084,0.0281698110941441,0.11994765820167,0.231836038897795,0.842928872746898,276840.495629456,,93260.6706930892,12.2868204793048,1.22868204793048,415.14216614659,2245424.40755551,5408.8083328125,2240015.59922269,2,26,26020000 = 17.968|26110000 = .421,MARTIN LUTHER KING BLVD|NW 140TH ST,25150,26020000,26110000,Y,-82.49429,29.79370007,10,2.16690862904603,On-System / On-System,26020000,663,LPI-02297,2,0.421,0.411,0.431,NW 140TH ST,Off Corridor,,0,0,0,0,,,Unmatched,,0
113700,270323,93190000,URBAN GENERAL,MIAMI,URBAN PRIN ART OTHER,DIVIDED,,SR  706,4,PALM BEACH,40500,6,45,1,LPI,Implement a Leading Pedestrian Interval (LPI),,LPI-01912,Potential Location,0.870000005,1,5408.8083328125,0.0583016468064354,0.0283179427345543,0.120578405895128,0.233055154376894,0.847361434834442,152661.217185472,,92772.8225374154,12.3514310252166,1.23514310252166,228.926437387178,1238219.22214085,5408.8083328125,1232810.41380804,4,93,93190000 = 15.671|93A05395 = .535,N LOXAHATCHEE DR|S LOXAHATCHEE DR|W INDIANTOWN RD,22000,93190000,93A05395,Y,-80.09972,26.93406485,10,2.17830337105431,On-System / Off-System,93190000,664,LPI-01912,1,15.671,15.661,15.681,N LOXAHATCHEE DR,Off Corridor,,0,0,0,0,,,Unmatched,,0
110930,273560,93200000,URBAN GENERAL,MIAMI,URBAN PRIN ART OTHER,DIVIDED,,SR  804,4,PALM BEACH,51500,6,35,1,LPI,Implement a Leading Pedestrian Interval (LPI),,LPI-02008,Potential Location,0.870000005,1,5408.8083328125,0.0674115013055564,0.0284392271132816,0.112808934216017,0.204077787155493,0.663634631211965,125538.702403196,,80235.6901724526,10.1570172982731,1.01570172982731,188.254282424965,1018231.33146779,5408.8083328125,1012822.52313498,4,93,93200000 = 8.014|93A16827 = .01,W BOYNTON BEACH BLVD|W INDUSTRIAL AVE,26500,93200000,93A16827,Y,-80.07627,26.5289315,10,2.18763293900754,On-System / Off-System,93200000,665,LPI-02008,1,8.014,8.004,8.024,W BOYNTON BEACH BLVD,On Corridor,435804-1,3,105,0.02,100,0.2,0.5,Verified Match,435804-1,3
101735,227274,87044000,URBAN GENERAL,MIAMI,URBAN PRIN ART OTHER,DIVIDED,,SR  976,6,MIAMI-DADE,60500,6,40,1,LPI,Implement a Leading Pedestrian Interval (LPI),,LPI-01750,Potential Location,0.870000005,1,5408.8083328125,0.0679620185523793,0.028671476576785,0.113730190421247,0.20574439210193,0.669054215451978,126563.916490974,,79585.7516892889,10.2399647640718,1.02399647640718,189.791664433318,1026546.73608529,5408.8083328125,1021137.92775247,6,87,87044000 = 4.438|87A19156 = .473,BIRD RD|SW 40TH ST|SW 74TH AVE,30000,87044000,87A19156,Y,-80.31506996,25.73303662,10,2.20549828304109,On-System / Off-System,87044000,666,LPI-01750,1,4.438,4.428,4.4479999999999995,BIRD RD,Off Corridor,,0,0,0,0,,,Unmatched,,0
72626,159574,75030000,URBAN GENERAL,ORLANDO,URBAN PRIN ART OTHER,DIVIDED,US   17,SR   15,5,ORANGE,36500,6,40,1,LPI,Implement a Leading Pedestrian Interval (LPI),,LPI-00696,Potential Location,0.870000005,1,5408.8083328125,0.0590727539730253,0.0286924805011837,0.122173195716939,0.236137580167496,0.858568776494311,154680.339544449,,91561.8109709656,12.5147930827723,1.25147930827723,231.954256088033,1254596.11316028,5408.8083328125,1249187.30482746,5,75,75030000 = 7.677|75A03788 = .323,E PACKWOOD AVE|ORLANDO AVE S,17750,75030000,75A03788,Y,-81.36350508,28.62579,10,2.20711396959544,On-System / Off-System,75030000,667,LPI-00696,1,7.677,7.667,7.686999999999999,E PACKWOOD AVE,On Corridor,452910-1,1,106,0.02,100,0,1.2,Verified Match,452910-1,1
33874,82287,17040000,URBAN GENERAL,215,URBAN PRIN ART OTHER,DIVIDED,,SR  780,1,SARASOTA,50500,6,45,1,LPI,Implement a Leading Pedestrian Interval (LPI),,LPI-00522,Potential Location,0.870000005,1,5408.8083328125,0.0593773100194752,0.0288404077237451,0.122803072994824,0.23735501329863,0.862995221760328,155477.810959049,,91092.1752945436,12.5793144677947,1.25793144677947,233.150121634164,1261064.32069111,5408.8083328125,1255655.5123583,1,17,17040000 = 1.642|17540000 = 3.059,FRUITVILLE RD|N LOCKWOOD RIDGE RD,27600,17040000,17540000,Y,-82.50571015,27.33755395,10,2.2184929871532,On-System / On-System,17040000,668,LPI-00522,1,1.642,1.632,1.652,FRUITVILLE RD,On Corridor,"453539-1, 454316-1",2,105,0.02,100,0.2,0.1,Verified Match,"453539-1, 454316-1",2
33874,82287,17540000,URBAN GENERAL,215,URBAN PRIN ART OTHER,DIVIDED,,SR  780,1,SARASOTA,50500,6,45,1,LPI,Implement a Leading Pedestrian Interval (LPI),,LPI-00522,Potential Location,0.870000005,1,5408.8083328125,0.0593773100194752,0.0288404077237451,0.122803072994824,0.23735501329863,0.862995221760328,155477.810959049,,91092.1752945436,12.5793144677947,1.25793144677947,233.150121634164,1261064.32069111,5408.8083328125,1255655.5123583,1,17,17040000 = 1.642|17540000 = 3.059,FRUITVILLE RD|N LOCKWOOD RIDGE RD,27600,17040000,17540000,Y,-82.50571015,27.33755395,10,2.2184929871532,On-System / On-System,17040000,668,LPI-00522,2,3.059,3.0490000000000004,3.069,N LOCKWOOD RIDGE RD,Off Corridor,,0,0,0,0,88.9,65.8,No Match - Angle Mismatch,,0
8616,26314,10340000,URBAN GENERAL,TAMPA-ST PETERSBURG,URBAN PRIN ART OTHER,NOT DIVIDED,,SR  574,7,HILLSBOROUGH,23500,4,40,1,LPI,Implement a Leading Pedestrian Interval (LPI),,LPI-02320,Potential Location,0.870000005,1,5408.8083328125,0.0784884806585577,0.0288507885525749,0.116872573254592,0.187046292491787,0.635828372312088,110236.946363523,,68912.1293650977,9.76446874676897,0.976446874676898,165.308202467577,894120.382988885,5408.8083328125,888711.574656073,7,10,10340000 = 4.564|10A12817 = 1.769,E DR MARTIN LUTHER KING JR BLVD|N 26TH ST,11750,10340000,10A12817,N,,,10,2.21929151247851,On-System / Off-System,10340000,669,LPI-02320,1,4.564,4.554,4.574,E DR MARTIN LUTHER KING JR BLVD,On Corridor,"445362-2, 443445-3, 438702-1",7,105,0.02,100,0.3,0.6,Verified Match,"445362-2, 443445-3, 438702-1",7
34773,83921,17020000,URBAN GENERAL,215,URBAN PRIN ART OTHER,DIVIDED,US   41,SR   45,1,SARASOTA,58500,6,40,1,LPI,Implement a Leading Pedestrian Interval (LPI),,LPI-01964,Potential Location,0.870000005,1,5408.8083328125,0.0596164209658696,0.0289565473262795,0.123297597906685,0.238310836016814,0.866470481992582,156103.916225683,,90726.8206507909,12.6299710533895,1.26299710533895,234.089011358498,1266142.59525568,5408.8083328125,1260733.78692287,1,17,17020000 = 16.653|17A02285 = .501,S TAMIAMI TRL|WALDEMERE ST,28500,17020000,17A02285,Y,-82.52972001,27.31915941,10,2.22742680307638,On-System / Off-System,17020000,670,LPI-01964,1,16.653,16.642999999999997,16.663,S TAMIAMI TRL,On Corridor,"452784-1, 456052-1, 453537-1, 413659-1",6,106,0.02,100,0,1.1,Verified Match,"452784-1, 456052-1, 453537-1, 413659-1",6
115713,271091,93050000,URBAN GENERAL,MIAMI,URBAN MINOR ART,DIVIDED,,SR   80,4,PALM BEACH,15100,4,35,1,LPI,Implement a Leading Pedestrian Interval (LPI),,LPI-01915,Potential Location,0.870000005,1,5408.8083328125,0.0606541997959851,0.0294606113294785,0.125443913214424,0.242459255807847,0.88155365385301,158574.594103475,,89174.5064810917,12.8498285418436,1.28498285418436,237.793969925722,1286182.00602681,5408.8083328125,1280773.197694,4,93,93050000 = 5.834|93120000 = 20.884,S DIXIE HWY|SOUTHERN BLVD,42600,93120000,93050000,Y,-80.05473749,26.67567995,10,2.26620095865992,On-System / On-System,93120000,671,LPI-01915,1,5.834,5.824,5.843999999999999,S DIXIE HWY,Off Corridor,,0,0,0,0,89,4.3,No Match - Angle Mismatch,,0
115713,271091,93120000,URBAN GENERAL,MIAMI,URBAN MINOR ART,DIVIDED,,SR   80,4,PALM BEACH,15100,4,35,1,LPI,Implement a Leading Pedestrian Interval (LPI),,LPI-01915,Potential Location,0.870000005,1,5408.8083328125,0.0606541997959851,0.0294606113294785,0.125443913214424,0.242459255807847,0.88155365385301,158574.594103475,,89174.5064810917,12.8498285418436,1.28498285418436,237.793969925722,1286182.00602681,5408.8083328125,1280773.197694,4,93,93050000 = 5.834|93120000 = 20.884,S DIXIE HWY|SOUTHERN BLVD,42600,93120000,93050000,Y,-80.05473749,26.67567995,10,2.26620095865992,On-System / On-System,93120000,671,LPI-01915,2,20.884,20.874,20.894000000000002,SOUTHERN BLVD,On Corridor,233752-1,3,105,0.02,100,0,0.4,Verified Match,233752-1,3
114861,249174,92010000,URBAN GENERAL,KISSIMMEE,URBAN PRIN ART OTHER,DIVIDED,US   17,SR  500,5,OSCEOLA,40000,4,45,1,LPI,Implement a Leading Pedestrian Interval (LPI),,LPI-02113,Potential Location,0.870000005,1,5408.8083328125,0.0611964621877742,0.0297239959197761,0.126565410433806,0.244626896901259,0.889434944751855,159992.287172789,,88384.3303917831,12.9647089422547,1.29647089422547,239.919902298397,1297680.76675913,5408.8083328125,1292271.95842632,5,92,92010000 = 13.255|92502001 = .754,E CARROLL ST|N ORANGE BLOSSOM TRL|W CARROLL ST,27350,92010000,92502001,Y,-81.4037123,28.32624,10,2.28646131253898,On-System / On-System,92010000,672,LPI-02113,1,13.255,13.245000000000001,13.265,E CARROLL ST,On Corridor,452879-1,2,106,0.02,100,0,1.5,Verified Match,452879-1,2
114861,249174,92502001,URBAN GENERAL,KISSIMMEE,URBAN PRIN ART OTHER,DIVIDED,US   17,SR  500,5,OSCEOLA,40000,4,45,1,LPI,Implement a Leading Pedestrian Interval (LPI),,LPI-02113,Potential Location,0.870000005,1,5408.8083328125,0.0611964621877742,0.0297239959197761,0.126565410433806,0.244626896901259,0.889434944751855,159992.287172789,,88384.3303917831,12.9647089422547,1.29647089422547,239.919902298397,1297680.76675913,5408.8083328125,1292271.95842632,5,92,92010000 = 13.255|92502001 = .754,E CARROLL ST|N ORANGE BLOSSOM TRL|W CARROLL ST,27350,92010000,92502001,Y,-81.4037123,28.32624,10,2.28646131253898,On-System / On-System,92010000,672,LPI-02113,2,0.754,0.744,0.764,N ORANGE BLOSSOM TRL,Off Corridor,,0,0,0,0,89.9,3.1,No Match - Angle Mismatch,,0
67088,139346,72017000,URBAN GENERAL,JACKSONVILLE,URBAN PRIN ART OTHER,DIVIDED,US   17,SR   15,2,DUVAL,39500,6,45,1,LPI,Implement a Leading Pedestrian Interval (LPI),,LPI-01843,Potential Location,0.870000005,1,5408.8083328125,0.062402248851141,0.030309663727697,0.129059196487587,0.249446911641314,0.906959957734196,163144.700878054,,86676.4969595099,13.2201595447591,1.32201595447591,244.647172603337,1323249.66577595,5408.8083328125,1317840.85744313,2,72,72017000 = 2.096|72030000 = 6.964,ROOSEVELT BLVD|SAN JUAN AVE,52150,72030000,72017000,Y,-81.72023012,30.28219,10,2.3315126841118,On-System / On-System,72030000,673,LPI-01843,1,2.096,2.0860000000000003,2.106,ROOSEVELT BLVD,On Corridor,209138-4,3,105,0.02,100,0,0.8,Verified Match,209138-4,3
67088,139346,72030000,URBAN GENERAL,JACKSONVILLE,URBAN PRIN ART OTHER,DIVIDED,US   17,SR   15,2,DUVAL,39500,6,45,1,LPI,Implement a Leading Pedestrian Interval (LPI),,LPI-01843,Potential Location,0.870000005,1,5408.8083328125,0.062402248851141,0.030309663727697,0.129059196487587,0.249446911641314,0.906959957734196,163144.700878054,,86676.4969595099,13.2201595447591,1.32201595447591,244.647172603337,1323249.66577595,5408.8083328125,1317840.85744313,2,72,72017000 = 2.096|72030000 = 6.964,ROOSEVELT BLVD|SAN JUAN AVE,52150,72030000,72017000,Y,-81.72023012,30.28219,10,2.3315126841118,On-System / On-System,72030000,673,LPI-01843,2,6.964,6.954000000000001,6.974,SAN JUAN AVE,Off Corridor,,0,0,0,0,89.8,2.4,No Match - Angle Mismatch,,0
19554,61491,15061000,URBAN GENERAL,TAMPA-ST PETERSBURG,URBAN PRIN ART OTHER,DIVIDED,,SR  694,7,PINELLAS,51000,6,45,1,LPI,Implement a Leading Pedestrian Interval (LPI),,LPI-01739,Potential Location,0.870000005,1,5408.8083328125,0.0625704603577927,0.0303913664594993,0.129407088467253,0.250119320754917,0.909404759063828,163838.985025404,,86443.4799086287,13.2557958078128,1.32557958078128,245.688301446127,1328880.93213636,5408.8083328125,1323472.12380355,7,15,15061000 = 1.191|15A04429 = .376,52ND ST N|PARK BLVD N,23500,15061000,15A04429,Y,-82.70397,27.83922018,10,2.33779750987677,On-System / Off-System,15061000,674,LPI-01739,1,1.191,1.181,1.201,52ND ST N,Off Corridor,,0,0,0,0,,,Unmatched,,0
106328,227569,87038000,URBAN GENERAL,MIAMI,URBAN PRIN ART OTHER,DIVIDED,,SR  932,6,MIAMI-DADE,46000,4,40,1,LPI,Implement a Leading Pedestrian Interval (LPI),,LPI-01758,Potential Location,0.870000005,1,5408.8083328125,0.0628332454952073,0.030519004954815,0.129950575910542,0.251169778745777,0.913224102140569,164271.500310289,,86081.9505690672,13.3114678630122,1.33114678630122,246.336889116982,1332389.01853504,5408.8083328125,1326980.21020223,6,87,87038000 = 4.886|87A13209 = .505,E 10TH AVE|E 49TH ST,17750,87038000,87A13209,Y,-80.26296,25.8673998,10,2.34761585604791,On-System / Off-System,87038000,675,LPI-01758,1,4.886,4.876,4.896,E 10TH AVE,Off Corridor,,0,0,0,0,,,Unmatched,,0
103501,226485,87066000,URBAN GENERAL,MIAMI,URBAN MINOR ART,NOT DIVIDED,,SR  922,6,MIAMI-DADE,32500,4,35,1,LPI,Implement a Leading Pedestrian Interval (LPI),,LPI-01638,Potential Location,0.870000005,1,5408.8083328125,0.0629803358947182,0.0305904488631489,0.13025478560044,0.251757758290835,0.915361927378916,150632.950423491,,85880.9064126649,13.3426295372281,1.33426295372281,225.884905998579,1221768.16182168,5408.8083328125,1216359.35348887,6,87,87066000 = 1.012|87A11457 = .375,NE 125TH ST|NE 2ND AVE,18500,87066000,87A11457,Y,-80.19457945,25.88991001,10,2.35311154151574,On-System / Off-System,87066000,676,LPI-01638,1,1.012,1.002,1.022,NE 125TH ST,Off Corridor,,0,0,0,0,,,Unmatched,,0
111388,267470,93020001,URBAN GENERAL,MIAMI,URBAN MINOR ART,DIVIDED,US    1,SR    5,4,PALM BEACH,25000,3,35,1,LPI,Implement a Leading Pedestrian Interval (LPI),,LPI-01116,Potential Location,0.870000005,1,5408.8083328125,0.0632934987348181,0.0307425565283402,0.130902463292465,0.25300959624126,0.919913464566277,144457.561982822,,85455.9858584194,13.4089743050182,1.34089743050182,216.624468401737,1171680.22978239,5408.8083328125,1166271.42144958,4,93,93020001 = 1.248|93280001 = .306,LAKEVIEW AVE|S DIXIE HWY,21950,93020001,93280001,Y,-80.05372485,26.70636028,10,2.36481213159587,On-System / On-System,93020001,677,LPI-01116,1,1.248,1.238,1.258,LAKEVIEW AVE,On Corridor,446179-1,2,106,0.02,100,1.8,0.8,Verified Match,446179-1,2
111388,267470,93280001,URBAN GENERAL,MIAMI,URBAN MINOR ART,DIVIDED,US    1,SR    5,4,PALM BEACH,25000,3,35,1,LPI,Implement a Leading Pedestrian Interval (LPI),,LPI-01116,Potential Location,0.870000005,1,5408.8083328125,0.0632934987348181,0.0307425565283402,0.130902463292465,0.25300959624126,0.919913464566277,144457.561982822,,85455.9858584194,13.4089743050182,1.34089743050182,216.624468401737,1171680.22978239,5408.8083328125,1166271.42144958,4,93,93020001 = 1.248|93280001 = .306,LAKEVIEW AVE|S DIXIE HWY,21950,93020001,93280001,Y,-80.05372485,26.70636028,10,2.36481213159587,On-System / On-System,93020001,677,LPI-01116,2,0.306,0.296,0.316,S DIXIE HWY,On Corridor,"446179-1, 448073-1",3,106,0.02,100,1.9,0.4,Verified Match,"446179-1, 448073-1",3
78309,201361,86028000,URBAN GENERAL,MIAMI,URBAN PRIN ART OTHER,DIVIDED,,SR  834,4,BROWARD,31000,6,45,1,LPI,Implement a Leading Pedestrian Interval (LPI),,LPI-01441,Potential Location,0.870000005,1,5408.8083328125,0.0634895607190605,0.0308377866349723,0.131307955123512,0.253793334926323,0.922763047269073,166245.623389027,,85192.0894010642,13.4505108002579,1.34505108002579,249.297228171729,1348400.92508231,5408.8083328125,1342992.11674949,4,86,86028000 = .644|86A11838 = .321,NW 85TH AVE|W SAMPLE RD,18500,86028000,86A11838,Y,-80.23978499,26.27225488,10,2.37213752469546,On-System / Off-System,86028000,678,LPI-01441,1,0.644,0.634,0.654,NW 85TH AVE,Off Corridor,,0,0,0,0,,,Unmatched,,0
103546,229006,87140000,URBAN GENERAL,MIAMI,URBAN MINOR ART,DIVIDED,US  441,SR    7,6,MIAMI-DADE,25500,4,35,1,LPI,Implement a Leading Pedestrian Interval (LPI),,LPI-02529,Potential Location,0.870000005,1,5408.8083328125,0.0655838870425947,0.0318550308492603,0.135639402747184,0.262165200411826,0.95320217644862,171462.789097681,,82471.6035708535,13.8942019916115,1.38942019916115,257.120742099891,1390716.81240882,5408.8083328125,1385308.00407601,6,87,87140000 = 10.201|87A11529 = .546,NW 151ST ST|NW 7TH AVE,13500,87140000,87A11529,Y,-80.2116854,25.91305,10,2.45038708265029,On-System / Off-System,87140000,679,LPI-02529,1,10.201,10.191,10.211,NW 151ST ST,Off Corridor,,0,0,0,0,,,Unmatched,,0
66049,146631,72017000,URBAN GENERAL,JACKSONVILLE,URBAN MINOR ART,DIVIDED,,SR  111,2,DUVAL,7600,3,35,1,LPI,Implement a Leading Pedestrian Interval (LPI),,LPI-02517,Potential Location,0.870000005,1,5408.8083328125,0.0656745491916992,0.0318990667502539,0.13582690855556,0.262527613522143,0.954519868365718,171699.816600198,,82357.7534887158,13.9134091211284,1.39134091211284,257.47618182921,1392639.31777858,5408.8083328125,1387230.50944576,2,72,72017000 = 1.491|72291000 = .415,CASSAT AVE|SAN JUAN AVE,26500,72291000,72017000,Y,-81.73034,30.28214679,10,2.45377445978008,On-System / On-System,72291000,680,LPI-02517,1,1.491,1.481,1.5010000000000001,CASSAT AVE,On Corridor,209138-4,3,105,0.02,100,0,0.8,Verified Match,209138-4,3
66049,146631,72291000,URBAN GENERAL,JACKSONVILLE,URBAN MINOR ART,DIVIDED,,SR  111,2,DUVAL,7600,3,35,1,LPI,Implement a Leading Pedestrian Interval (LPI),,LPI-02517,Potential Location,0.870000005,1,5408.8083328125,0.0656745491916992,0.0318990667502539,0.13582690855556,0.262527613522143,0.954519868365718,171699.816600198,,82357.7534887158,13.9134091211284,1.39134091211284,257.47618182921,1392639.31777858,5408.8083328125,1387230.50944576,2,72,72017000 = 1.491|72291000 = .415,CASSAT AVE|SAN JUAN AVE,26500,72291000,72017000,Y,-81.73034,30.28214679,10,2.45377445978008,On-System / On-System,72291000,680,LPI-02517,2,0.415,0.40499999999999997,0.425,SAN JUAN AVE,On Corridor,445146-1,5,106,0.02,100,0,0.8,Verified Match,445146-1,5
46439,102789,48020000,URBAN GENERAL,PENSACOLA,URBAN PRIN ART OTHER,DIVIDED,US   90,SR   10A,3,ESCAMBIA,15900,4,35,1,LPI,Implement a Leading Pedestrian Interval (LPI),,LPI-02379,Potential Location,0.870000005,1,5408.8083328125,0.0661206659811314,0.0321157520479781,0.136749559188249,0.264310921934964,0.961003770339399,172866.146203835,,81802.0849087634,14.007920701087,1.4007920701087,259.225176668255,1402099.29563805,5408.8083328125,1396690.48730524,3,48,48020000 = 13.532|48050000 = 21.03,N PACE BLVD|W CERVANTES ST,27100,48020000,48050000,Y,-87.24126115,30.42068006,10,2.47044256024611,On-System / On-System,48020000,681,LPI-02379,1,13.532,13.522,13.542,N PACE BLVD,On Corridor,"457655-2, 456593-2",4,106,0.02,100,0,1.5,Verified Match,"457655-2, 456593-2",4
46439,102789,48050000,URBAN GENERAL,PENSACOLA,URBAN PRIN ART OTHER,DIVIDED,US   90,SR   10A,3,ESCAMBIA,15900,4,35,1,LPI,Implement a Leading Pedestrian Interval (LPI),,LPI-02379,Potential Location,0.870000005,1,5408.8083328125,0.0661206659811314,0.0321157520479781,0.136749559188249,0.264310921934964,0.961003770339399,172866.146203835,,81802.0849087634,14.007920701087,1.4007920701087,259.225176668255,1402099.29563805,5408.8083328125,1396690.48730524,3,48,48020000 = 13.532|48050000 = 21.03,N PACE BLVD|W CERVANTES ST,27100,48020000,48050000,Y,-87.24126115,30.42068006,10,2.47044256024611,On-System / On-System,48020000,681,LPI-02379,2,21.03,21.02,21.040000000000003,W CERVANTES ST,Off Corridor,,0,0,0,0,89.5,27.5,No Match - Angle Mismatch,,0
95847,212411,86230000,URBAN GENERAL,MIAMI,URBAN PRIN ART OTHER,DIVIDED,,SR  822,4,BROWARD,41500,6,40,1,LPI,Implement a Leading Pedestrian Interval (LPI),,LPI-00097,Potential Location,0.870000005,1,5408.8083328125,0.0767436662366562,0.0323762341935893,0.128425728967904,0.232329458333627,0.755505420506332,142917.752763647,,70478.8889826196,11.5631120862512,1.15631120862512,214.31541410949,1159190.99768557,5408.8083328125,1153782.18935276,4,86,86230000 = .759|86A01244 = .504,N 52ND AVE|SHERIDAN ST,21500,86230000,86A01244,Y,-80.19621,26.03253215,10,2.4904796491407,On-System / Off-System,86230000,682,LPI-00097,1,0.759,0.749,0.769,N 52ND AVE,Off Corridor,,0,0,0,0,,,Unmatched,,0
65934,138362,72080101,URBAN GENERAL,JACKSONVILLE,URBAN PRIN ART OTHER,1WAY,US   17,SR  139,2,DUVAL,28500,4,35,1,LPI,Implement a Leading Pedestrian Interval (LPI),,LPI-01833,Potential Location,0.870000005,1,5408.8083328125,0.0669474673844847,0.0325173413010354,0.138459534817912,0.267615980012265,0.9730205770995,225642.903275834,,80791.8289387898,14.1830817996916,1.41830817996916,338.367706749504,1830166.07182137,5408.8083328125,1824757.26348856,2,72,72080101 = .337|72A00997 = .417,N DAVIS ST|UNION ST W,13750,72080101,72A00997,Y,-81.66730934,30.33463986,10,2.50133404243865,On-System / Off-System,72080101,683,LPI-01833,1,0.337,0.327,0.34700000000000003,N DAVIS ST,On Corridor,"442778-1, 441298-4, 441298-3",8,105,0.02,100,0.1,0.5,Verified Match,"442778-1, 441298-4, 441298-3",8
37712,90192,29002000,URBAN GENERAL,LAKE CITY,URBAN PRIN ART OTHER,DIVIDED,,SR   10A,2,COLUMBIA,17200,4,45,0,LPI,Implement a Leading Pedestrian Interval (LPI),,LPI-00537,Potential Location,0.870000005,1,5408.8083328125,0.0670665976728469,0.0325752045839542,0.138705917914297,0.268092191736393,0.974752027540582,175339.193982355,,80648.3185444541,14.2083200154251,1.42083200154251,262.933689071488,1422157.928427,5408.8083328125,1416749.12009418,2,29,29002000 = .821|29030000 = 23.54,S 1ST ST|SR-10A|SW BAYA DR,27600,29002000,29030000,Y,-82.63932026,30.18344507,10,2.50578506437283,On-System / On-System,29002000,684,LPI-00537,1,0.821,0.8109999999999999,0.831,S 1ST ST,Off Corridor,,0,0,0,0,,,Unmatched,,0
37712,90192,29030000,URBAN GENERAL,LAKE CITY,URBAN PRIN ART OTHER,DIVIDED,,SR   10A,2,COLUMBIA,17200,4,45,0,LPI,Implement a Leading Pedestrian Interval (LPI),,LPI-00537,Potential Location,0.870000005,1,5408.8083328125,0.0670665976728469,0.0325752045839542,0.138705917914297,0.268092191736393,0.974752027540582,175339.193982355,,80648.3185444541,14.2083200154251,1.42083200154251,262.933689071488,1422157.928427,5408.8083328125,1416749.12009418,2,29,29002000 = .821|29030000 = 23.54,S 1ST ST|SR-10A|SW BAYA DR,27600,29002000,29030000,Y,-82.63932026,30.18344507,10,2.50578506437283,On-System / On-System,29002000,684,LPI-00537,2,23.54,23.529999999999998,23.55,SR-10A,Off Corridor,,0,0,0,0,,,Unmatched,,0
12727,21492,10030101,URBAN GENERAL,TAMPA-ST PETERSBURG,URBAN PRIN ART OTHER,1WAY,US   92,SR  600,7,HILLSBOROUGH,14000,2,45,1,LPI,Implement a Leading Pedestrian Interval (LPI),,LPI-01150,Potential Location,0.870000005,1,5408.8083328125,0.0673298023198968,0.0327030468410927,0.139250272979786,0.269144326676159,0.9785774678085,226931.542984259,,80333.0493547897,14.2640809453753,1.42640809453753,340.300114357436,1840618.09419355,5408.8083328125,1835209.28586074,7,10,10030101 = 1.534|10091000 = 2.798,N ALEXANDER ST|W BAKER ST,13250,10030101,10091000,Y,-82.13797005,28.01788811,10,2.51561908453094,On-System / On-System,10030101,685,LPI-01150,1,1.534,1.524,1.544,N ALEXANDER ST,On Corridor,446025-1,2,105,0.02,100,0.1,0.3,Verified Match,446025-1,2
12727,21492,10091000,URBAN GENERAL,TAMPA-ST PETERSBURG,URBAN PRIN ART OTHER,1WAY,US   92,SR  600,7,HILLSBOROUGH,14000,2,45,1,LPI,Implement a Leading Pedestrian Interval (LPI),,LPI-01150,Potential Location,0.870000005,1,5408.8083328125,0.0673298023198968,0.0327030468410927,0.139250272979786,0.269144326676159,0.9785774678085,226931.542984259,,80333.0493547897,14.2640809453753,1.42640809453753,340.300114357436,1840618.09419355,5408.8083328125,1835209.28586074,7,10,10030101 = 1.534|10091000 = 2.798,N ALEXANDER ST|W BAKER ST,13250,10030101,10091000,Y,-82.13797005,28.01788811,10,2.51561908453094,On-System / On-System,10030101,685,LPI-01150,2,2.798,2.7880000000000003,2.808,W BAKER ST,On Corridor,440338-2,3,106,0.02,100,0,1.9,Verified Match,440338-2,3
95027,198968,86014000,URBAN GENERAL,MIAMI,URBAN PRIN ART OTHER,DIVIDED,US    1,SR    5,4,BROWARD,50500,6,45,1,LPI,Implement a Leading Pedestrian Interval (LPI),,LPI-02039,Potential Location,0.870000005,1,5408.8083328125,0.0675575873668212,0.032813685292456,0.139721373872289,0.270054875214384,0.981888116388231,176897.636387081,,80062.1890690677,14.3123380950404,1.43123380950404,265.270685161029,1434798.29234985,5408.8083328125,1429389.48401704,4,86,86014000 = 8.761|86020000 = 5.747,E COMMERCIAL BLVD|N FEDERAL HWY,80250,86020000,86014000,Y,-80.11488277,26.18966306,10,2.52412973496314,On-System / On-System,86020000,686,LPI-02039,1,8.761,8.751,8.770999999999999,E COMMERCIAL BLVD,On Corridor,"441944-1, 444120-1, 446182-1, 457345-1",6,105,0.02,100,0.4,0.4,Verified Match,"441944-1, 444120-1, 446182-1, 457345-1",6
95027,198968,86020000,URBAN GENERAL,MIAMI,URBAN PRIN ART OTHER,DIVIDED,US    1,SR    5,4,BROWARD,50500,6,45,1,LPI,Implement a Leading Pedestrian Interval (LPI),,LPI-02039,Potential Location,0.870000005,1,5408.8083328125,0.0675575873668212,0.032813685292456,0.139721373872289,0.270054875214384,0.981888116388231,176897.636387081,,80062.1890690677,14.3123380950404,1.43123380950404,265.270685161029,1434798.29234985,5408.8083328125,1429389.48401704,4,86,86014000 = 8.761|86020000 = 5.747,E COMMERCIAL BLVD|N FEDERAL HWY,80250,86020000,86014000,Y,-80.11488277,26.18966306,10,2.52412973496314,On-System / On-System,86020000,686,LPI-02039,2,5.747,5.737,5.757,N FEDERAL HWY,On Corridor,"444120-1, 457344-1, 457345-1",5,106,0.02,100,0.7,0.7,Verified Match,"444120-1, 457344-1, 457345-1",5
103021,237637,87008000,URBAN GENERAL,MIAMI,URBAN PRIN ART OTHER,DIVIDED,,SR    9,6,MIAMI-DADE,47500,6,45,1,LPI,Implement a Leading Pedestrian Interval (LPI),,LPI-00111,Potential Location,0.870000005,1,5408.8083328125,0.0680866386936506,0.0330706530797731,0.140815548207323,0.272169706362411,0.989577396467944,229482.420012927,,79440.0845244972,14.4244196798682,1.44244196798682,344.125337299791,1861307.99191902,5408.8083328125,1855899.18358621,6,87,87008000 = 5.08|87240000 = 10.858,NW 135TH ST|NW 27TH AVE,30000,87240000,87008000,Y,-80.24361008,25.89726499,10,2.54389648859395,On-System / On-System,87240000,687,LPI-00111,1,5.08,5.07,5.09,NW 135TH ST,Off Corridor,,0,0,0,0,90,22.1,No Match - Angle Mismatch,,0
103021,237637,87240000,URBAN GENERAL,MIAMI,URBAN PRIN ART OTHER,DIVIDED,,SR    9,6,MIAMI-DADE,47500,6,45,1,LPI,Implement a Leading Pedestrian Interval (LPI),,LPI-00111,Potential Location,0.870000005,1,5408.8083328125,0.0680866386936506,0.0330706530797731,0.140815548207323,0.272169706362411,0.989577396467944,229482.420012927,,79440.0845244972,14.4244196798682,1.44244196798682,344.125337299791,1861307.99191902,5408.8083328125,1855899.18358621,6,87,87008000 = 5.08|87240000 = 10.858,NW 135TH ST|NW 27TH AVE,30000,87240000,87008000,Y,-80.24361008,25.89726499,10,2.54389648859395,On-System / On-System,87240000,687,LPI-00111,2,10.858,10.848,10.868,NW 27TH AVE,On Corridor,438076-1,4,106,0.02,100,0,0.3,Verified Match,438076-1,4
45117,99161,46020000,URBAN GENERAL,PANAMA CITY,URBAN PRIN ART OTHER,DIVIDED,US   98,SR   30,3,BAY,42500,4,45,1,LPI,Implement a Leading Pedestrian Interval (LPI),,LPI-00971,Potential Location,0.870000005,1,5408.8083328125,0.0682497352532156,0.0331498714087047,0.141152861546423,0.272821668973244,0.991947856691622,178432.393830125,,79250.2463598592,14.4589723214532,1.44589723214532,267.572163952873,1447246.55001697,5408.8083328125,1441837.74168416,3,46,46020000 = 2.446|46510000 = .629,MICHIGAN AVE|W 18TH ST,41000,46020000,46510000,Y,-85.70869292,30.18073,10,2.54999020643845,On-System / On-System,46020000,688,LPI-00971,1,2.446,2.4360000000000004,2.456,MICHIGAN AVE,On Corridor,447594-1,1,105,0.02,100,0,1.2,Verified Match,447594-1,1
45117,99161,46510000,URBAN GENERAL,PANAMA CITY,URBAN PRIN ART OTHER,DIVIDED,US   98,SR   30,3,BAY,42500,4,45,1,LPI,Implement a Leading Pedestrian Interval (LPI),,LPI-00971,Potential Location,0.870000005,1,5408.8083328125,0.0682497352532156,0.0331498714087047,0.141152861546423,0.272821668973244,0.991947856691622,178432.393830125,,79250.2463598592,14.4589723214532,1.44589723214532,267.572163952873,1447246.55001697,5408.8083328125,1441837.74168416,3,46,46020000 = 2.446|46510000 = .629,MICHIGAN AVE|W 18TH ST,41000,46020000,46510000,Y,-85.70869292,30.18073,10,2.54999020643845,On-System / On-System,46020000,688,LPI-00971,2,0.629,0.619,0.639,W 18TH ST,Off Corridor,,0,0,0,0,88.4,12.8,No Match - Angle Mismatch,,0
88869,196707,86006000,URBAN GENERAL,MIAMI,URBAN PRIN ART OTHER,DIVIDED,,SR  842,4,BROWARD,44500,6,40,1,LPI,Implement a Leading Pedestrian Interval (LPI),,LPI-00846,Potential Location,0.870000005,1,5408.8083328125,0.0683822589915754,0.0332142400816224,0.141426944732576,0.273351419709181,0.993873968752557,179057.015768443,,79096.6606335549,14.4870479917509,1.44870479917509,268.508829320079,1452312.79346017,5408.8083328125,1446903.98512736,4,86,86006000 = 4.885|86A06179 = .818,SW 24TH AVE|W BROWARD BLVD,21000,86006000,86A06179,Y,-80.17393,26.12163225,10,2.55494164300717,On-System / Off-System,86006000,689,LPI-00846,1,4.885,4.875,4.895,SW 24TH AVE,On Corridor,"446999-1, 435513-1",7,105,0.02,100,0,0.3,Verified Match,"446999-1, 435513-1",7
101611,226192,87026000,URBAN GENERAL,MIAMI,URBAN MINOR ART,DIVIDED,,SR  860,6,MIAMI-DADE,38500,6,40,1,LPI,Implement a Leading Pedestrian Interval (LPI),,LPI-01062,Potential Location,0.870000005,1,5408.8083328125,0.068652304815713,0.0333454051962035,0.141985448596134,0.274430901588006,0.997798839310192,179764.123139622,,78785.5316341039,14.5442582517211,1.45442582517211,269.569187506124,1458048.06765262,5408.8083328125,1452639.25931981,6,87,87026000 = 9.206|87550504 = 1.588,NE 186TH ST|NE MIAMI GARDENS DR|W DIXIE HWY,29750,87026000,87550504,Y,-80.14868506,25.94748088,10,2.56503126759378,On-System / On-System,87026000,690,LPI-01062,1,9.206,9.196,9.216,NE 186TH ST,On Corridor,449271-1,1,105,0.02,100,0.5,0.4,Verified Match,449271-1,1
101611,226192,87550504,URBAN GENERAL,MIAMI,URBAN MINOR ART,DIVIDED,,SR  860,6,MIAMI-DADE,38500,6,40,1,LPI,Implement a Leading Pedestrian Interval (LPI),,LPI-01062,Potential Location,0.870000005,1,5408.8083328125,0.068652304815713,0.0333454051962035,0.141985448596134,0.274430901588006,0.997798839310192,179764.123139622,,78785.5316341039,14.5442582517211,1.45442582517211,269.569187506124,1458048.06765262,5408.8083328125,1452639.25931981,6,87,87026000 = 9.206|87550504 = 1.588,NE 186TH ST|NE MIAMI GARDENS DR|W DIXIE HWY,29750,87026000,87550504,Y,-80.14868506,25.94748088,10,2.56503126759378,On-System / On-System,87026000,690,LPI-01062,2,1.588,1.578,1.598,NE MIAMI GARDENS DR,Off Corridor,,0,0,0,0,88.5,19.6,No Match - Angle Mismatch,,0
85825,180063,79070000,URBAN GENERAL,DELTONA,URBAN PRIN ART OTHER,DIVIDED,,SR   15A,5,VOLUSIA,25000,4,45,1,LPI,Implement a Leading Pedestrian Interval (LPI),,LPI-00824,Potential Location,0.870000005,1,5408.8083328125,0.0692567546248206,0.0336389951034843,0.143235560701333,0.276847130824932,1.00658396778574,158067.765630414,,78097.9178437285,14.6723132987798,1.46723132987798,237.03394430269,1282071.17310381,5408.8083328125,1276662.36477099,5,79,79070000 = 3.866|79160000 = 2.76,N SPRING GARDEN AVE|S SPRING GARDEN AVE|W NEW YORK AVE,37350,79160000,79070000,Y,-81.32418322,29.02793988,10,2.58761510748399,On-System / On-System,79160000,691,LPI-00824,1,3.866,3.8560000000000003,3.876,N SPRING GARDEN AVE,On Corridor,454209-1,1,105,0.02,100,0,0.1,Verified Match,454209-1,1
85825,180063,79160000,URBAN GENERAL,DELTONA,URBAN PRIN ART OTHER,DIVIDED,,SR   15A,5,VOLUSIA,25000,4,45,1,LPI,Implement a Leading Pedestrian Interval (LPI),,LPI-00824,Potential Location,0.870000005,1,5408.8083328125,0.0692567546248206,0.0336389951034843,0.143235560701333,0.276847130824932,1.00658396778574,158067.765630414,,78097.9178437285,14.6723132987798,1.46723132987798,237.03394430269,1282071.17310381,5408.8083328125,1276662.36477099,5,79,79070000 = 3.866|79160000 = 2.76,N SPRING GARDEN AVE|S SPRING GARDEN AVE|W NEW YORK AVE,37350,79160000,79070000,Y,-81.32418322,29.02793988,10,2.58761510748399,On-System / On-System,79160000,691,LPI-00824,2,2.76,2.75,2.7699999999999996,S SPRING GARDEN AVE,On Corridor,440787-1,3,106,0.02,100,0.1,0.9,Verified Match,440787-1,3
64785,138646,72100000,URBAN GENERAL,JACKSONVILLE,URBAN PRIN ART OTHER,DIVIDED,USA  90,SR   10,2,DUVAL,35000,4,40,1,LPI,Implement a Leading Pedestrian Interval (LPI),,LPI-01839,Potential Location,0.870000005,1,5408.8083328125,0.0696075216418065,0.0338093676545917,0.143961010668282,0.278249287809715,1.01168204749853,181982.196253934,,77704.3659253622,14.746624657953,1.4746624657953,272.895347124692,1476038.62751379,5408.8083328125,1470629.81918098,2,72,72100000 = 4.864|72A07502 = .771,ACME ST|ATLANTIC BLVD|CENTURY TWENTY ONE DR,15750,72100000,72A07502,Y,-81.57239997,30.31380974,10,2.60072068884246,On-System / Off-System,72100000,692,LPI-01839,1,4.864,4.854,4.874,ACME ST,On Corridor,"208819-3, 447211-2",3,106,0.02,100,0,0.8,Verified Match,"208819-3, 447211-2",3
111839,204455,86220000,URBAN GENERAL,MIAMI,URBAN PRIN ART OTHER,DIVIDED,,SR  817,4,BROWARD,48500,6,45,1,LPI,Implement a Leading Pedestrian Interval (LPI),,LPI-01560,Potential Location,0.870000005,1,5408.8083328125,0.0816960995072723,0.0344655419796305,0.136713316519201,0.247322176242719,0.804259804602452,152140.54167193,,66206.4451722206,12.3093044929473,1.23093044929473,228.145647134437,1233996.07731564,5408.8083328125,1228587.26898283,4,86,86220000 = 9.924,FEDERATED RD|S UNIVERSITY DR,26750,86220000,86A34885,Y,-80.25068035,26.115,10,2.65119563886372,On-System / Off-System,86220000,693,LPI-01560,1,9.924,9.914,9.934,FEDERATED RD,On Corridor,"446998-1, 449243-3",2,106,0.02,100,0.7,0.5,Verified Match,"446998-1, 449243-3",2
64022,121786,57030000,URBAN GENERAL,1460,URBAN PRIN ART OTHER,DIVIDED,US   98,SR   30,3,OKALOOSA,46500,4,35,1,LPI,Implement a Leading Pedestrian Interval (LPI),,LPI-00781,Potential Location,0.870000005,1,5408.8083328125,0.0827060281490989,0.0348916056254011,0.138403368980758,0.250379577404499,0.814202078677184,153782.045497641,,65397.9940018608,12.4614723350275,1.24614723350275,230.607199778294,1247310.1437674,5408.8083328125,1241901.33543458,3,57,57030000 = 19.291|57600001 = .005,HARBOR BLVD|MAIN ST,52400,57030000,57600001,Y,-86.48358128,30.38958052,10,2.683969766722,On-System / On-System,57030000,694,LPI-00781,1,19.291,19.281,19.301000000000002,HARBOR BLVD,On Corridor,414132-7,1,105,0.02,100,0,1.6,Verified Match,414132-7,1
64022,121786,57600001,URBAN GENERAL,1460,URBAN PRIN ART OTHER,DIVIDED,US   98,SR   30,3,OKALOOSA,46500,4,35,1,LPI,Implement a Leading Pedestrian Interval (LPI),,LPI-00781,Potential Location,0.870000005,1,5408.8083328125,0.0827060281490989,0.0348916056254011,0.138403368980758,0.250379577404499,0.814202078677184,153782.045497641,,65397.9940018608,12.4614723350275,1.24614723350275,230.607199778294,1247310.1437674,5408.8083328125,1241901.33543458,3,57,57030000 = 19.291|57600001 = .005,HARBOR BLVD|MAIN ST,52400,57030000,57600001,Y,-86.48358128,30.38958052,10,2.683969766722,On-System / On-System,57030000,694,LPI-00781,2,0.005,0,0.015,MAIN ST,Off Corridor,,0,0,0,0,88.8,67.5,No Match - Angle Mismatch,,0
95397,223370,87055000,URBAN GENERAL,MIAMI,URBAN MINOR ART,DIVIDED,,SR  986,6,MIAMI-DADE,37500,4,40,1,LPI,Implement a Leading Pedestrian Interval (LPI),,LPI-00434,Potential Location,0.870000005,1,5408.8083328125,0.0721834939924194,0.0350605542248894,0.149288589847958,0.288546486374892,1.04912146382164,188716.82916137,,74931.3732773939,15.2923544366862,1.52923544366862,282.994411884124,1530662.53313822,5408.8083328125,1525253.72480541,6,87,87055000 = 1.018|87077502 = 2.041,SW 117TH AVE|SW 72ND ST,44450,87055000,87077502,Y,-80.3821942,25.70078873,10,2.69696581333633,On-System / On-System,87055000,695,LPI-00434,1,1.018,1.008,1.028,SW 117TH AVE,Off Corridor,,0,0,0,0,,,Unmatched,,0
95397,223370,87077502,URBAN GENERAL,MIAMI,URBAN MINOR ART,DIVIDED,,SR  986,6,MIAMI-DADE,37500,4,40,1,LPI,Implement a Leading Pedestrian Interval (LPI),,LPI-00434,Potential Location,0.870000005,1,5408.8083328125,0.0721834939924194,0.0350605542248894,0.149288589847958,0.288546486374892,1.04912146382164,188716.82916137,,74931.3732773939,15.2923544366862,1.52923544366862,282.994411884124,1530662.53313822,5408.8083328125,1525253.72480541,6,87,87055000 = 1.018|87077502 = 2.041,SW 117TH AVE|SW 72ND ST,44450,87055000,87077502,Y,-80.3821942,25.70078873,10,2.69696581333633,On-System / On-System,87055000,695,LPI-00434,2,2.041,2.031,2.0509999999999997,SW 72ND ST,Off Corridor,,0,0,0,0,,,Unmatched,,0
98758,225757,87038000,URBAN GENERAL,MIAMI,URBAN PRIN ART OTHER,DIVIDED,,SR  932,6,MIAMI-DADE,47000,6,40,1,LPI,Implement a Leading Pedestrian Interval (LPI),,LPI-01057,Potential Location,0.870000005,1,5408.8083328125,0.0833214149596488,0.0351512219361018,0.139433180346537,0.252242564819249,0.82026027336448,155167.324771781,,64914.9841662182,12.5541938196233,1.25541938196233,232.684525341799,1258545.99958525,5408.8083328125,1253137.19125243,6,87,87038000 = 3.015,NW 103RD ST|W 49TH ST,22500,87038000,87A39238,Y,-80.29299,25.866655,10,2.70394025292861,On-System / Off-System,87038000,696,LPI-01057,1,3.015,3.0050000000000003,3.025,NW 103RD ST,On Corridor,451122-1,5,106,0.02,100,0,0.2,Verified Match,451122-1,5
98754,225757,87038000,URBAN GENERAL,MIAMI,URBAN PRIN ART OTHER,DIVIDED,,SR  932,6,MIAMI-DADE,47000,6,40,1,LPI,Implement a Leading Pedestrian Interval (LPI),,LPI-01058,Potential Location,0.870000005,1,5408.8083328125,0.0839567995611383,0.0354192748148552,0.140496456765592,0.254166092421415,0.826515336929613,156350.585148024,,64423.707919854,12.6499284088759,1.26499284088759,234.458909087907,1268143.3011768,5408.8083328125,1262734.49284399,6,87,87038000 = 2.897|87A26561 = .009,W 49TH ST|W 6TH AVE,22500,87038000,87A26561,Y,-80.29494554,25.86672,10,2.72455970593347,On-System / Off-System,87038000,697,LPI-01058,1,2.897,2.887,2.9069999999999996,W 49TH ST,On Corridor,"445993-1, 451122-1",7,106,0.02,100,0,0.2,Verified Match,"445993-1, 451122-1",7
116126,265826,93030000,URBAN GENERAL,MIAMI,URBAN PRIN ART OTHER,DIVIDED,,SR  806,4,PALM BEACH,45000,4,45,1,LPI,Implement a Leading Pedestrian Interval (LPI),,LPI-00235,Potential Location,0.870000005,1,5408.8083328125,0.0738659747969528,0.0357965877862156,0.159664145522644,0.211938527686641,0.684112566581009,135610.659042486,,73224.6253796901,10.9889842505621,1.09889842505621,203.357903327905,1099923.92206325,5408.8083328125,1094515.11373044,4,93,93030000 = 3.373,TUSCANY LN|W ATLANTIC AVE,22250,93030000,93A01007,Y,-80.15005967,26.45376,10,2.7535837817698,On-System / Off-System,93030000,698,LPI-00235,1,3.373,3.3630000000000004,3.383,TUSCANY LN,On Corridor,440575-5,5,106,0.02,100,0,0.5,Verified Match,440575-5,5
39361,86487,26070000,SUBURBAN COMMERCIAL,GAINESVILLE,URBAN MINOR ART,DIVIDED,,SR  121,2,ALACHUA,31000,4,35,1,LPI,Implement a Leading Pedestrian Interval (LPI),,LPI-00561,Potential Location,0.870000005,1,5408.8083328125,0.0740102999833127,0.0359478599918947,0.153066756783669,0.29584896538784,1.07567242816656,193492.838398753,,73081.8323129624,15.6793704032829,1.56793704032829,290.156380063075,1569400.24630387,5408.8083328125,1563991.43797106,2,26,26070000 = 17.49|26250000 = 3.34,NW 34TH ST|SW 34TH ST|W UNIVERSITY AVE,30600,26250000,26070000,Y,-82.37239933,29.65211504,10,2.76522010573114,On-System / On-System,26250000,699,LPI-00561,1,17.49,17.479999999999997,17.5,NW 34TH ST,On Corridor,"207817-5, 207712-6",3,106,0.02,100,6,0,Verified Match,"207817-5, 207712-6",3
39361,86487,26250000,SUBURBAN COMMERCIAL,GAINESVILLE,URBAN MINOR ART,DIVIDED,,SR  121,2,ALACHUA,31000,4,35,1,LPI,Implement a Leading Pedestrian Interval (LPI),,LPI-00561,Potential Location,0.870000005,1,5408.8083328125,0.0740102999833127,0.0359478599918947,0.153066756783669,0.29584896538784,1.07567242816656,193492.838398753,,73081.8323129624,15.6793704032829,1.56793704032829,290.156380063075,1569400.24630387,5408.8083328125,1563991.43797106,2,26,26070000 = 17.49|26250000 = 3.34,NW 34TH ST|SW 34TH ST|W UNIVERSITY AVE,30600,26250000,26070000,Y,-82.37239933,29.65211504,10,2.76522010573114,On-System / On-System,26250000,699,LPI-00561,2,3.34,3.33,3.3499999999999996,SW 34TH ST,On Corridor,207712-6,2,106,0.02,100,8.5,0.1,Verified Match,207712-6,2
25515,64290,15025000,URBAN GENERAL,TAMPA-ST PETERSBURG,URBAN MINOR ART,NOT DIVIDED,,SR  590,7,PINELLAS,27000,4,35,1,LPI,Implement a Leading Pedestrian Interval (LPI),,LPI-02207,Potential Location,0.870000005,1,5408.8083328125,0.074270439585963,0.036074213513182,0.15360477278006,0.296888848111161,1.07945332080053,177636.007892766,,72825.8559255217,15.7344819916353,1.57344819916353,266.377926157669,1440787.14667891,5408.8083328125,1435378.3383461,7,15,15025000 = .5|15050003 = .248,DREW ST|N MYRTLE AVE,25600,15050003,15025000,Y,-82.79593,27.9681661,10,2.77493960774245,On-System / On-System,15050003,700,LPI-02207,1,0.5,0.49,0.51,DREW ST,Off Corridor,,0,0,0,0,89.8,0.1,No Match - Angle Mismatch,,0
25515,64290,15050003,URBAN GENERAL,TAMPA-ST PETERSBURG,URBAN MINOR ART,NOT DIVIDED,,SR  590,7,PINELLAS,27000,4,35,1,LPI,Implement a Leading Pedestrian Interval (LPI),,LPI-02207,Potential Location,0.870000005,1,5408.8083328125,0.074270439585963,0.036074213513182,0.15360477278006,0.296888848111161,1.07945332080053,177636.007892766,,72825.8559255217,15.7344819916353,1.57344819916353,266.377926157669,1440787.14667891,5408.8083328125,1435378.3383461,7,15,15025000 = .5|15050003 = .248,DREW ST|N MYRTLE AVE,25600,15050003,15025000,Y,-82.79593,27.9681661,10,2.77493960774245,On-System / On-System,15050003,700,LPI-02207,2,0.248,0.238,0.258,N MYRTLE AVE,On Corridor,445681-1,1,105,0.02,100,0,0.7,Verified Match,445681-1,1
98337,203508,86100000,URBAN GENERAL,MIAMI,URBAN PRIN ART OTHER,DIVIDED,US  441,SR    7,4,BROWARD,54000,6,40,1,LPI,Implement a Leading Pedestrian Interval (LPI),,LPI-01498,Potential Location,0.870000005,1,5408.8083328125,0.085855013933018,0.036220084002992,0.143672999878535,0.259912639836285,0.845202367632781,159885.58087596,,62999.3297424926,12.935935927439,1.2935935927439,239.759888557971,1296815.28310655,5408.8083328125,1291406.47477374,4,86,86100000 = 12.534|86A05245 = .881,NW 21ST ST|SR-7,27500,86100000,86A05245,Y,-80.20298,26.15375502,10,2.78616041508248,On-System / Off-System,86100000,701,LPI-01498,1,12.534,12.524000000000001,12.544,NW 21ST ST,On Corridor,448410-1,1,106,0.02,100,0,0.5,Verified Match,448410-1,1
119608,280860,94005000,URBAN GENERAL,PORT SAINT LUCIE,URBAN PRIN ART OTHER,DIVIDED,,SR  615,4,ST. LUCIE,22000,4,35,1,LPI,Implement a Leading Pedestrian Interval (LPI),,LPI-02125,Potential Location,0.870000005,1,5408.8083328125,0.075171611262933,0.0365119254705674,0.15546855965743,0.300491194113387,1.09255103187831,196528.975474388,,71952.8056129293,15.9253987224599,1.59253987224599,294.709285227586,1594026.03769618,5408.8083328125,1588617.22936337,4,94,94005000 = 2.497|94070000 = 20.196,N 25TH ST|ORANGE AVE|S 25TH ST,22250,94005000,94070000,Y,-80.34993,27.44749137,10,2.80860975960556,On-System / On-System,94005000,702,LPI-02125,1,2.497,2.487,2.5069999999999997,N 25TH ST,Off Corridor,,0,0,0,0,89.3,2.7,No Match - Angle Mismatch,,0
119608,280860,94070000,URBAN GENERAL,PORT SAINT LUCIE,URBAN PRIN ART OTHER,DIVIDED,,SR  615,4,ST. LUCIE,22000,4,35,1,LPI,Implement a Leading Pedestrian Interval (LPI),,LPI-02125,Potential Location,0.870000005,1,5408.8083328125,0.075171611262933,0.0365119254705674,0.15546855965743,0.300491194113387,1.09255103187831,196528.975474388,,71952.8056129293,15.9253987224599,1.59253987224599,294.709285227586,1594026.03769618,5408.8083328125,1588617.22936337,4,94,94005000 = 2.497|94070000 = 20.196,N 25TH ST|ORANGE AVE|S 25TH ST,22250,94005000,94070000,Y,-80.34993,27.44749137,10,2.80860975960556,On-System / On-System,94005000,702,LPI-02125,2,20.196,20.186,20.206000000000003,ORANGE AVE,On Corridor,449696-1,2,105,0.02,100,0.1,0.6,Verified Match,449696-1,2
115866,245008,89010000,URBAN GENERAL,PORT SAINT LUCIE,URBAN PRIN ART OTHER,DIVIDED,US    1,SR    5,4,MARTIN,18100,4,45,0,LPI,Implement a Leading Pedestrian Interval (LPI),,LPI-01728,Potential Location,0.870000005,1,5408.8083328125,0.0754080629510123,0.0366267734333488,0.155957584739594,0.301436386705475,1.09598764220846,197147.155758497,,71727.188329002,15.9754919338198,1.59754919338198,295.636290872589,1599040.03355344,5408.8083328125,1593631.22522063,4,89,89010000 = 7.059|89510000 = 11.374,SE BRIDGE RD|SE FEDERAL HWY,27500,89010000,89510000,Y,-80.13662466,27.05946511,10,2.81744421862084,On-System / On-System,89010000,703,LPI-01728,1,7.059,7.049,7.069,SE BRIDGE RD,On Corridor,"443505-1, 448447-1, 448447-2",5,106,0.02,100,0,0.7,Verified Match,"443505-1, 448447-1, 448447-2",5
115866,245008,89510000,URBAN GENERAL,PORT SAINT LUCIE,URBAN PRIN ART OTHER,DIVIDED,US    1,SR    5,4,MARTIN,18100,4,45,0,LPI,Implement a Leading Pedestrian Interval (LPI),,LPI-01728,Potential Location,0.870000005,1,5408.8083328125,0.0754080629510123,0.0366267734333488,0.155957584739594,0.301436386705475,1.09598764220846,197147.155758497,,71727.188329002,15.9754919338198,1.59754919338198,295.636290872589,1599040.03355344,5408.8083328125,1593631.22522063,4,89,89010000 = 7.059|89510000 = 11.374,SE BRIDGE RD|SE FEDERAL HWY,27500,89010000,89510000,Y,-80.13662466,27.05946511,10,2.81744421862084,On-System / On-System,89010000,703,LPI-01728,2,11.374,11.364,11.384,SE FEDERAL HWY,Off Corridor,,0,0,0,0,89.9,18.7,No Match - Angle Mismatch,,0
89115,194270,86014000,URBAN GENERAL,MIAMI,URBAN PRIN ART OTHER,DIVIDED,,SR  870,4,BROWARD,53500,6,35,1,LPI,Implement a Leading Pedestrian Interval (LPI),,LPI-02547,Potential Location,0.870000005,1,5408.8083328125,0.0758065679300557,0.0368203329945985,0.156781765491706,0.303029371543781,1.1017795498016,198497.359247459,,71350.1281023966,16.059916766247,1.6059916766247,297.661017782112,1609991.39333333,5408.8083328125,1604582.58500052,4,86,86014000 = 7.588|86170000 = 3.928,E COMMERCIAL BLVD|N DIXIE HWY|NE 50TH ST,85700,86014000,86170000,Y,-80.13368881,26.18891277,10,2.8323334162127,On-System / On-System,86014000,704,LPI-02547,1,7.588,7.578,7.598,E COMMERCIAL BLVD,On Corridor,"441944-1, 446182-1",2,105,0.02,100,0,0.4,Verified Match,"441944-1, 446182-1",2
89115,194270,86170000,URBAN GENERAL,MIAMI,URBAN PRIN ART OTHER,DIVIDED,,SR  870,4,BROWARD,53500,6,35,1,LPI,Implement a Leading Pedestrian Interval (LPI),,LPI-02547,Potential Location,0.870000005,1,5408.8083328125,0.0758065679300557,0.0368203329945985,0.156781765491706,0.303029371543781,1.1017795498016,198497.359247459,,71350.1281023966,16.059916766247,1.6059916766247,297.661017782112,1609991.39333333,5408.8083328125,1604582.58500052,4,86,86014000 = 7.588|86170000 = 3.928,E COMMERCIAL BLVD|N DIXIE HWY|NE 50TH ST,85700,86014000,86170000,Y,-80.13368881,26.18891277,10,2.8323334162127,On-System / On-System,86014000,704,LPI-02547,2,3.928,3.918,3.9379999999999997,N DIXIE HWY,On Corridor,446999-1,2,106,0.02,100,0.1,0.6,Verified Match,446999-1,2
104424,232100,87090000,URBAN GENERAL,MIAMI,URBAN PRIN ART OTHER,DIVIDED,US   27,SR   25,6,MIAMI-DADE,65500,6,40,1,LPI,Implement a Leading Pedestrian Interval (LPI),,LPI-02334,Potential Location,0.870000005,1,5408.8083328125,0.0764084812895576,0.0371126909120708,0.158026631757949,0.305435461570465,1.110527813288,200073.452396368,,70788.0622874218,16.1874344565744,1.61874344565744,300.024482427699,1622774.92060269,5408.8083328125,1617366.11226988,6,87,87090000 = 13.707|87122000 = .003|87674504 = .117,E OKEECHOBEE RD|SE 1ST AVE,34125,87090000,87674504,Y,-80.27938113,25.82205552,10,2.85482248765247,On-System / On-System,87090000,705,LPI-02334,1,13.707,13.697000000000001,13.717,E OKEECHOBEE RD,On Corridor,"447828-1, 449370-1",4,106,0.02,100,1.7,0.1,Verified Match,"447828-1, 449370-1",4
104424,232100,87122000,URBAN GENERAL,MIAMI,URBAN PRIN ART OTHER,DIVIDED,US   27,SR   25,6,MIAMI-DADE,65500,6,40,1,LPI,Implement a Leading Pedestrian Interval (LPI),,LPI-02334,Potential Location,0.870000005,1,5408.8083328125,0.0764084812895576,0.0371126909120708,0.158026631757949,0.305435461570465,1.110527813288,200073.452396368,,70788.0622874218,16.1874344565744,1.61874344565744,300.024482427699,1622774.92060269,5408.8083328125,1617366.11226988,6,87,87090000 = 13.707|87122000 = .003|87674504 = .117,E OKEECHOBEE RD|SE 1ST AVE,34125,87090000,87674504,Y,-80.27938113,25.82205552,10,2.85482248765247,On-System / On-System,87090000,705,LPI-02334,2,0.003,0,0.013000000000000001,SE 1ST AVE,Off Corridor,,0,0,0,0,65.2,52.4,No Match - Angle Mismatch,,0
104424,232100,87674504,URBAN GENERAL,MIAMI,URBAN PRIN ART OTHER,DIVIDED,US   27,SR   25,6,MIAMI-DADE,65500,6,40,1,LPI,Implement a Leading Pedestrian Interval (LPI),,LPI-02334,Potential Location,0.870000005,1,5408.8083328125,0.0764084812895576,0.0371126909120708,0.158026631757949,0.305435461570465,1.110527813288,200073.452396368,,70788.0622874218,16.1874344565744,1.61874344565744,300.024482427699,1622774.92060269,5408.8083328125,1617366.11226988,6,87,87090000 = 13.707|87122000 = .003|87674504 = .117,E OKEECHOBEE RD|SE 1ST AVE,34125,87090000,87674504,Y,-80.27938113,25.82205552,10,2.85482248765247,On-System / On-System,87090000,705,LPI-02334,3,0.117,0.10700000000000001,0.127,,Off Corridor,,0,0,0,0,86.9,18.3,No Match - Angle Mismatch,,0
105842,231618,87008001,URBAN GENERAL,MIAMI,URBAN MINOR ART,DIVIDED,US  441,SR    7,6,MIAMI-DADE,25500,4,35,1,LPI,Implement a Leading Pedestrian Interval (LPI),,LPI-00730,Potential Location,0.870000005,1,5408.8083328125,0.0765357928619628,0.0371745279615248,0.158289935237241,0.305944377180677,1.11237817125512,257959.847931356,,70670.3116353369,16.2144059092076,1.62144059092076,386.829281625061,2092285.4418295,5408.8083328125,2086876.63349669,6,87,87008001 = .554|87140000 = 9.285,NW 7TH AVE|OPA LOCKA BLVD,19250,87140000,87008001,Y,-80.2113445,25.89975,10,2.85957918394726,On-System / On-System,87140000,706,LPI-00730,1,0.554,0.544,0.5640000000000001,NW 7TH AVE,On Corridor,452559-1,1,105,0.02,100,0,116.3,Verified Match,452559-1,1
105842,231618,87140000,URBAN GENERAL,MIAMI,URBAN MINOR ART,DIVIDED,US  441,SR    7,6,MIAMI-DADE,25500,4,35,1,LPI,Implement a Leading Pedestrian Interval (LPI),,LPI-00730,Potential Location,0.870000005,1,5408.8083328125,0.0765357928619628,0.0371745279615248,0.158289935237241,0.305944377180677,1.11237817125512,257959.847931356,,70670.3116353369,16.2144059092076,1.62144059092076,386.829281625061,2092285.4418295,5408.8083328125,2086876.63349669,6,87,87008001 = .554|87140000 = 9.285,NW 7TH AVE|OPA LOCKA BLVD,19250,87140000,87008001,Y,-80.2113445,25.89975,10,2.85957918394726,On-System / On-System,87140000,706,LPI-00730,2,9.285,9.275,9.295,OPA LOCKA BLVD,Off Corridor,,0,0,0,0,90,98.2,No Match - Angle Mismatch,,0
101967,223750,87044000,URBAN GENERAL,MIAMI,URBAN PRIN ART OTHER,DIVIDED,,SR  976,6,MIAMI-DADE,51500,6,40,1,LPI,Implement a Leading Pedestrian Interval (LPI),,LPI-01650,Potential Location,0.870000005,1,5408.8083328125,0.0779149799237079,0.0378444188200867,0.161142344842214,0.311457543123601,1.13242340139116,204018.17656413,,69419.3637489049,16.5065920616944,1.65065920616944,305.939879061171,1654770.16720571,5408.8083328125,1649361.3588729,6,87,87044000 = 5.203|87064501 = 1.029|87064502 = .005,SW 40TH ST|SW 67TH AVE,68650,87044000,87064502,Y,-80.30287,25.73341502,10,2.91110925197241,On-System / On-System,87044000,707,LPI-01650,1,5.203,5.1930000000000005,5.213,SW 40TH ST,Off Corridor,,0,0,0,0,,,Unmatched,,0
101967,223750,87064501,URBAN GENERAL,MIAMI,URBAN PRIN ART OTHER,DIVIDED,,SR  976,6,MIAMI-DADE,51500,6,40,1,LPI,Implement a Leading Pedestrian Interval (LPI),,LPI-01650,Potential Location,0.870000005,1,5408.8083328125,0.0779149799237079,0.0378444188200867,0.161142344842214,0.311457543123601,1.13242340139116,204018.17656413,,69419.3637489049,16.5065920616944,1.65065920616944,305.939879061171,1654770.16720571,5408.8083328125,1649361.3588729,6,87,87044000 = 5.203|87064501 = 1.029|87064502 = .005,SW 40TH ST|SW 67TH AVE,68650,87044000,87064502,Y,-80.30287,25.73341502,10,2.91110925197241,On-System / On-System,87044000,707,LPI-01650,2,1.029,1.019,1.039,SW 67TH AVE,Off Corridor,,0,0,0,0,,,Unmatched,,0
101967,223750,87064502,URBAN GENERAL,MIAMI,URBAN PRIN ART OTHER,DIVIDED,,SR  976,6,MIAMI-DADE,51500,6,40,1,LPI,Implement a Leading Pedestrian Interval (LPI),,LPI-01650,Potential Location,0.870000005,1,5408.8083328125,0.0779149799237079,0.0378444188200867,0.161142344842214,0.311457543123601,1.13242340139116,204018.17656413,,69419.3637489049,16.5065920616944,1.65065920616944,305.939879061171,1654770.16720571,5408.8083328125,1649361.3588729,6,87,87044000 = 5.203|87064501 = 1.029|87064502 = .005,SW 40TH ST|SW 67TH AVE,68650,87044000,87064502,Y,-80.30287,25.73341502,10,2.91110925197241,On-System / On-System,87044000,707,LPI-01650,3,0.005,0,0.015,,Off Corridor,,0,0,0,0,,,Unmatched,,0
87673,197139,86014000,URBAN GENERAL,MIAMI,URBAN PRIN ART OTHER,DIVIDED,,SR  870,4,BROWARD,55000,6,45,1,LPI,Implement a Leading Pedestrian Interval (LPI),,LPI-01382,Potential Location,0.870000005,1,5408.8083328125,0.0785615904119884,0.0381584867715372,0.162479652897522,0.314042305568962,1.1418212970106,205711.30788362,,68847.9994415581,16.6435790128982,1.66435790128982,308.478850832427,1668502.97887885,5408.8083328125,1663094.17054604,4,86,86014000 = 3.221|86100000 = 14.796,SR-7|W COMMERCIAL BLVD,69750,86014000,86100000,Y,-80.20366443,26.18669,10,2.93526832609011,On-System / On-System,86014000,708,LPI-01382,1,3.221,3.2110000000000003,3.231,SR-7,On Corridor,"441944-1, 446380-1",3,105,0.02,100,0.3,0.3,Verified Match,"441944-1, 446380-1",3
87673,197139,86100000,URBAN GENERAL,MIAMI,URBAN PRIN ART OTHER,DIVIDED,,SR  870,4,BROWARD,55000,6,45,1,LPI,Implement a Leading Pedestrian Interval (LPI),,LPI-01382,Potential Location,0.870000005,1,5408.8083328125,0.0785615904119884,0.0381584867715372,0.162479652897522,0.314042305568962,1.1418212970106,205711.30788362,,68847.9994415581,16.6435790128982,1.66435790128982,308.478850832427,1668502.97887885,5408.8083328125,1663094.17054604,4,86,86014000 = 3.221|86100000 = 14.796,SR-7|W COMMERCIAL BLVD,69750,86014000,86100000,Y,-80.20366443,26.18669,10,2.93526832609011,On-System / On-System,86014000,708,LPI-01382,2,14.796,14.786,14.806,W COMMERCIAL BLVD,On Corridor,"443845-1, 446380-1, 457381-1",4,106,0.02,100,0.1,0.6,Verified Match,"443845-1, 446380-1, 457381-1",4
19440,60881,15061000,URBAN GENERAL,TAMPA-ST PETERSBURG,URBAN PRIN ART OTHER,DIVIDED,,SR  694,7,PINELLAS,59500,6,40,1,LPI,Implement a Leading Pedestrian Interval (LPI),,LPI-02387,Potential Location,0.870000005,1,5408.8083328125,0.0802897204778038,0.0389978642320761,0.166053740079094,0.320950337182701,1.1669380964899,210236.36770188,,67366.1372916073,17.0096901003155,1.70096901003155,315.264502370234,1705205.26746011,5408.8083328125,1699796.45912729,7,15,15061000 = .449|15A04496 = .499,43RD ST N|PARK BLVD N,26500,15061000,15A04496,Y,-82.69187,27.83923979,10,2.999835825538,On-System / Off-System,15061000,709,LPI-02387,1,0.449,0.439,0.459,43RD ST N,Off Corridor,,0,0,0,0,,,Unmatched,,0
96077,204886,86090000,URBAN GENERAL,MIAMI,URBAN PRIN ART OTHER,DIVIDED,,SR  816,4,BROWARD,38000,6,35,1,LPI,Implement a Leading Pedestrian Interval (LPI),,LPI-02539,Potential Location,0.870000005,1,5408.8083328125,0.0803197459212682,0.0390124480189017,0.16611583815535,0.321070360968394,1.1673744890148,210314.988478425,,67340.9542170909,17.0160511074957,1.70160511074957,315.382399859924,1705842.95238476,5408.8083328125,1700434.14405195,4,86,86090000 = 7.782|86170000 = 2.337,E OAKLAND PARK BLVD|N DIXIE HWY,57700,86090000,86170000,Y,-80.13157,26.16677993,10,3.00095765533696,On-System / On-System,86090000,710,LPI-02539,1,7.782,7.772,7.792,E OAKLAND PARK BLVD,On Corridor,448409-1,2,105,0.02,100,0.7,0.4,Verified Match,448409-1,2
96077,204886,86170000,URBAN GENERAL,MIAMI,URBAN PRIN ART OTHER,DIVIDED,,SR  816,4,BROWARD,38000,6,35,1,LPI,Implement a Leading Pedestrian Interval (LPI),,LPI-02539,Potential Location,0.870000005,1,5408.8083328125,0.0803197459212682,0.0390124480189017,0.16611583815535,0.321070360968394,1.1673744890148,210314.988478425,,67340.9542170909,17.0160511074957,1.70160511074957,315.382399859924,1705842.95238476,5408.8083328125,1700434.14405195,4,86,86090000 = 7.782|86170000 = 2.337,E OAKLAND PARK BLVD|N DIXIE HWY,57700,86090000,86170000,Y,-80.13157,26.16677993,10,3.00095765533696,On-System / On-System,86090000,710,LPI-02539,2,2.337,2.3270000000000004,2.347,N DIXIE HWY,On Corridor,"449718-1, 449331-1",3,106,0.02,100,2.7,0.5,Verified Match,"449718-1, 449331-1",3
53490,98334,46020003,URBAN GENERAL,PANAMA CITY,URBAN PRIN ART OTHER,DIVIDED,US   98,SR   30A,3,BAY,33500,4,45,1,LPI,Implement a Leading Pedestrian Interval (LPI),,LPI-00568,Potential Location,0.870000005,1,5408.8083328125,0.082046154209806,0.0398509891876201,0.169686364388462,0.327971509945173,1.19246626402661,214501.809360814,,65923.9715121961,17.3817974296885,1.73817974296885,321.660837869618,1739801.82020864,5408.8083328125,1734393.01187583,3,46,46020003 = .636|46560001 = .609,FRANKFORD AVE|W 15TH ST,46550,46020003,46560001,Y,-85.69215158,30.17537003,10,3.06546082464234,On-System / On-System,46020003,711,LPI-00568,1,0.636,0.626,0.646,FRANKFORD AVE,On Corridor,447594-1,1,105,0.02,100,0,1.1,Verified Match,447594-1,1
53490,98334,46560001,URBAN GENERAL,PANAMA CITY,URBAN PRIN ART OTHER,DIVIDED,US   98,SR   30A,3,BAY,33500,4,45,1,LPI,Implement a Leading Pedestrian Interval (LPI),,LPI-00568,Potential Location,0.870000005,1,5408.8083328125,0.082046154209806,0.0398509891876201,0.169686364388462,0.327971509945173,1.19246626402661,214501.809360814,,65923.9715121961,17.3817974296885,1.73817974296885,321.660837869618,1739801.82020864,5408.8083328125,1734393.01187583,3,46,46020003 = .636|46560001 = .609,FRANKFORD AVE|W 15TH ST,46550,46020003,46560001,Y,-85.69215158,30.17537003,10,3.06546082464234,On-System / On-System,46020003,711,LPI-00568,2,0.609,0.599,0.619,W 15TH ST,Off Corridor,,0,0,0,0,89.3,20.7,No Match - Angle Mismatch,,0
94818,207615,86065000,URBAN GENERAL,MIAMI,URBAN PRIN ART OTHER,DIVIDED,,SR  838,4,BROWARD,54500,6,40,1,LPI,Implement a Leading Pedestrian Interval (LPI),,LPI-00865,Potential Location,0.870000005,1,5408.8083328125,0.082933221404238,0.0402818503963442,0.171520980631492,0.331517474652266,1.20535897927296,189282.172907395,,65218.8380148477,17.5697260709348,1.75697260709348,283.842185353134,1535247.97734174,5408.8083328125,1529839.16900893,4,86,86065000 = .008|86110000 = 7.053|86550500 = .994,NW 9TH AVE|W SUNRISE BLVD,65900,86110000,86065000,Y,-80.15390602,26.13655718,10,3.09860399581893,On-System / On-System,86110000,712,LPI-00865,1,0.008,0,0.018000000000000002,NW 9TH AVE,Off Corridor,,0,0,0,0,84,64.3,No Match - Angle Mismatch,,0
94818,207615,86110000,URBAN GENERAL,MIAMI,URBAN PRIN ART OTHER,DIVIDED,,SR  838,4,BROWARD,54500,6,40,1,LPI,Implement a Leading Pedestrian Interval (LPI),,LPI-00865,Potential Location,0.870000005,1,5408.8083328125,0.082933221404238,0.0402818503963442,0.171520980631492,0.331517474652266,1.20535897927296,189282.172907395,,65218.8380148477,17.5697260709348,1.75697260709348,283.842185353134,1535247.97734174,5408.8083328125,1529839.16900893,4,86,86065000 = .008|86110000 = 7.053|86550500 = .994,NW 9TH AVE|W SUNRISE BLVD,65900,86110000,86065000,Y,-80.15390602,26.13655718,10,3.09860399581893,On-System / On-System,86110000,712,LPI-00865,2,7.053,7.043,7.063,W SUNRISE BLVD,On Corridor,447678-1,2,105,0.02,100,0,0.4,Verified Match,447678-1,2
94818,207615,86550500,URBAN GENERAL,MIAMI,URBAN PRIN ART OTHER,DIVIDED,,SR  838,4,BROWARD,54500,6,40,1,LPI,Implement a Leading Pedestrian Interval (LPI),,LPI-00865,Potential Location,0.870000005,1,5408.8083328125,0.082933221404238,0.0402818503963442,0.171520980631492,0.331517474652266,1.20535897927296,189282.172907395,,65218.8380148477,17.5697260709348,1.75697260709348,283.842185353134,1535247.97734174,5408.8083328125,1529839.16900893,4,86,86065000 = .008|86110000 = 7.053|86550500 = .994,NW 9TH AVE|W SUNRISE BLVD,65900,86110000,86065000,Y,-80.15390602,26.13655718,10,3.09860399581893,On-System / On-System,86110000,712,LPI-00865,3,0.994,0.984,1.004,,Off Corridor,,0,0,0,0,83.1,24.7,No Match - Angle Mismatch,,0
102377,232917,87085000,URBAN GENERAL,MIAMI,URBAN MINOR ART,DIVIDED,,SR  933,6,MIAMI-DADE,22500,4,35,1,LPI,Implement a Leading Pedestrian Interval (LPI),,LPI-00196,Potential Location,0.870000005,1,5408.8083328125,0.083099620809165,0.0403626729644516,0.171865124855319,0.332182640065727,1.20777744335139,217255.996852477,,65088.2432452203,17.604978433178,1.7604978433178,325.790939423811,1762140.74791032,5408.8083328125,1756731.93957751,6,87,87085000 = 4.036|87090000 = 18.007,NW 12TH AVE|NW 36TH ST,21000,87085000,87090000,Y,-80.21573056,25.80981,10,3.1048211166817,On-System / On-System,87085000,713,LPI-00196,1,4.036,4.026,4.045999999999999,NW 12TH AVE,On Corridor,454867-1,1,106,0.02,100,0,0.3,Verified Match,454867-1,1
102377,232917,87090000,URBAN GENERAL,MIAMI,URBAN MINOR ART,DIVIDED,,SR  933,6,MIAMI-DADE,22500,4,35,1,LPI,Implement a Leading Pedestrian Interval (LPI),,LPI-00196,Potential Location,0.870000005,1,5408.8083328125,0.083099620809165,0.0403626729644516,0.171865124855319,0.332182640065727,1.20777744335139,217255.996852477,,65088.2432452203,17.604978433178,1.7604978433178,325.790939423811,1762140.74791032,5408.8083328125,1756731.93957751,6,87,87085000 = 4.036|87090000 = 18.007,NW 12TH AVE|NW 36TH ST,21000,87085000,87090000,Y,-80.21573056,25.80981,10,3.1048211166817,On-System / On-System,87085000,713,LPI-00196,2,18.007,17.997,18.017000000000003,NW 36TH ST,Off Corridor,,0,0,0,0,89.9,2.9,No Match - Angle Mismatch,,0
116936,271535,93280000,URBAN GENERAL,MIAMI,URBAN PRIN ART OTHER,DIVIDED,,SR  704,4,PALM BEACH,64500,8,45,1,LPI,Implement a Leading Pedestrian Interval (LPI),,LPI-01120,Potential Location,0.870000005,1,5408.8083328125,0.0969096215508662,0.0408837465917717,0.162172194814028,0.29337873711688,0.954029797783176,180472.291882895,,55812.9135812744,14.6015543846094,1.46015543846094,270.6311372957,1463791.95052351,5408.8083328125,1458383.14219069,4,93,93280000 = 5.745,BISCAYNE BLVD|OKEECHOBEE BLVD,33250,93280000,93A04817,Y,-80.10789,26.70685496,10,3.14490370494027,On-System / Off-System,93280000,714,LPI-01120,1,5.745,5.735,5.755,BISCAYNE BLVD,On Corridor,"447545-1, 233752-1, 451380-1",6,105,0.02,100,0.3,0.4,Verified Match,"447545-1, 233752-1, 451380-1",6
106600,204226,86220000,URBAN GENERAL,MIAMI,URBAN PRIN ART OTHER,DIVIDED,,SR  817,4,BROWARD,38500,6,40,1,LPI,Implement a Leading Pedestrian Interval (LPI),,LPI-00063,Potential Location,0.870000005,1,5408.8083328125,0.0842605960835145,0.0409265752405642,0.174266232809087,0.336823525642932,1.22465116353199,220633.993437436,,64191.4321072638,17.8509355683292,1.78509355683292,330.856487425837,1789539.32615394,5408.8083328125,1784130.51782113,4,86,86220000 = 20.506|86A02418 = .5,N UNIVERSITY DR|NW 28TH ST,23250,86220000,86A02418,Y,-80.25007967,26.2651,10,3.14819821651256,On-System / Off-System,86220000,715,LPI-00063,1,20.506,20.496,20.516000000000002,N UNIVERSITY DR,Off Corridor,,0,0,0,0,,,Unmatched,,0
8729,24167,10030000,URBAN GENERAL,TAMPA-ST PETERSBURG,URBAN MINOR ART,DIVIDED,,SR  553,7,HILLSBOROUGH,26500,6,45,1,LPI,Implement a Leading Pedestrian Interval (LPI),,LPI-01137,Potential Location,0.870000005,1,5408.8083328125,0.0853718352568504,0.0414663199818987,0.176564477463031,0.34126559600076,1.240802014699,364488.904882555,,63355.8868277754,18.0863559167037,1.80863559167037,546.577238150423,2956331.52023365,5408.8083328125,2950922.71190084,7,10,10030000 = 21.525|10030002 = 0|10740001 = .805,E BAKER ST|PARK RD,34850,10030002,10740001,Y,-82.10495721,28.01869966,10,3.18971704436594,On-System / On-System,10030002,716,LPI-01137,1,21.525,21.514999999999997,21.535,E BAKER ST,On Corridor,"445362-2, 435749-1, 438702-1",7,105,0.02,100,3.4,1.1,Verified Match,"445362-2, 435749-1, 438702-1",7
8729,24167,10030002,URBAN GENERAL,TAMPA-ST PETERSBURG,URBAN MINOR ART,DIVIDED,,SR  553,7,HILLSBOROUGH,26500,6,45,1,LPI,Implement a Leading Pedestrian Interval (LPI),,LPI-01137,Potential Location,0.870000005,1,5408.8083328125,0.0853718352568504,0.0414663199818987,0.176564477463031,0.34126559600076,1.240802014699,364488.904882555,,63355.8868277754,18.0863559167037,1.80863559167037,546.577238150423,2956331.52023365,5408.8083328125,2950922.71190084,7,10,10030000 = 21.525|10030002 = 0|10740001 = .805,E BAKER ST|PARK RD,34850,10030002,10740001,Y,-82.10495721,28.01869966,10,3.18971704436594,On-System / On-System,10030002,716,LPI-01137,2,0,0,0.01,PARK RD,On Corridor,445362-2,1,53,0.01,100,7.4,2,Verified Parallel Fallback,445362-2,1
8729,24167,10740001,URBAN GENERAL,TAMPA-ST PETERSBURG,URBAN MINOR ART,DIVIDED,,SR  553,7,HILLSBOROUGH,26500,6,45,1,LPI,Implement a Leading Pedestrian Interval (LPI),,LPI-01137,Potential Location,0.870000005,1,5408.8083328125,0.0853718352568504,0.0414663199818987,0.176564477463031,0.34126559600076,1.240802014699,364488.904882555,,63355.8868277754,18.0863559167037,1.80863559167037,546.577238150423,2956331.52023365,5408.8083328125,2950922.71190084,7,10,10030000 = 21.525|10030002 = 0|10740001 = .805,E BAKER ST|PARK RD,34850,10030002,10740001,Y,-82.10495721,28.01869966,10,3.18971704436594,On-System / On-System,10030002,716,LPI-01137,3,0.805,0.795,0.8150000000000001,,Off Corridor,,0,0,0,0,2.7,8.9,No Match - Low Overlap,,0
63890,120530,57030000,URBAN GENERAL,1460,URBAN PRIN ART OTHER,DIVIDED,US   98,SR   30,3,OKALOOSA,52000,5,45,1,LPI,Implement a Leading Pedestrian Interval (LPI),,LPI-00795,Potential Location,0.870000005,1,5408.8083328125,0.0985157393348361,0.041561327531884,0.16485993254314,0.298241007751945,0.969841274498648,183178.327477071,,54902.9867646732,14.843551162591,1.4843551162591,274.689031628252,1485740.32320308,5408.8083328125,1480331.51487027,3,57,57030000 = 20.416|57508000 = .006,AIRPORT RD|EMERALD COAST PKWY|US-98,31150,57030000,57508000,Y,-86.46526205,30.38572483,10,3.19702531772282,On-System / On-System,57030000,717,LPI-00795,1,20.416,20.406,20.426000000000002,AIRPORT RD,On Corridor,414132-7,1,106,0.02,100,0.1,1.6,Verified Match,414132-7,1
63890,120530,57508000,URBAN GENERAL,1460,URBAN PRIN ART OTHER,DIVIDED,US   98,SR   30,3,OKALOOSA,52000,5,45,1,LPI,Implement a Leading Pedestrian Interval (LPI),,LPI-00795,Potential Location,0.870000005,1,5408.8083328125,0.0985157393348361,0.041561327531884,0.16485993254314,0.298241007751945,0.969841274498648,183178.327477071,,54902.9867646732,14.843551162591,1.4843551162591,274.689031628252,1485740.32320308,5408.8083328125,1480331.51487027,3,57,57030000 = 20.416|57508000 = .006,AIRPORT RD|EMERALD COAST PKWY|US-98,31150,57030000,57508000,Y,-86.46526205,30.38572483,10,3.19702531772282,On-System / On-System,57030000,717,LPI-00795,2,0.006,0,0.016,EMERALD COAST PKWY,Off Corridor,,0,0,0,0,88.5,70,No Match - Angle Mismatch,,0
117454,273240,93180000,URBAN GENERAL,MIAMI,URBAN PRIN ART OTHER,DIVIDED,,SR  802,4,PALM BEACH,41000,6,45,1,LPI,Implement a Leading Pedestrian Interval (LPI),,LPI-02104,Potential Location,0.870000005,1,5408.8083328125,0.106885071460874,0.0418378708289708,0.139866750654515,0.216213230269426,0.678872896735781,134410.261037948,,50603.9642289281,10.8747925563478,1.08747925563478,201.557820479805,1090187.6189547,5408.8083328125,1084778.81062188,4,93,93180000 = 3.164,FOUNTAINS DR|LAKE WORTH RD|POINCIANA DR,20250,93180000,93A01526,Y,-80.15363,26.61764982,10,3.21829787985536,On-System / Off-System,93180000,718,LPI-02104,1,3.164,3.1540000000000004,3.174,FOUNTAINS DR,Off Corridor,,0,0,0,0,,,Unmatched,,0
110488,270296,93200000,URBAN GENERAL,MIAMI,URBAN MINOR ART,DIVIDED,,SR  804,4,PALM BEACH,19800,4,35,1,LPI,Implement a Leading Pedestrian Interval (LPI),,LPI-01114,Potential Location,0.870000005,1,5408.8083328125,0.0863744485059324,0.0419533035600243,0.178638063955451,0.345273444806831,1.25537408680781,225817.720105284,,62620.4673531549,18.2987634398071,1.82987634398071,338.629857115518,1831583.99290552,5408.8083328125,1826175.18457271,4,93,93200000 = 8.764|93512500 = .992,E BOYNTON BEACH BLVD|N SEACREST BLVD|W BOYNTON BEACH BLVD,23350,93200000,93512500,Y,-80.06418,26.52891987,10,3.22717732104715,On-System / On-System,93200000,719,LPI-01114,1,8.764,8.754,8.774,E BOYNTON BEACH BLVD,On Corridor,447573-1,1,105,0.02,100,0,0.5,Verified Match,447573-1,1
110488,270296,93512500,URBAN GENERAL,MIAMI,URBAN MINOR ART,DIVIDED,,SR  804,4,PALM BEACH,19800,4,35,1,LPI,Implement a Leading Pedestrian Interval (LPI),,LPI-01114,Potential Location,0.870000005,1,5408.8083328125,0.0863744485059324,0.0419533035600243,0.178638063955451,0.345273444806831,1.25537408680781,225817.720105284,,62620.4673531549,18.2987634398071,1.82987634398071,338.629857115518,1831583.99290552,5408.8083328125,1826175.18457271,4,93,93200000 = 8.764|93512500 = .992,E BOYNTON BEACH BLVD|N SEACREST BLVD|W BOYNTON BEACH BLVD,23350,93200000,93512500,Y,-80.06418,26.52891987,10,3.22717732104715,On-System / On-System,93200000,719,LPI-01114,2,0.992,0.982,1.002,N SEACREST BLVD,Off Corridor,,0,0,0,0,88.5,2.1,No Match - Angle Mismatch,,0
92483,207291,86220000,URBAN GENERAL,MIAMI,URBAN PRIN ART OTHER,DIVIDED,,SR  817,4,BROWARD,55000,6,45,1,LPI,Implement a Leading Pedestrian Interval (LPI),,LPI-00392,Potential Location,0.870000005,1,5408.8083328125,0.100327315063227,0.0423255860422987,0.167891491301118,0.30372527021094,0.98767538836853,186836.974473315,,53911.6224669608,15.1165046742921,1.51165046742921,280.175435038033,1515415.22768308,5408.8083328125,1510006.41935027,4,86,86220000 = 12.884|86A15265 = 1.582,N UNIVERSITY DR|NW 25TH CT,27750,86220000,86A15265,Y,-80.2572971,26.15669,10,3.25581443616969,On-System / Off-System,86220000,720,LPI-00392,1,12.884,12.874,12.894,N UNIVERSITY DR,On Corridor,"446998-1, 449243-3",2,106,0.02,100,0,0.6,Verified Match,"446998-1, 449243-3",2
94209,200426,86003000,URBAN GENERAL,MIAMI,URBAN PRIN ART OTHER,DIVIDED,US    1,SR    5,4,BROWARD,43500,6,45,1,LPI,Implement a Leading Pedestrian Interval (LPI),,LPI-01451,Potential Location,0.870000005,1,5408.8083328125,0.100730173859448,0.0424955420969544,0.168565650317919,0.304944862269812,0.991641344377265,187295.805712169,,53696.0091060659,15.177204164479,1.5177204164479,280.863485368098,1519136.76004173,5408.8083328125,1513727.95170892,4,86,86003000 = .007|86020000 = 10.044,N FEDERAL HWY|NE 14TH ST,56650,86020000,86003000,Y,-80.10097728,26.25003947,10,3.26888797933834,On-System / On-System,86020000,721,LPI-01451,1,0.007,0,0.017,N FEDERAL HWY,Off Corridor,,0,0,0,0,81.9,5.2,No Match - Angle Mismatch,,0
94209,200426,86020000,URBAN GENERAL,MIAMI,URBAN PRIN ART OTHER,DIVIDED,US    1,SR    5,4,BROWARD,43500,6,45,1,LPI,Implement a Leading Pedestrian Interval (LPI),,LPI-01451,Potential Location,0.870000005,1,5408.8083328125,0.100730173859448,0.0424955420969544,0.168565650317919,0.304944862269812,0.991641344377265,187295.805712169,,53696.0091060659,15.177204164479,1.5177204164479,280.863485368098,1519136.76004173,5408.8083328125,1513727.95170892,4,86,86003000 = .007|86020000 = 10.044,N FEDERAL HWY|NE 14TH ST,56650,86020000,86003000,Y,-80.10097728,26.25003947,10,3.26888797933834,On-System / On-System,86020000,721,LPI-01451,2,10.044,10.034,10.054,NE 14TH ST,On Corridor,"448401-1, 457345-1",3,106,0.02,100,0.2,0.6,Verified Match,"448401-1, 457345-1",3
115966,266377,93030000,URBAN GENERAL,MIAMI,URBAN PRIN ART OTHER,DIVIDED,,SR  806,4,PALM BEACH,41500,6,45,1,LPI,Implement a Leading Pedestrian Interval (LPI),,LPI-00238,Potential Location,0.870000005,1,5408.8083328125,0.110571904623897,0.0432810026670684,0.144691235193557,0.22367116706777,0.702289554225497,139046.532512273,,48916.6606219743,11.2499014961628,1.12499014961628,208.510241867142,1127791.93368775,5408.8083328125,1122383.12535494,4,93,93030000 = 4.3|93A18199 = 0,VIA FLORA|W ATLANTIC AVE,17750,93030000,93A18199,Y,-80.1361213,26.45650643,10,3.32930802551711,On-System / Off-System,93030000,722,LPI-00238,1,4.3,4.29,4.31,VIA FLORA,Off Corridor,,0,0,0,0,,,Unmatched,,0
101157,226558,87038000,URBAN GENERAL,MIAMI,URBAN PRIN ART OTHER,DIVIDED,,SR  932,6,MIAMI-DADE,46000,6,40,1,LPI,Implement a Leading Pedestrian Interval (LPI),,LPI-01597,Potential Location,0.870000005,1,5408.8083328125,0.090337960688261,0.0438784380485839,0.186835327787085,0.361117198699308,1.31298013318507,236547.401182517,,59873.0399889949,19.1384489378887,1.91384489378887,354.719782956521,1918611.31786867,5408.8083328125,1913202.50953586,6,87,87038000 = 6.158|87240000 = 8.848,NW 103RD ST|NW 27TH AVE|UNITY BLVD,50500,87038000,87240000,Y,-80.24250525,25.8681,10,3.37526459509355,On-System / On-System,87038000,723,LPI-01597,1,6.158,6.148000000000001,6.168,NW 103RD ST,On Corridor,453294-1,2,106,0.02,100,0,0.2,Verified Match,453294-1,2
101157,226558,87240000,URBAN GENERAL,MIAMI,URBAN PRIN ART OTHER,DIVIDED,,SR  932,6,MIAMI-DADE,46000,6,40,1,LPI,Implement a Leading Pedestrian Interval (LPI),,LPI-01597,Potential Location,0.870000005,1,5408.8083328125,0.090337960688261,0.0438784380485839,0.186835327787085,0.361117198699308,1.31298013318507,236547.401182517,,59873.0399889949,19.1384489378887,1.91384489378887,354.719782956521,1918611.31786867,5408.8083328125,1913202.50953586,6,87,87038000 = 6.158|87240000 = 8.848,NW 103RD ST|NW 27TH AVE|UNITY BLVD,50500,87038000,87240000,Y,-80.24250525,25.8681,10,3.37526459509355,On-System / On-System,87038000,723,LPI-01597,2,8.848,8.838000000000001,8.858,NW 27TH AVE,On Corridor,438076-1,4,106,0.02,100,0,0.3,Verified Match,438076-1,4
14520,22742,10030000,URBAN GENERAL,TAMPA-ST PETERSBURG,URBAN PRIN ART OTHER,DIVIDED,US   41,SR  600,7,HILLSBOROUGH,43500,6,40,1,LPI,Implement a Leading Pedestrian Interval (LPI),,LPI-02161,Potential Location,0.870000005,1,5408.8083328125,0.0914563521360883,0.0444216567518143,0.189148364645092,0.365587859577766,1.32923493615974,239475.87763331,,59140.8710984243,19.3753845234802,1.93753845234802,359.111243297349,1942363.88515336,5408.8083328125,1936955.07682055,7,10,10030000 = .752|10A11736 = 1.002,E HILLSBOROUGH AVE|N 19TH ST,20500,10030000,10A11736,Y,-82.43884999,27.9960896,10,3.41705065079536,On-System / Off-System,10030000,724,LPI-02161,1,0.752,0.742,0.762,E HILLSBOROUGH AVE,On Corridor,"445362-2, 438702-1",6,105,0.02,100,0,0.6,Verified Match,"445362-2, 438702-1",6
111767,264620,93050000,URBAN GENERAL,MIAMI,URBAN MINOR ART,DIVIDED,US    1,SR  805,4,PALM BEACH,19000,4,35,1,LPI,Implement a Leading Pedestrian Interval (LPI),,LPI-01889,Potential Location,0.870000005,1,5408.8083328125,0.0915817604256812,0.0444825693496166,0.189407731789477,0.366089167000321,1.33105763164144,239431.738208265,,59059.8860261237,19.4019527582342,1.94019527582342,359.045053065735,1942005.87487705,5408.8083328125,1936597.06654424,4,93,93050000 = 2.512|93507501 = .724,10TH AVE N|N DIXIE HWY,31500,93050000,93507501,Y,-80.05697,26.62757502,10,3.4217362354219,On-System / On-System,93050000,725,LPI-01889,1,2.512,2.5020000000000002,2.522,10TH AVE N,On Corridor,"447553-1, 457558-1, 448107-1",3,106,0.02,100,0,0.8,Verified Match,"447553-1, 457558-1, 448107-1",3
111767,264620,93507501,URBAN GENERAL,MIAMI,URBAN MINOR ART,DIVIDED,US    1,SR  805,4,PALM BEACH,19000,4,35,1,LPI,Implement a Leading Pedestrian Interval (LPI),,LPI-01889,Potential Location,0.870000005,1,5408.8083328125,0.0915817604256812,0.0444825693496166,0.189407731789477,0.366089167000321,1.33105763164144,239431.738208265,,59059.8860261237,19.4019527582342,1.94019527582342,359.045053065735,1942005.87487705,5408.8083328125,1936597.06654424,4,93,93050000 = 2.512|93507501 = .724,10TH AVE N|N DIXIE HWY,31500,93050000,93507501,Y,-80.05697,26.62757502,10,3.4217362354219,On-System / On-System,93050000,725,LPI-01889,2,0.724,0.714,0.734,N DIXIE HWY,Off Corridor,,0,0,0,0,78.2,7.6,No Match - Angle Mismatch,,0
103902,235253,87054000,URBAN GENERAL,MIAMI,URBAN PRIN ART OTHER,DIVIDED,,SR    9,6,MIAMI-DADE,36500,4,40,1,LPI,Implement a Leading Pedestrian Interval (LPI),,LPI-00334,Potential Location,0.870000005,1,5408.8083328125,0.0918617527981475,0.0446185656448145,0.189986806923441,0.36720840923727,1.33512706623671,240163.751440081,,58879.8729401294,19.4612702332205,1.94612702332205,360.14275937497,1947943.15790942,5408.8083328125,1942534.34957661,6,87,87054000 = 1.533|87240000 = .718,SW 22ND ST|SW 27TH AVE,63500,87240000,87054000,Y,-80.23829466,25.75033589,10,3.43219748930102,On-System / On-System,87240000,726,LPI-00334,1,1.533,1.523,1.543,SW 22ND ST,Off Corridor,,0,0,0,0,,,Unmatched,,0
103902,235253,87240000,URBAN GENERAL,MIAMI,URBAN PRIN ART OTHER,DIVIDED,,SR    9,6,MIAMI-DADE,36500,4,40,1,LPI,Implement a Leading Pedestrian Interval (LPI),,LPI-00334,Potential Location,0.870000005,1,5408.8083328125,0.0918617527981475,0.0446185656448145,0.189986806923441,0.36720840923727,1.33512706623671,240163.751440081,,58879.8729401294,19.4612702332205,1.94612702332205,360.14275937497,1947943.15790942,5408.8083328125,1942534.34957661,6,87,87054000 = 1.533|87240000 = .718,SW 22ND ST|SW 27TH AVE,63500,87240000,87054000,Y,-80.23829466,25.75033589,10,3.43219748930102,On-System / On-System,87240000,726,LPI-00334,2,0.718,0.708,0.728,SW 27TH AVE,Off Corridor,,0,0,0,0,,,Unmatched,,0
48767,105385,48004000,SUBURBAN COMMERCIAL,PENSACOLA,URBAN PRIN ART OTHER,DIVIDED,,SR  295,3,ESCAMBIA,32500,4,40,1,LPI,Implement a Leading Pedestrian Interval (LPI),,LPI-01901,Potential Location,0.870000005,1,5408.8083328125,0.0923920083303339,0.0448761183318765,0.1910834717741,0.369328054078919,1.34283384834656,441022.724625419,,58541.9500079932,19.5736069336449,1.95736069336449,661.345186529088,3577089.35576397,5408.8083328125,3571680.54743116,3,48,48004000 = 8.315|48050000 = 22.724,N PACE BLVD|SR-295|W FAIRFIELD DR,32800,48004000,48050000,Y,-87.23987581,30.44524989,10,3.45200923522162,On-System / On-System,48004000,727,LPI-01901,1,8.315,8.305,8.325,N PACE BLVD,On Corridor,218415-2,1,105,0.02,100,0,1.6,Verified Match,218415-2,1
48767,105385,48050000,SUBURBAN COMMERCIAL,PENSACOLA,URBAN PRIN ART OTHER,DIVIDED,,SR  295,3,ESCAMBIA,32500,4,40,1,LPI,Implement a Leading Pedestrian Interval (LPI),,LPI-01901,Potential Location,0.870000005,1,5408.8083328125,0.0923920083303339,0.0448761183318765,0.1910834717741,0.369328054078919,1.34283384834656,441022.724625419,,58541.9500079932,19.5736069336449,1.95736069336449,661.345186529088,3577089.35576397,5408.8083328125,3571680.54743116,3,48,48004000 = 8.315|48050000 = 22.724,N PACE BLVD|SR-295|W FAIRFIELD DR,32800,48004000,48050000,Y,-87.23987581,30.44524989,10,3.45200923522162,On-System / On-System,48004000,727,LPI-01901,2,22.724,22.714,22.734,SR-295,Off Corridor,,0,0,0,0,89.5,29.7,No Match - Angle Mismatch,,0
100021,225727,87044000,URBAN GENERAL,MIAMI,URBAN PRIN ART OTHER,DIVIDED,,SR  976,6,MIAMI-DADE,71000,6,40,1,LPI,Implement a Leading Pedestrian Interval (LPI),,LPI-02078,Potential Location,0.870000005,1,5408.8083328125,0.092632027479547,0.0449926990614943,0.191579875014518,0.37028750724941,1.34632230848114,242554.350348554,,58390.2617699559,19.6244559255452,1.96244559255452,363.727633787922,1967333.05650628,5408.8083328125,1961924.24817347,6,87,87044000 = 3.14|87047000 = 6.033,SW 40TH ST|SW 87TH AVE,86000,87044000,87047000,Y,-80.33577,25.73309385,10,3.46097698399867,On-System / On-System,87044000,728,LPI-02078,1,3.14,3.1300000000000003,3.15,SW 40TH ST,Off Corridor,,0,0,0,0,,,Unmatched,,0
100021,225727,87047000,URBAN GENERAL,MIAMI,URBAN PRIN ART OTHER,DIVIDED,,SR  976,6,MIAMI-DADE,71000,6,40,1,LPI,Implement a Leading Pedestrian Interval (LPI),,LPI-02078,Potential Location,0.870000005,1,5408.8083328125,0.092632027479547,0.0449926990614943,0.191579875014518,0.37028750724941,1.34632230848114,242554.350348554,,58390.2617699559,19.6244559255452,1.96244559255452,363.727633787922,1967333.05650628,5408.8083328125,1961924.24817347,6,87,87044000 = 3.14|87047000 = 6.033,SW 40TH ST|SW 87TH AVE,86000,87044000,87047000,Y,-80.33577,25.73309385,10,3.46097698399867,On-System / On-System,87044000,728,LPI-02078,2,6.033,6.023000000000001,6.043,SW 87TH AVE,Off Corridor,,0,0,0,0,,,Unmatched,,0
107702,236089,87250000,URBAN GENERAL,MIAMI,URBAN MINOR ART,NOT DIVIDED,,SR  944,6,MIAMI-DADE,21000,4,40,1,LPI,Implement a Leading Pedestrian Interval (LPI),,LPI-00336,Potential Location,0.870000005,1,5408.8083328125,0.0928865094371181,0.0451163045837431,0.192106189972221,0.371304774087597,1.3500209723872,222160.913756351,,58230.2894746425,19.6783689197448,1.96783689197448,333.146213888313,1801924.01772404,5408.8083328125,1796515.20939123,6,87,87250000 = 4.572|87270700 = .379,NW 54TH ST|NW 6TH CT,6550,87250000,87270700,Y,-80.20696862,25.82498,10,3.47048510146043,On-System / On-System,87250000,729,LPI-00336,1,4.572,4.562,4.582,NW 54TH ST,Off Corridor,,0,0,0,0,89.5,180.9,No Match - Angle Mismatch,,0
107702,236089,87270700,URBAN GENERAL,MIAMI,URBAN MINOR ART,NOT DIVIDED,,SR  944,6,MIAMI-DADE,21000,4,40,1,LPI,Implement a Leading Pedestrian Interval (LPI),,LPI-00336,Potential Location,0.870000005,1,5408.8083328125,0.0928865094371181,0.0451163045837431,0.192106189972221,0.371304774087597,1.3500209723872,222160.913756351,,58230.2894746425,19.6783689197448,1.96783689197448,333.146213888313,1801924.01772404,5408.8083328125,1796515.20939123,6,87,87250000 = 4.572|87270700 = .379,NW 54TH ST|NW 6TH CT,6550,87250000,87270700,Y,-80.20696862,25.82498,10,3.47048510146043,On-System / On-System,87250000,729,LPI-00336,2,0.379,0.369,0.389,NW 6TH CT,On Corridor,"414964-8, 414964-7",5,106,0.02,100,3.1,191.5,Verified Match,"414964-8, 414964-7",5
105791,236664,87120000,URBAN GENERAL,MIAMI,URBAN PRIN ART OTHER,DIVIDED,,SR  953,6,MIAMI-DADE,38500,4,40,1,LPI,Implement a Leading Pedestrian Interval (LPI),,LPI-00786,Potential Location,0.870000005,1,5408.8083328125,0.093927754797186,0.0456220523300618,0.19425967469418,0.375467050994466,1.3651545271091,245565.115723453,,57584.7718759114,19.8989608060753,1.98989608060753,368.242492268625,1991753.06067818,5408.8083328125,1986344.25234537,6,87,87120000 = 13.593|87281000 = 2.615,SW 42ND AVE|SW 8TH ST|TAMIAMI TRL,57500,87281000,87120000,Y,-80.26329684,25.76442,10,3.50938877575047,On-System / On-System,87281000,730,LPI-00786,1,13.593,13.583,13.603,SW 42ND AVE,On Corridor,"440183-1, 452564-3",2,105,0.02,100,0,0.2,Verified Match,"440183-1, 452564-3",2
105791,236664,87281000,URBAN GENERAL,MIAMI,URBAN PRIN ART OTHER,DIVIDED,,SR  953,6,MIAMI-DADE,38500,4,40,1,LPI,Implement a Leading Pedestrian Interval (LPI),,LPI-00786,Potential Location,0.870000005,1,5408.8083328125,0.093927754797186,0.0456220523300618,0.19425967469418,0.375467050994466,1.3651545271091,245565.115723453,,57584.7718759114,19.8989608060753,1.98989608060753,368.242492268625,1991753.06067818,5408.8083328125,1986344.25234537,6,87,87120000 = 13.593|87281000 = 2.615,SW 42ND AVE|SW 8TH ST|TAMIAMI TRL,57500,87281000,87120000,Y,-80.26329684,25.76442,10,3.50938877575047,On-System / On-System,87281000,730,LPI-00786,2,2.615,2.6050000000000004,2.625,SW 8TH ST,On Corridor,"447809-1, 447829-1",4,106,0.02,100,0.2,7.7,Verified Match,"447809-1, 447829-1",4
100075,221806,87008000,URBAN GENERAL,MIAMI,URBAN MINOR ART,DIVIDED,,SR  916,6,MIAMI-DADE,37000,4,40,1,LPI,Implement a Leading Pedestrian Interval (LPI),,LPI-01711,Potential Location,0.870000005,1,5408.8083328125,0.0955511088252415,0.0464105385722602,0.197617065979477,0.381956250602719,1.3887485021305,249809.219296676,,56606.442346001,20.2428746816748,2.02428746816748,374.606829779047,2026176.54243738,5408.8083328125,2020767.73410457,6,87,87008000 = 8.614|87034000 = 2.971,NE 135TH ST|NE 6TH AVE,48982,87008000,87034000,Y,-80.18682996,25.899438,10,3.57004156594469,On-System / On-System,87008000,731,LPI-01711,1,8.614,8.604000000000001,8.624,NE 135TH ST,Off Corridor,,0,0,0,0,85.2,7.4,No Match - Angle Mismatch,,0
100075,221806,87034000,URBAN GENERAL,MIAMI,URBAN MINOR ART,DIVIDED,,SR  916,6,MIAMI-DADE,37000,4,40,1,LPI,Implement a Leading Pedestrian Interval (LPI),,LPI-01711,Potential Location,0.870000005,1,5408.8083328125,0.0955511088252415,0.0464105385722602,0.197617065979477,0.381956250602719,1.3887485021305,249809.219296676,,56606.442346001,20.2428746816748,2.02428746816748,374.606829779047,2026176.54243738,5408.8083328125,2020767.73410457,6,87,87008000 = 8.614|87034000 = 2.971,NE 135TH ST|NE 6TH AVE,48982,87008000,87034000,Y,-80.18682996,25.899438,10,3.57004156594469,On-System / On-System,87008000,731,LPI-01711,2,2.971,2.9610000000000003,2.981,NE 6TH AVE,On Corridor,"440179-2, 452293-1, 454557-2",6,106,0.02,100,0,0.3,Verified Match,"440179-2, 452293-1, 454557-2",6
105363,242892,88010000,URBAN GENERAL,VERO BEACH-SEBASTIAN,URBAN PRIN ART OTHER,DIVIDED,US    1,SR    5,4,INDIAN RIVER,22240,4,35,1,LPI,Implement a Leading Pedestrian Interval (LPI),,LPI-00924,Potential Location,0.870000005,1,5408.8083328125,0.0956841766976145,0.0464751715388413,0.197892274533703,0.382488176461373,1.39068252268465,250157.112499797,,56527.7198329841,20.2710656288833,2.02710656288833,375.128520572884,2028998.26795024,5408.8083328125,2023589.45961743,4,88,88010000 = 5.757|88060000 = 30.679,20TH ST|US-1,15309,88010000,88060000,Y,-80.38916,27.63799402,10,3.575013332796,On-System / On-System,88010000,732,LPI-00924,1,5.757,5.747,5.7669999999999995,20TH ST,Off Corridor,,0,0,0,0,89.7,0.6,No Match - Angle Mismatch,,0
105363,242892,88060000,URBAN GENERAL,VERO BEACH-SEBASTIAN,URBAN PRIN ART OTHER,DIVIDED,US    1,SR    5,4,INDIAN RIVER,22240,4,35,1,LPI,Implement a Leading Pedestrian Interval (LPI),,LPI-00924,Potential Location,0.870000005,1,5408.8083328125,0.0956841766976145,0.0464751715388413,0.197892274533703,0.382488176461373,1.39068252268465,250157.112499797,,56527.7198329841,20.2710656288833,2.02710656288833,375.128520572884,2028998.26795024,5408.8083328125,2023589.45961743,4,88,88010000 = 5.757|88060000 = 30.679,20TH ST|US-1,15309,88010000,88060000,Y,-80.38916,27.63799402,10,3.575013332796,On-System / On-System,88010000,732,LPI-00924,2,30.679,30.668999999999997,30.689,US-1,On Corridor,448443-1,2,105,0.02,100,0,0.5,Verified Match,448443-1,2
94587,203023,86020000,URBAN GENERAL,MIAMI,URBAN PRIN ART OTHER,DIVIDED,US    1,SR    5,4,BROWARD,47500,6,45,1,LPI,Implement a Leading Pedestrian Interval (LPI),,LPI-00057,Potential Location,0.870000005,1,5408.8083328125,0.0971961802368526,0.0472095732578998,0.201019372762582,0.388532263336406,1.4126581195788,254505.455566285,,55648.3631314733,20.5913894695937,2.05913894695937,381.649172674976,2064267.22537541,5408.8083328125,2058858.41704259,4,86,86020000 = 4.093|86090000 = 8.696,E OAKLAND PARK BLVD|N FEDERAL HWY,81500,86020000,86090000,Y,-80.11688523,26.16725,10,3.63150577489636,On-System / On-System,86020000,733,LPI-00057,1,4.093,4.083,4.103,E OAKLAND PARK BLVD,On Corridor,"444120-1, 457344-1, 457345-1",5,106,0.02,100,0.3,0.2,Verified Match,"444120-1, 457344-1, 457345-1",5
94587,203023,86090000,URBAN GENERAL,MIAMI,URBAN PRIN ART OTHER,DIVIDED,US    1,SR    5,4,BROWARD,47500,6,45,1,LPI,Implement a Leading Pedestrian Interval (LPI),,LPI-00057,Potential Location,0.870000005,1,5408.8083328125,0.0971961802368526,0.0472095732578998,0.201019372762582,0.388532263336406,1.4126581195788,254505.455566285,,55648.3631314733,20.5913894695937,2.05913894695937,381.649172674976,2064267.22537541,5408.8083328125,2058858.41704259,4,86,86020000 = 4.093|86090000 = 8.696,E OAKLAND PARK BLVD|N FEDERAL HWY,81500,86020000,86090000,Y,-80.11688523,26.16725,10,3.63150577489636,On-System / On-System,86020000,733,LPI-00057,2,8.696,8.686,8.706,N FEDERAL HWY,On Corridor,"448409-1, 444120-1",5,106,0.02,100,0.1,0.4,Verified Match,"448409-1, 444120-1",5
101372,223979,87053000,URBAN GENERAL,MIAMI,URBAN MINOR ART,DIVIDED,,SR  968,6,MIAMI-DADE,43500,4,40,1,LPI,Implement a Leading Pedestrian Interval (LPI),,LPI-00749,Potential Location,0.870000005,1,5408.8083328125,0.097314012502075,0.0472668060724364,0.20126307131111,0.389003286339463,1.41437070443357,254418.162056414,,55580.9815436104,20.6163526940678,2.06163526940678,381.518269800033,2063559.19681463,5408.8083328125,2058150.38848182,6,87,87053000 = 3.005|87062000 = 4.575,NW 57TH AVE|SW 57TH AVE|W FLAGLER ST,28650,87053000,87062000,Y,-80.28814,25.77079246,10,3.63590829926081,On-System / On-System,87053000,734,LPI-00749,1,3.005,2.995,3.0149999999999997,NW 57TH AVE,On Corridor,"458151-1, 437782-3",2,106,0.02,100,0.1,0.2,Verified Match,"458151-1, 437782-3",2
101372,223979,87062000,URBAN GENERAL,MIAMI,URBAN MINOR ART,DIVIDED,,SR  968,6,MIAMI-DADE,43500,4,40,1,LPI,Implement a Leading Pedestrian Interval (LPI),,LPI-00749,Potential Location,0.870000005,1,5408.8083328125,0.097314012502075,0.0472668060724364,0.20126307131111,0.389003286339463,1.41437070443357,254418.162056414,,55580.9815436104,20.6163526940678,2.06163526940678,381.518269800033,2063559.19681463,5408.8083328125,2058150.38848182,6,87,87053000 = 3.005|87062000 = 4.575,NW 57TH AVE|SW 57TH AVE|W FLAGLER ST,28650,87053000,87062000,Y,-80.28814,25.77079246,10,3.63590829926081,On-System / On-System,87053000,734,LPI-00749,2,4.575,4.565,4.585,SW 57TH AVE,Off Corridor,,0,0,0,0,89.8,0.7,No Match - Angle Mismatch,,0
96498,224321,87052000,URBAN GENERAL,MIAMI,URBAN PRIN ART OTHER,DIVIDED,,SR  924,6,MIAMI-DADE,44000,6,40,1,LPI,Implement a Leading Pedestrian Interval (LPI),,LPI-01946,Potential Location,0.870000005,1,5408.8083328125,0.0993474821687472,0.0482544913391058,0.205468656303545,0.397131883266758,1.44392533742986,260138.578976106,,54443.3358021629,21.0471511655614,2.10471511655614,390.09644499042,2109956.90226472,5408.8083328125,2104548.0939319,6,87,87052000 = 2.019|87140000 = 8.182,GRATIGNY RD|NW 119TH ST|NW 7TH AVE,54700,87052000,87140000,Y,-80.2105848,25.88374721,10,3.71188409192676,On-System / On-System,87052000,735,LPI-01946,1,2.019,2.0090000000000003,2.029,GRATIGNY RD,Off Corridor,,0,0,0,0,,,Unmatched,,0
96498,224321,87140000,URBAN GENERAL,MIAMI,URBAN PRIN ART OTHER,DIVIDED,,SR  924,6,MIAMI-DADE,44000,6,40,1,LPI,Implement a Leading Pedestrian Interval (LPI),,LPI-01946,Potential Location,0.870000005,1,5408.8083328125,0.0993474821687472,0.0482544913391058,0.205468656303545,0.397131883266758,1.44392533742986,260138.578976106,,54443.3358021629,21.0471511655614,2.10471511655614,390.09644499042,2109956.90226472,5408.8083328125,2104548.0939319,6,87,87052000 = 2.019|87140000 = 8.182,GRATIGNY RD|NW 119TH ST|NW 7TH AVE,54700,87052000,87140000,Y,-80.2105848,25.88374721,10,3.71188409192676,On-System / On-System,87052000,735,LPI-01946,2,8.182,8.172,8.192,NW 119TH ST,Off Corridor,,0,0,0,0,,,Unmatched,,0
104996,235845,87080900,URBAN GENERAL,MIAMI,URBAN PRIN ART OTHER,DIVIDED,,SR  953,6,MIAMI-DADE,41500,4,40,1,LPI,Implement a Leading Pedestrian Interval (LPI),,LPI-00159,Potential Location,0.870000005,1,5408.8083328125,0.0995613692979611,0.0483583793732954,0.205911013775329,0.397986876232629,1.44703399241014,260293.661080587,,54326.3754903306,21.0924639872119,2.10924639872119,390.329001721827,2111214.7570514,5408.8083328125,2105805.94871859,6,87,87080900 = 34.94|87281000 = 8.196,E 25TH ST|E 8TH AVE,53600,87281000,87080900,Y,-80.26626,25.84522778,10,3.71987547947947,On-System / On-System,87281000,736,LPI-00159,1,34.94,34.93,34.949999999999996,E 25TH ST,Off Corridor,,0,0,0,0,84.6,30,No Match - Angle Mismatch,,0
104996,235845,87281000,URBAN GENERAL,MIAMI,URBAN PRIN ART OTHER,DIVIDED,,SR  953,6,MIAMI-DADE,41500,4,40,1,LPI,Implement a Leading Pedestrian Interval (LPI),,LPI-00159,Potential Location,0.870000005,1,5408.8083328125,0.0995613692979611,0.0483583793732954,0.205911013775329,0.397986876232629,1.44703399241014,260293.661080587,,54326.3754903306,21.0924639872119,2.10924639872119,390.329001721827,2111214.7570514,5408.8083328125,2105805.94871859,6,87,87080900 = 34.94|87281000 = 8.196,E 25TH ST|E 8TH AVE,53600,87281000,87080900,Y,-80.26626,25.84522778,10,3.71987547947947,On-System / On-System,87281000,736,LPI-00159,2,8.196,8.186,8.206,E 8TH AVE,On Corridor,453291-1,3,106,0.02,100,0.5,58.5,Verified Match,453291-1,3
90412,194726,86010000,URBAN GENERAL,MIAMI,URBAN PRIN ART OTHER,DIVIDED,US    1,SR    5,4,BROWARD,47500,6,40,1,LPI,Implement a Leading Pedestrian Interval (LPI),,LPI-00847,Potential Location,0.870000005,1,5408.8083328125,0.100162090228021,0.0486501581107533,0.207153413880681,0.400388199638766,1.45576492501863,262271.607195202,,54000.5537074877,21.2197290567163,2.12197290567163,393.295073692893,2127257.67184423,5408.8083328125,2121848.86351142,4,86,86010000 = 8.802|86025502 = 1.038|86180000 = .004,S FEDERAL HWY|SE 17TH ST|SE 6TH AVE,73900,86010000,86180000,Y,-80.13678511,26.10035,10,3.74231999860871,On-System / On-System,86010000,737,LPI-00847,1,8.802,8.792,8.812,S FEDERAL HWY,On Corridor,457345-1,1,106,0.02,100,0,0.5,Verified Match,457345-1,1
90412,194726,86025502,URBAN GENERAL,MIAMI,URBAN PRIN ART OTHER,DIVIDED,US    1,SR    5,4,BROWARD,47500,6,40,1,LPI,Implement a Leading Pedestrian Interval (LPI),,LPI-00847,Potential Location,0.870000005,1,5408.8083328125,0.100162090228021,0.0486501581107533,0.207153413880681,0.400388199638766,1.45576492501863,262271.607195202,,54000.5537074877,21.2197290567163,2.12197290567163,393.295073692893,2127257.67184423,5408.8083328125,2121848.86351142,4,86,86010000 = 8.802|86025502 = 1.038|86180000 = .004,S FEDERAL HWY|SE 17TH ST|SE 6TH AVE,73900,86010000,86180000,Y,-80.13678511,26.10035,10,3.74231999860871,On-System / On-System,86010000,737,LPI-00847,2,1.038,1.028,1.048,SE 17TH ST,On Corridor,"449825-1, 441754-1",4,79,0.02,100,0.3,40.2,Verified Match,"449825-1, 441754-1",4
90412,194726,86180000,URBAN GENERAL,MIAMI,URBAN PRIN ART OTHER,DIVIDED,US    1,SR    5,4,BROWARD,47500,6,40,1,LPI,Implement a Leading Pedestrian Interval (LPI),,LPI-00847,Potential Location,0.870000005,1,5408.8083328125,0.100162090228021,0.0486501581107533,0.207153413880681,0.400388199638766,1.45576492501863,262271.607195202,,54000.5537074877,21.2197290567163,2.12197290567163,393.295073692893,2127257.67184423,5408.8083328125,2121848.86351142,4,86,86010000 = 8.802|86025502 = 1.038|86180000 = .004,S FEDERAL HWY|SE 17TH ST|SE 6TH AVE,73900,86010000,86180000,Y,-80.13678511,26.10035,10,3.74231999860871,On-System / On-System,86010000,737,LPI-00847,3,0.004,0,0.014,SE 6TH AVE,On Corridor,"449825-1, 441754-1",4,74,0.01,100,0.1,0.4,Verified Parallel Fallback,"449825-1, 441754-1",4
117261,264241,93070000,URBAN GENERAL,MIAMI,URBAN PRIN ART OTHER,DIVIDED,,SR  809,4,PALM BEACH,43500,6,40,1,LPI,Implement a Leading Pedestrian Interval (LPI),,LPI-00255,Potential Location,0.870000005,1,5408.8083328125,0.10123670591341,0.0491721143007993,0.209375914502735,0.404683871170749,1.47138348708241,265085.458047182,,53427.3442029885,21.4473905764803,2.14473905764803,397.514644732339,2150080.52284328,5408.8083328125,2144671.71451047,4,93,93070000 = 22.185|93559000 = 2.051,PURDY LN|S MILITARY TRL,26500,93070000,93559000,Y,-80.11249769,26.64427,10,3.78247047631035,On-System / On-System,93070000,738,LPI-00255,1,22.185,22.174999999999997,22.195,PURDY LN,On Corridor,445628-1,1,106,0.02,100,0,0.8,Verified Match,445628-1,1
117261,264241,93559000,URBAN GENERAL,MIAMI,URBAN PRIN ART OTHER,DIVIDED,,SR  809,4,PALM BEACH,43500,6,40,1,LPI,Implement a Leading Pedestrian Interval (LPI),,LPI-00255,Potential Location,0.870000005,1,5408.8083328125,0.10123670591341,0.0491721143007993,0.209375914502735,0.404683871170749,1.47138348708241,265085.458047182,,53427.3442029885,21.4473905764803,2.14473905764803,397.514644732339,2150080.52284328,5408.8083328125,2144671.71451047,4,93,93070000 = 22.185|93559000 = 2.051,PURDY LN|S MILITARY TRL,26500,93070000,93559000,Y,-80.11249769,26.64427,10,3.78247047631035,On-System / On-System,93070000,738,LPI-00255,2,2.051,2.0410000000000004,2.061,S MILITARY TRL,Off Corridor,,0,0,0,0,89.8,16.1,No Match - Angle Mismatch,,0
49210,113719,55060000,URBAN GENERAL,TALLAHASSEE,URBAN PRIN ART OTHER,DIVIDED,US   90,SR   10,3,LEON,38500,6,35,1,LPI,Implement a Leading Pedestrian Interval (LPI),,LPI-00975,Potential Location,0.870000005,1,5408.8083328125,0.118560008886727,0.0500175037490881,0.198402764871383,0.358921901903178,1.16716771248566,220791.250518023,,45620.8495900173,17.8636588389799,1.78636588389799,331.092305689811,1790814.82194515,5408.8083328125,1785406.01361234,3,55,55060000 = 6.645|55A04825 = .01,CALIARK ST|W TENNESSEE ST,19000,55060000,55A04825,Y,-84.30983784,30.44910765,10,3.84750043637217,On-System / Off-System,55060000,739,LPI-00975,1,6.645,6.635,6.654999999999999,CALIARK ST,On Corridor,"445605-1, 458097-1",2,105,0.02,100,0,0.9,Verified Match,"445605-1, 458097-1",2
65925,138318,72040000,URBAN GENERAL,JACKSONVILLE,URBAN PRIN ART OTHER,1WAY,US    1,SR    5,2,DUVAL,31000,4,35,1,LPI,Implement a Leading Pedestrian Interval (LPI),,LPI-01321,Potential Location,0.870000005,1,5408.8083328125,0.103567286843964,0.0503041107527824,0.214195979609107,0.414000141436001,1.50525636219807,349068.070845185,,52225.0654394519,21.9411332268035,2.19411332268035,523.452592200398,2831254.74252582,5408.8083328125,2825845.934193,2,72,72040000 = 15.968|72050000 = 8.845|72050443 = .001|72080000 = 0,E STATE ST|MAIN ST N|STATE ST W,36700,72040000,72080000,Y,-81.6559931,30.33298067,10,3.869547129812,On-System / On-System,72040000,740,LPI-01321,1,15.968,15.958,15.978,E STATE ST,Off Corridor,,0,0,0,0,89.1,25.3,No Match - Angle Mismatch,,0
65925,138318,72050000,URBAN GENERAL,JACKSONVILLE,URBAN PRIN ART OTHER,1WAY,US    1,SR    5,2,DUVAL,31000,4,35,1,LPI,Implement a Leading Pedestrian Interval (LPI),,LPI-01321,Potential Location,0.870000005,1,5408.8083328125,0.103567286843964,0.0503041107527824,0.214195979609107,0.414000141436001,1.50525636219807,349068.070845185,,52225.0654394519,21.9411332268035,2.19411332268035,523.452592200398,2831254.74252582,5408.8083328125,2825845.934193,2,72,72040000 = 15.968|72050000 = 8.845|72050443 = .001|72080000 = 0,E STATE ST|MAIN ST N|STATE ST W,36700,72040000,72080000,Y,-81.6559931,30.33298067,10,3.869547129812,On-System / On-System,72040000,740,LPI-01321,2,8.845,8.835,8.855,MAIN ST N,Off Corridor,,0,0,0,0,46.6,1.1,No Match - Angle Mismatch,,0
65925,138318,72050443,URBAN GENERAL,JACKSONVILLE,URBAN PRIN ART OTHER,1WAY,US    1,SR    5,2,DUVAL,31000,4,35,1,LPI,Implement a Leading Pedestrian Interval (LPI),,LPI-01321,Potential Location,0.870000005,1,5408.8083328125,0.103567286843964,0.0503041107527824,0.214195979609107,0.414000141436001,1.50525636219807,349068.070845185,,52225.0654394519,21.9411332268035,2.19411332268035,523.452592200398,2831254.74252582,5408.8083328125,2825845.934193,2,72,72040000 = 15.968|72050000 = 8.845|72050443 = .001|72080000 = 0,E STATE ST|MAIN ST N|STATE ST W,36700,72040000,72080000,Y,-81.6559931,30.33298067,10,3.869547129812,On-System / On-System,72040000,740,LPI-01321,3,0.001,0,0.011,STATE ST W,On Corridor,208957-2,1,58,0.01,100,0,1,Verified Parallel Fallback,208957-2,1
65925,138318,72080000,URBAN GENERAL,JACKSONVILLE,URBAN PRIN ART OTHER,1WAY,US    1,SR    5,2,DUVAL,31000,4,35,1,LPI,Implement a Leading Pedestrian Interval (LPI),,LPI-01321,Potential Location,0.870000005,1,5408.8083328125,0.103567286843964,0.0503041107527824,0.214195979609107,0.414000141436001,1.50525636219807,349068.070845185,,52225.0654394519,21.9411332268035,2.19411332268035,523.452592200398,2831254.74252582,5408.8083328125,2825845.934193,2,72,72040000 = 15.968|72050000 = 8.845|72050443 = .001|72080000 = 0,E STATE ST|MAIN ST N|STATE ST W,36700,72040000,72080000,Y,-81.6559931,30.33298067,10,3.869547129812,On-System / On-System,72040000,740,LPI-01321,4,0,0,0.01,,Off Corridor,,0,0,0,0,89.9,27.5,No Match - Angle Mismatch,,0
105941,231852,87140000,URBAN GENERAL,MIAMI,URBAN MINOR ART,DIVIDED,US  441,SR    7,6,MIAMI-DADE,27000,4,35,1,LPI,Implement a Leading Pedestrian Interval (LPI),,LPI-00341,Potential Location,0.870000005,1,5408.8083328125,0.105940073378511,0.0514566070695625,0.219103333578284,0.423485124492282,1.53974265739904,276970.171757204,,51055.3576217328,22.4438172987702,2.24438172987702,415.336624794875,2246476.19711274,5408.8083328125,2241067.38877993,6,87,87140000 = 4.134|87250000 = 4.497,NW 54TH ST|NW 7TH AVE,43800,87140000,87250000,Y,-80.20815006,25.82495221,10,3.95820069605099,On-System / On-System,87140000,741,LPI-00341,1,4.134,4.1240000000000006,4.144,NW 54TH ST,Off Corridor,,0,0,0,0,,,Unmatched,,0
105941,231852,87250000,URBAN GENERAL,MIAMI,URBAN MINOR ART,DIVIDED,US  441,SR    7,6,MIAMI-DADE,27000,4,35,1,LPI,Implement a Leading Pedestrian Interval (LPI),,LPI-00341,Potential Location,0.870000005,1,5408.8083328125,0.105940073378511,0.0514566070695625,0.219103333578284,0.423485124492282,1.53974265739904,276970.171757204,,51055.3576217328,22.4438172987702,2.24438172987702,415.336624794875,2246476.19711274,5408.8083328125,2241067.38877993,6,87,87140000 = 4.134|87250000 = 4.497,NW 54TH ST|NW 7TH AVE,43800,87140000,87250000,Y,-80.20815006,25.82495221,10,3.95820069605099,On-System / On-System,87140000,741,LPI-00341,2,4.497,4.487,4.507,NW 7TH AVE,Off Corridor,,0,0,0,0,,,Unmatched,,0
99571,206132,86090000,SUBURBAN COMMERCIAL,MIAMI,URBAN PRIN ART OTHER,DIVIDED,,SR  816,4,BROWARD,60500,6,45,1,LPI,Implement a Leading Pedestrian Interval (LPI),,LPI-00374,Potential Location,0.870000005,1,5408.8083328125,0.106948312994625,0.0519463234545321,0.221188556420702,0.42751546415254,1.55439650363779,376697.680061367,,50574.0406871527,22.6574167896502,2.26574167896502,564.885171612992,3055355.62330257,5408.8083328125,3049946.81496976,4,86,86090000 = 3.333|86100000 = 13.293,SR-7|W OAKLAND PARK BLVD,108750,86090000,86100000,Y,-80.20309532,26.16471,10,3.99587118865136,On-System / On-System,86090000,742,LPI-00374,1,3.333,3.3230000000000004,3.343,SR-7,On Corridor,"447675-1, 453154-1",3,106,0.02,100,0.2,0.3,Verified Match,"447675-1, 453154-1",3
99571,206132,86100000,SUBURBAN COMMERCIAL,MIAMI,URBAN PRIN ART OTHER,DIVIDED,,SR  816,4,BROWARD,60500,6,45,1,LPI,Implement a Leading Pedestrian Interval (LPI),,LPI-00374,Potential Location,0.870000005,1,5408.8083328125,0.106948312994625,0.0519463234545321,0.221188556420702,0.42751546415254,1.55439650363779,376697.680061367,,50574.0406871527,22.6574167896502,2.26574167896502,564.885171612992,3055355.62330257,5408.8083328125,3049946.81496976,4,86,86090000 = 3.333|86100000 = 13.293,SR-7|W OAKLAND PARK BLVD,108750,86090000,86100000,Y,-80.20309532,26.16471,10,3.99587118865136,On-System / On-System,86090000,742,LPI-00374,2,13.293,13.283,13.302999999999999,W OAKLAND PARK BLVD,Off Corridor,,0,0,0,0,89.9,24.6,No Match - Angle Mismatch,,0
84633,197484,86010000,URBAN GENERAL,MIAMI,URBAN PRIN ART OTHER,DIVIDED,US    1,SR    5,4,BROWARD,30000,4,35,1,LPI,Implement a Leading Pedestrian Interval (LPI),,LPI-00850,Potential Location,0.870000005,1,5408.8083328125,0.108071212342033,0.0524917317089876,0.22351091643466,0.432004144920491,1.57071682483478,282541.830393462,,50048.5579424632,22.8953073913312,2.28953073913312,423.691726276783,2291667.33962957,5408.8083328125,2286258.53129676,4,86,86010000 = 4.149|86230000 = 4.054,N FEDERAL HWY|S FEDERAL HWY|SHERIDAN ST,44250,86010000,86230000,Y,-80.1433078,26.03360005,10,4.03782567137696,On-System / On-System,86010000,743,LPI-00850,1,4.149,4.139,4.159,N FEDERAL HWY,On Corridor,"449815-1, 457344-1, 457345-1",4,106,0.02,100,0,0.4,Verified Match,"449815-1, 457344-1, 457345-1",4
84633,197484,86230000,URBAN GENERAL,MIAMI,URBAN PRIN ART OTHER,DIVIDED,US    1,SR    5,4,BROWARD,30000,4,35,1,LPI,Implement a Leading Pedestrian Interval (LPI),,LPI-00850,Potential Location,0.870000005,1,5408.8083328125,0.108071212342033,0.0524917317089876,0.22351091643466,0.432004144920491,1.57071682483478,282541.830393462,,50048.5579424632,22.8953073913312,2.28953073913312,423.691726276783,2291667.33962957,5408.8083328125,2286258.53129676,4,86,86010000 = 4.149|86230000 = 4.054,N FEDERAL HWY|S FEDERAL HWY|SHERIDAN ST,44250,86010000,86230000,Y,-80.1433078,26.03360005,10,4.03782567137696,On-System / On-System,86010000,743,LPI-00850,2,4.054,4.0440000000000005,4.064,S FEDERAL HWY,On Corridor,447922-1,4,105,0.02,100,0,0.4,Verified Match,447922-1,4
105840,231618,87008000,URBAN GENERAL,MIAMI,URBAN MINOR ART,DIVIDED,US  441,SR    7,6,MIAMI-DADE,25500,4,35,1,LPI,Implement a Leading Pedestrian Interval (LPI),,LPI-00425,Potential Location,0.870000005,1,5408.8083328125,0.109609851802031,0.0532390708752724,0.226693102590565,0.438154706294354,1.59307955062271,369434.21692418,,49346.005344314,23.221274155631,2.3221274155631,553.993088019364,2996442.43079966,5408.8083328125,2991033.62246685,6,87,87008000 = 7.092|87140000 = 9.184,NW 135TH ST|NW 7TH AVE,35000,87140000,87008000,Y,-80.21126997,25.89828933,10,4.09531330176377,On-System / On-System,87140000,744,LPI-00425,1,7.092,7.082,7.101999999999999,NW 135TH ST,On Corridor,452559-1,1,105,0.02,100,0.1,63.6,Verified Match,452559-1,1
105840,231618,87140000,URBAN GENERAL,MIAMI,URBAN MINOR ART,DIVIDED,US  441,SR    7,6,MIAMI-DADE,25500,4,35,1,LPI,Implement a Leading Pedestrian Interval (LPI),,LPI-00425,Potential Location,0.870000005,1,5408.8083328125,0.109609851802031,0.0532390708752724,0.226693102590565,0.438154706294354,1.59307955062271,369434.21692418,,49346.005344314,23.221274155631,2.3221274155631,553.993088019364,2996442.43079966,5408.8083328125,2991033.62246685,6,87,87008000 = 7.092|87140000 = 9.184,NW 135TH ST|NW 7TH AVE,35000,87140000,87008000,Y,-80.21126997,25.89828933,10,4.09531330176377,On-System / On-System,87140000,744,LPI-00425,2,9.184,9.174,9.193999999999999,NW 7TH AVE,Off Corridor,,0,0,0,0,89.7,48.4,No Match - Angle Mismatch,,0
77943,146342,72150000,URBAN GENERAL,JACKSONVILLE,URBAN MINOR ART,DIVIDED,,SR  115,2,DUVAL,28000,4,35,1,LPI,Implement a Leading Pedestrian Interval (LPI),,LPI-01436,Potential Location,0.870000005,1,5408.8083328125,0.113584751681468,0.0551697365309989,0.23491391825031,0.454043981396831,1.65085110682498,296956.450745643,,47619.1412380836,24.0633721817126,2.40633721817126,445.30748268402,2408582.82300508,5408.8083328125,2403174.01467227,2,72,72150000 = 2.717|72291000 = 9.804,EDGEWOOD AVE W|LEM TURNER RD,46600,72150000,72291000,Y,-81.67925189,30.39095893,10,4.24382605022399,On-System / On-System,72150000,745,LPI-01436,1,2.717,2.7070000000000003,2.727,EDGEWOOD AVE W,Off Corridor,,0,0,0,0,,,Unmatched,,0
77943,146342,72291000,URBAN GENERAL,JACKSONVILLE,URBAN MINOR ART,DIVIDED,,SR  115,2,DUVAL,28000,4,35,1,LPI,Implement a Leading Pedestrian Interval (LPI),,LPI-01436,Potential Location,0.870000005,1,5408.8083328125,0.113584751681468,0.0551697365309989,0.23491391825031,0.454043981396831,1.65085110682498,296956.450745643,,47619.1412380836,24.0633721817126,2.40633721817126,445.30748268402,2408582.82300508,5408.8083328125,2403174.01467227,2,72,72150000 = 2.717|72291000 = 9.804,EDGEWOOD AVE W|LEM TURNER RD,46600,72150000,72291000,Y,-81.67925189,30.39095893,10,4.24382605022399,On-System / On-System,72150000,745,LPI-01436,2,9.804,9.794,9.814,LEM TURNER RD,Off Corridor,,0,0,0,0,,,Unmatched,,0
95333,207915,86039000,URBAN GENERAL,MIAMI,URBAN PRIN ART OTHER,DIVIDED,,SR  814,4,BROWARD,51000,6,45,1,LPI,Implement a Leading Pedestrian Interval (LPI),,LPI-00094,Potential Location,0.870000005,1,5408.8083328125,0.132723653929874,0.0559927915016655,0.222104739623273,0.401800124201766,1.30660215872683,332478.123010419,,40752.4067689571,19.9977217944652,1.99977217944652,498.574776313223,2696695.40465309,5408.8083328125,2691286.59632028,4,86,86039000 = 2.482|86130000 = 3.229,ATLANTIC BLVD EXT|W ATLANTIC BLVD,59000,86130000,86039000,Y,-80.1655901,26.23144285,10,4.30713797347957,On-System / On-System,86130000,746,LPI-00094,1,2.482,2.4720000000000004,2.492,ATLANTIC BLVD EXT,On Corridor,444119-1,2,53,0.01,100,0.2,0.2,Verified Parallel Fallback,444119-1,2
95333,207915,86130000,URBAN GENERAL,MIAMI,URBAN PRIN ART OTHER,DIVIDED,,SR  814,4,BROWARD,51000,6,45,1,LPI,Implement a Leading Pedestrian Interval (LPI),,LPI-00094,Potential Location,0.870000005,1,5408.8083328125,0.132723653929874,0.0559927915016655,0.222104739623273,0.401800124201766,1.30660215872683,332478.123010419,,40752.4067689571,19.9977217944652,1.99977217944652,498.574776313223,2696695.40465309,5408.8083328125,2691286.59632028,4,86,86039000 = 2.482|86130000 = 3.229,ATLANTIC BLVD EXT|W ATLANTIC BLVD,59000,86130000,86039000,Y,-80.1655901,26.23144285,10,4.30713797347957,On-System / On-System,86130000,746,LPI-00094,2,3.229,3.2190000000000003,3.239,W ATLANTIC BLVD,On Corridor,445719-1,1,83,0.02,78,7,32.2,Verified Match,445719-1,1
103130,233907,87250000,URBAN GENERAL,MIAMI,URBAN PRIN ART OTHER,DIVIDED,,SR  953,6,MIAMI-DADE,36500,4,40,1,LPI,Implement a Leading Pedestrian Interval (LPI),,LPI-00151,Potential Location,0.870000005,1,5408.8083328125,0.115913299449407,0.0563007454468547,0.239729778406727,0.463352124292563,1.68469443177035,303044.215787361,,46662.5344848657,24.5566840986144,2.45566840986144,454.436522713601,2457960.05078766,5408.8083328125,2452551.24245485,6,87,87250000 = .942|87281000 = 6.675,E 8TH AVE|HIALEAH DR|SE 8TH AVE,37900,87281000,87250000,Y,-80.26516697,25.82318011,10,4.33082673940523,On-System / On-System,87281000,747,LPI-00151,1,0.942,0.9319999999999999,0.952,E 8TH AVE,Off Corridor,,0,0,0,0,,,Unmatched,,0
103130,233907,87281000,URBAN GENERAL,MIAMI,URBAN PRIN ART OTHER,DIVIDED,,SR  953,6,MIAMI-DADE,36500,4,40,1,LPI,Implement a Leading Pedestrian Interval (LPI),,LPI-00151,Potential Location,0.870000005,1,5408.8083328125,0.115913299449407,0.0563007454468547,0.239729778406727,0.463352124292563,1.68469443177035,303044.215787361,,46662.5344848657,24.5566840986144,2.45566840986144,454.436522713601,2457960.05078766,5408.8083328125,2452551.24245485,6,87,87250000 = .942|87281000 = 6.675,E 8TH AVE|HIALEAH DR|SE 8TH AVE,37900,87281000,87250000,Y,-80.26516697,25.82318011,10,4.33082673940523,On-System / On-System,87281000,747,LPI-00151,2,6.675,6.665,6.685,HIALEAH DR,Off Corridor,,0,0,0,0,,,Unmatched,,0
102745,237358,87090000,URBAN GENERAL,MIAMI,URBAN PRIN ART OTHER,DIVIDED,,SR    9,6,MIAMI-DADE,37500,6,35,1,LPI,Implement a Leading Pedestrian Interval (LPI),,LPI-00981,Potential Location,0.870000005,1,5408.8083328125,0.115914092473252,0.0563011306298654,0.239731418524226,0.463355294328143,1.68470595765102,303046.289072226,,46662.2152441094,24.5568521038058,2.45568521038058,454.439631752861,2457976.86698512,5408.8083328125,2452568.05865231,6,87,87090000 = 16.481|87240000 = 4.772,NW 27TH AVE|NW 36TH ST|UNITY BLVD,31000,87240000,87090000,Y,-80.24023226,25.80909,10,4.33085636886873,On-System / On-System,87240000,748,LPI-00981,1,16.481,16.471,16.491000000000003,NW 27TH AVE,On Corridor,453297-2,1,83,0.02,79,0,20.1,Verified Match,453297-2,1
102745,237358,87240000,URBAN GENERAL,MIAMI,URBAN PRIN ART OTHER,DIVIDED,,SR    9,6,MIAMI-DADE,37500,6,35,1,LPI,Implement a Leading Pedestrian Interval (LPI),,LPI-00981,Potential Location,0.870000005,1,5408.8083328125,0.115914092473252,0.0563011306298654,0.239731418524226,0.463355294328143,1.68470595765102,303046.289072226,,46662.2152441094,24.5568521038058,2.45568521038058,454.439631752861,2457976.86698512,5408.8083328125,2452568.05865231,6,87,87090000 = 16.481|87240000 = 4.772,NW 27TH AVE|NW 36TH ST|UNITY BLVD,31000,87240000,87090000,Y,-80.24023226,25.80909,10,4.33085636886873,On-System / On-System,87240000,748,LPI-00981,2,4.772,4.7620000000000005,4.782,NW 36TH ST,On Corridor,"451124-1, 457511-1",7,106,0.02,100,0,0.3,Verified Match,"451124-1, 457511-1",7
92842,204796,86015000,URBAN GENERAL,MIAMI,URBAN PRIN ART OTHER,DIVIDED,,SR  817,4,BROWARD,46500,6,45,1,LPI,Implement a Leading Pedestrian Interval (LPI),,LPI-00848,Potential Location,0.870000005,1,5408.8083328125,0.118841435139156,0.057722982781876,0.245785695401437,0.475057061504316,1.72725222207933,311182.944808506,,45512.8156814927,25.1770210528088,2.51770210528088,466.641130236195,2523972.43365458,5408.8083328125,2518563.62532176,4,86,86015000 = 3.81|86220000 = 6.429,GRIFFIN RD|S UNIVERSITY DR,52372,86220000,86015000,Y,-80.25219972,26.06448,10,4.44022961553775,On-System / On-System,86220000,749,LPI-00848,1,3.81,3.8000000000000003,3.82,GRIFFIN RD,On Corridor,448399-1,1,106,0.02,100,0.1,0.2,Verified Match,448399-1,1
92842,204796,86220000,URBAN GENERAL,MIAMI,URBAN PRIN ART OTHER,DIVIDED,,SR  817,4,BROWARD,46500,6,45,1,LPI,Implement a Leading Pedestrian Interval (LPI),,LPI-00848,Potential Location,0.870000005,1,5408.8083328125,0.118841435139156,0.057722982781876,0.245785695401437,0.475057061504316,1.72725222207933,311182.944808506,,45512.8156814927,25.1770210528088,2.51770210528088,466.641130236195,2523972.43365458,5408.8083328125,2518563.62532176,4,86,86015000 = 3.81|86220000 = 6.429,GRIFFIN RD|S UNIVERSITY DR,52372,86220000,86015000,Y,-80.25219972,26.06448,10,4.44022961553775,On-System / On-System,86220000,749,LPI-00848,2,6.429,6.4190000000000005,6.439,S UNIVERSITY DR,On Corridor,"446998-1, 455315-1",2,106,0.02,100,0.1,0.5,Verified Match,"446998-1, 455315-1",2
102648,236137,87080900,URBAN GENERAL,MIAMI,URBAN PRIN ART OTHER,DIVIDED,,SR    9,6,MIAMI-DADE,32000,5,40,1,LPI,Implement a Leading Pedestrian Interval (LPI),,LPI-01606,Potential Location,0.870000005,1,5408.8083328125,0.119770221961938,0.0581741078100844,0.247706595421282,0.478769796362138,1.74075129419681,313614.9468983,,45159.8756703595,25.3737881598651,2.53737881598651,470.288091687174,2543698.14914008,5408.8083328125,2538289.34080726,6,87,87080900 = 36.465|87240000 = 7.32,NW 27TH AVE|NW 79TH ST|UNITY BLVD,50250,87240000,87080900,Y,-80.24173633,25.84595523,10,4.47493154211924,On-System / On-System,87240000,750,LPI-01606,1,36.465,36.455000000000005,36.475,NW 27TH AVE,On Corridor,410646-7,3,105,0.02,100,0.2,0.2,Verified Match,410646-7,3
102648,236137,87240000,URBAN GENERAL,MIAMI,URBAN PRIN ART OTHER,DIVIDED,,SR    9,6,MIAMI-DADE,32000,5,40,1,LPI,Implement a Leading Pedestrian Interval (LPI),,LPI-01606,Potential Location,0.870000005,1,5408.8083328125,0.119770221961938,0.0581741078100844,0.247706595421282,0.478769796362138,1.74075129419681,313614.9468983,,45159.8756703595,25.3737881598651,2.53737881598651,470.288091687174,2543698.14914008,5408.8083328125,2538289.34080726,6,87,87080900 = 36.465|87240000 = 7.32,NW 27TH AVE|NW 79TH ST|UNITY BLVD,50250,87240000,87080900,Y,-80.24173633,25.84595523,10,4.47493154211924,On-System / On-System,87240000,750,LPI-01606,2,7.32,7.3100000000000005,7.33,NW 79TH ST,On Corridor,438076-1,4,106,0.02,100,0,0.3,Verified Match,438076-1,4
103987,235831,87053000,URBAN GENERAL,MIAMI,URBAN PRIN ART OTHER,DIVIDED,,SR    9,6,MIAMI-DADE,46000,6,40,1,LPI,Implement a Leading Pedestrian Interval (LPI),,LPI-00734,Potential Location,0.870000005,1,5408.8083328125,0.122383511987292,0.0594434201081132,0.253111354337354,0.489216168697253,1.77873308899712,319959.966558279,,44195.5639692228,25.9274238333857,2.59274238333857,479.80290345594,2595161.94232012,5408.8083328125,2589753.13398731,6,87,87053000 = 6.06|87240000 = 2.235,NW 27TH AVE|SW 27TH AVE|W FLAGLER ST,55250,87240000,87053000,Y,-80.2390988,25.77234,10,4.57257095341528,On-System / On-System,87240000,751,LPI-00734,1,6.06,6.05,6.069999999999999,NW 27TH AVE,On Corridor,437782-3,1,106,0.02,100,0,0.2,Verified Match,437782-3,1
103987,235831,87240000,URBAN GENERAL,MIAMI,URBAN PRIN ART OTHER,DIVIDED,,SR    9,6,MIAMI-DADE,46000,6,40,1,LPI,Implement a Leading Pedestrian Interval (LPI),,LPI-00734,Potential Location,0.870000005,1,5408.8083328125,0.122383511987292,0.0594434201081132,0.253111354337354,0.489216168697253,1.77873308899712,319959.966558279,,44195.5639692228,25.9274238333857,2.59274238333857,479.80290345594,2595161.94232012,5408.8083328125,2589753.13398731,6,87,87053000 = 6.06|87240000 = 2.235,NW 27TH AVE|SW 27TH AVE|W FLAGLER ST,55250,87240000,87053000,Y,-80.2390988,25.77234,10,4.57257095341528,On-System / On-System,87240000,751,LPI-00734,2,2.235,2.225,2.2449999999999997,SW 27TH AVE,Off Corridor,,0,0,0,0,89.9,1.8,No Match - Angle Mismatch,,0
105608,243361,89010000,SUBURBAN COMMERCIAL,PORT SAINT LUCIE,URBAN PRIN ART OTHER,DIVIDED,US    1,SR    5,4,MARTIN,36000,6,45,1,LPI,Implement a Leading Pedestrian Interval (LPI),,LPI-00925,Potential Location,0.870000005,1,5408.8083328125,0.13060837656535,0.0634383543317416,0.270121869714702,0.522094263724868,1.89827401848958,460034.114341024,,41412.4153063505,27.6698934391743,2.76698934391743,689.854128076992,3731288.75636794,5408.8083328125,3725879.94803512,4,89,89010000 = 17.521|89092000 = 1.33,SE FEDERAL HWY|SE MONTEREY RD,53000,89010000,89092000,Y,-80.23679135,27.17793799,10,4.87987359782141,On-System / On-System,89010000,752,LPI-00925,1,17.521,17.511,17.531000000000002,SE FEDERAL HWY,On Corridor,"447649-1, 441636-3",8,106,0.02,100,0,0.4,Verified Match,"447649-1, 441636-3",8
105608,243361,89092000,SUBURBAN COMMERCIAL,PORT SAINT LUCIE,URBAN PRIN ART OTHER,DIVIDED,US    1,SR    5,4,MARTIN,36000,6,45,1,LPI,Implement a Leading Pedestrian Interval (LPI),,LPI-00925,Potential Location,0.870000005,1,5408.8083328125,0.13060837656535,0.0634383543317416,0.270121869714702,0.522094263724868,1.89827401848958,460034.114341024,,41412.4153063505,27.6698934391743,2.76698934391743,689.854128076992,3731288.75636794,5408.8083328125,3725879.94803512,4,89,89010000 = 17.521|89092000 = 1.33,SE FEDERAL HWY|SE MONTEREY RD,53000,89010000,89092000,Y,-80.23679135,27.17793799,10,4.87987359782141,On-System / On-System,89010000,752,LPI-00925,2,1.33,1.32,1.34,SE MONTEREY RD,On Corridor,441636-3,7,106,0.02,100,4,1.2,Verified Match,441636-3,7
12225,27167,10040000,URBAN GENERAL,TAMPA-ST PETERSBURG,URBAN PRIN ART OTHER,DIVIDED,,SR  574,7,HILLSBOROUGH,29500,4,35,1,LPI,Implement a Leading Pedestrian Interval (LPI),,LPI-02135,Potential Location,0.870000005,1,5408.8083328125,0.131265831830816,0.0637576897463965,0.271481606741007,0.524722377110718,1.90782953308652,343181.940776417,,41204.9979600458,27.8091778986773,2.78091778986773,514.625918265238,2783512.9549943,5408.8083328125,2778104.14666149,7,10,10040000 = 2.157|10340000 = 3.312,E DR MARTIN LUTHER KING JR BLVD|N NEBRASKA AVE,39900,10340000,10040000,Y,-82.45113001,27.98147041,10,4.90443786143196,On-System / On-System,10340000,753,LPI-02135,1,2.157,2.1470000000000002,2.167,E DR MARTIN LUTHER KING JR BLVD,On Corridor,"403716-1, 438702-1",7,106,0.02,100,0,1.1,Verified Match,"403716-1, 438702-1",7
12225,27167,10340000,URBAN GENERAL,TAMPA-ST PETERSBURG,URBAN PRIN ART OTHER,DIVIDED,,SR  574,7,HILLSBOROUGH,29500,4,35,1,LPI,Implement a Leading Pedestrian Interval (LPI),,LPI-02135,Potential Location,0.870000005,1,5408.8083328125,0.131265831830816,0.0637576897463965,0.271481606741007,0.524722377110718,1.90782953308652,343181.940776417,,41204.9979600458,27.8091778986773,2.78091778986773,514.625918265238,2783512.9549943,5408.8083328125,2778104.14666149,7,10,10040000 = 2.157|10340000 = 3.312,E DR MARTIN LUTHER KING JR BLVD|N NEBRASKA AVE,39900,10340000,10040000,Y,-82.45113001,27.98147041,10,4.90443786143196,On-System / On-System,10340000,753,LPI-02135,2,3.312,3.302,3.3219999999999996,N NEBRASKA AVE,On Corridor,"436419-1, 445362-2, 443445-3, 438702-1",9,105,0.02,100,0.2,0.6,Verified Match,"436419-1, 445362-2, 443445-3, 438702-1",9
12870,22208,10005000,SUBURBAN COMMERCIAL,TAMPA-ST PETERSBURG,URBAN PRIN ART OTHER,DIVIDED,US   41,SR  599,7,HILLSBOROUGH,29500,4,45,1,LPI,Implement a Leading Pedestrian Interval (LPI),,LPI-00480,Potential Location,0.870000005,1,5408.8083328125,0.131361488864438,0.0638041517341557,0.271679442878724,0.525104756785377,1.90921982110928,627039.099774884,,41174.9926068078,27.8294432139398,2.78294432139398,940.290074063341,5085848.78785468,5408.8083328125,5080439.97952187,7,10,10005000 = 1.838|10340000 = 5.575,E DR MARTIN LUTHER KING JR BLVD|N 40TH ST,43300,10005000,10340000,Y,-82.41409126,27.98147475,10,4.90801186062781,On-System / On-System,10005000,754,LPI-00480,1,1.838,1.828,1.848,E DR MARTIN LUTHER KING JR BLVD,Off Corridor,,0,0,0,0,89.9,1.4,No Match - Angle Mismatch,,0
12870,22208,10340000,SUBURBAN COMMERCIAL,TAMPA-ST PETERSBURG,URBAN PRIN ART OTHER,DIVIDED,US   41,SR  599,7,HILLSBOROUGH,29500,4,45,1,LPI,Implement a Leading Pedestrian Interval (LPI),,LPI-00480,Potential Location,0.870000005,1,5408.8083328125,0.131361488864438,0.0638041517341557,0.271679442878724,0.525104756785377,1.90921982110928,627039.099774884,,41174.9926068078,27.8294432139398,2.78294432139398,940.290074063341,5085848.78785468,5408.8083328125,5080439.97952187,7,10,10005000 = 1.838|10340000 = 5.575,E DR MARTIN LUTHER KING JR BLVD|N 40TH ST,43300,10005000,10340000,Y,-82.41409126,27.98147475,10,4.90801186062781,On-System / On-System,10005000,754,LPI-00480,2,5.575,5.565,5.585,N 40TH ST,On Corridor,"445362-2, 443445-3, 438702-1",7,105,0.02,100,0,0.7,Verified Match,"445362-2, 443445-3, 438702-1",7
101242,224303,87038000,URBAN GENERAL,MIAMI,URBAN PRIN ART OTHER,DIVIDED,,SR  932,6,MIAMI-DADE,30500,6,40,1,LPI,Implement a Leading Pedestrian Interval (LPI),,LPI-00810,Potential Location,0.870000005,1,5408.8083328125,0.132564040035857,0.0643882480174163,0.274166537346886,0.529911837961517,1.92669780915751,347115.19854811,,40801.4747540093,28.0842083648692,2.80842083648692,520.524120215936,2815415.19885385,5408.8083328125,2810006.39052104,6,87,87038000 = 8.185|87140000 = 7.181,NW 103RD ST|NW 7TH AVE,40000,87038000,87140000,Y,-80.20992,25.86922658,10,4.95294234568365,On-System / On-System,87038000,755,LPI-00810,1,8.185,8.175,8.195,NW 103RD ST,Off Corridor,,0,0,0,0,,,Unmatched,,0
101242,224303,87140000,URBAN GENERAL,MIAMI,URBAN PRIN ART OTHER,DIVIDED,,SR  932,6,MIAMI-DADE,30500,6,40,1,LPI,Implement a Leading Pedestrian Interval (LPI),,LPI-00810,Potential Location,0.870000005,1,5408.8083328125,0.132564040035857,0.0643882480174163,0.274166537346886,0.529911837961517,1.92669780915751,347115.19854811,,40801.4747540093,28.0842083648692,2.80842083648692,520.524120215936,2815415.19885385,5408.8083328125,2810006.39052104,6,87,87038000 = 8.185|87140000 = 7.181,NW 103RD ST|NW 7TH AVE,40000,87038000,87140000,Y,-80.20992,25.86922658,10,4.95294234568365,On-System / On-System,87038000,755,LPI-00810,2,7.181,7.171,7.191,NW 7TH AVE,Off Corridor,,0,0,0,0,,,Unmatched,,0
103945,235583,87120000,URBAN GENERAL,MIAMI,URBAN PRIN ART OTHER,DIVIDED,,SR    9,6,MIAMI-DADE,41500,4,40,1,LPI,Implement a Leading Pedestrian Interval (LPI),,LPI-00988,Potential Location,0.870000005,1,5408.8083328125,0.135892408987071,0.0660048843651487,0.281050209495987,0.543216668652213,1.97507262607345,355277.683480288,,39802.1373903756,28.7893362948551,2.87893362948551,532.764351429865,2881620.2634393,5408.8083328125,2876211.45510649,6,87,87120000 = 15.118|87240000 = 1.742,SW 27TH AVE|SW 8TH ST,56500,87240000,87120000,Y,-80.23883492,25.76518,10,5.07729899259986,On-System / On-System,87240000,756,LPI-00988,1,15.118,15.108,15.128,SW 27TH AVE,On Corridor,"440183-1, 452564-3",2,105,0.02,100,0.1,0.2,Verified Match,"440183-1, 452564-3",2
103945,235583,87240000,URBAN GENERAL,MIAMI,URBAN PRIN ART OTHER,DIVIDED,,SR    9,6,MIAMI-DADE,41500,4,40,1,LPI,Implement a Leading Pedestrian Interval (LPI),,LPI-00988,Potential Location,0.870000005,1,5408.8083328125,0.135892408987071,0.0660048843651487,0.281050209495987,0.543216668652213,1.97507262607345,355277.683480288,,39802.1373903756,28.7893362948551,2.87893362948551,532.764351429865,2881620.2634393,5408.8083328125,2876211.45510649,6,87,87120000 = 15.118|87240000 = 1.742,SW 27TH AVE|SW 8TH ST,56500,87240000,87120000,Y,-80.23883492,25.76518,10,5.07729899259986,On-System / On-System,87240000,756,LPI-00988,2,1.742,1.732,1.752,SW 8TH ST,Off Corridor,,0,0,0,0,89.8,1.8,No Match - Angle Mismatch,,0
102241,230048,87080900,URBAN GENERAL,MIAMI,URBAN MINOR ART,DIVIDED,US  441,SR    7,6,MIAMI-DADE,31500,4,35,1,LPI,Implement a Leading Pedestrian Interval (LPI),,LPI-00774,Potential Location,0.870000005,1,5408.8083328125,0.137334052970421,0.066705111442776,0.284031791370644,0.548979500055787,1.99602561078601,359046.723551222,,39384.3203184096,29.0947541895226,2.90947541895226,538.416297167728,2912190.55464286,5408.8083328125,2906781.74631005,6,87,87080900 = 38.497|87140000 = 5.655,NW 79TH ST|NW 7TH AVE,38950,87140000,87080900,Y,-80.20914982,25.84705416,10,5.13116261602748,On-System / On-System,87140000,757,LPI-00774,1,38.497,38.487,38.507,NW 79TH ST,On Corridor,"410646-5, 410646-7",7,105,0.02,100,0,0.3,Verified Match,"410646-5, 410646-7",7
102241,230048,87140000,URBAN GENERAL,MIAMI,URBAN MINOR ART,DIVIDED,US  441,SR    7,6,MIAMI-DADE,31500,4,35,1,LPI,Implement a Leading Pedestrian Interval (LPI),,LPI-00774,Potential Location,0.870000005,1,5408.8083328125,0.137334052970421,0.066705111442776,0.284031791370644,0.548979500055787,1.99602561078601,359046.723551222,,39384.3203184096,29.0947541895226,2.90947541895226,538.416297167728,2912190.55464286,5408.8083328125,2906781.74631005,6,87,87080900 = 38.497|87140000 = 5.655,NW 79TH ST|NW 7TH AVE,38950,87140000,87080900,Y,-80.20914982,25.84705416,10,5.13116261602748,On-System / On-System,87140000,757,LPI-00774,2,5.655,5.6450000000000005,5.665,NW 7TH AVE,Off Corridor,,0,0,0,0,89.7,1.3,No Match - Angle Mismatch,,0
87587,197112,86014000,URBAN GENERAL,MIAMI,URBAN PRIN ART OTHER,DIVIDED,,SR  870,4,BROWARD,52000,6,45,1,LPI,Implement a Leading Pedestrian Interval (LPI),,LPI-02050,Potential Location,0.870000005,1,5408.8083328125,0.138104118671594,0.0670791433547741,0.285624427252614,0.552057762689825,2.00721781569282,361621.738142827,,39164.7141652194,29.2578956085719,2.92578956085719,542.277716115803,2933076.22962569,5408.8083328125,2927667.42129287,4,86,86014000 = 6.245|86065000 = 3.574,POWERLINE RD|W COMMERCIAL BLVD,90000,86014000,86065000,Y,-80.15518525,26.18845443,10,5.1599343026724,On-System / On-System,86014000,758,LPI-02050,1,6.245,6.235,6.255,POWERLINE RD,On Corridor,"448408-1, 441944-1, 446182-1",4,106,0.02,100,1.9,0.4,Verified Match,"448408-1, 441944-1, 446182-1",4
87587,197112,86065000,URBAN GENERAL,MIAMI,URBAN PRIN ART OTHER,DIVIDED,,SR  870,4,BROWARD,52000,6,45,1,LPI,Implement a Leading Pedestrian Interval (LPI),,LPI-02050,Potential Location,0.870000005,1,5408.8083328125,0.138104118671594,0.0670791433547741,0.285624427252614,0.552057762689825,2.00721781569282,361621.738142827,,39164.7141652194,29.2578956085719,2.92578956085719,542.277716115803,2933076.22962569,5408.8083328125,2927667.42129287,4,86,86014000 = 6.245|86065000 = 3.574,POWERLINE RD|W COMMERCIAL BLVD,90000,86014000,86065000,Y,-80.15518525,26.18845443,10,5.1599343026724,On-System / On-System,86014000,758,LPI-02050,2,3.574,3.564,3.5839999999999996,W COMMERCIAL BLVD,On Corridor,"446999-1, 451576-3",5,106,0.02,100,0.2,0.5,Verified Match,"446999-1, 451576-3",5
79730,178405,79060000,URBAN GENERAL,DAYTONA BEACH-PORT ORANGE,URBAN PRIN ART OTHER,DIVIDED,US   92,SR  600,5,VOLUSIA,24500,5,40,1,LPI,Implement a Leading Pedestrian Interval (LPI),,LPI-02646,Potential Location,0.870000005,1,5408.8083328125,0.138458016873419,0.0672510367670891,0.286356353079116,0.553472436281016,2.01236140433071,361985.21948892,,39064.6092942191,29.3328703214527,2.93328703214527,542.822782447329,2936024.38894158,5408.8083328125,2930615.58060877,5,79,79060000 = 19.611|79190000 = 8.2,N NOVA RD|S NOVA RD|W INTERNATIONAL SPEEDWAY BLVD,66750,79060000,79190000,Y,-81.03986412,29.20334588,10,5.17315687335904,On-System / On-System,79060000,759,LPI-02646,1,19.611,19.601,19.621000000000002,N NOVA RD,Off Corridor,,0,0,0,0,,,Unmatched,,0
79730,178405,79190000,URBAN GENERAL,DAYTONA BEACH-PORT ORANGE,URBAN PRIN ART OTHER,DIVIDED,US   92,SR  600,5,VOLUSIA,24500,5,40,1,LPI,Implement a Leading Pedestrian Interval (LPI),,LPI-02646,Potential Location,0.870000005,1,5408.8083328125,0.138458016873419,0.0672510367670891,0.286356353079116,0.553472436281016,2.01236140433071,361985.21948892,,39064.6092942191,29.3328703214527,2.93328703214527,542.822782447329,2936024.38894158,5408.8083328125,2930615.58060877,5,79,79060000 = 19.611|79190000 = 8.2,N NOVA RD|S NOVA RD|W INTERNATIONAL SPEEDWAY BLVD,66750,79060000,79190000,Y,-81.03986412,29.20334588,10,5.17315687335904,On-System / On-System,79060000,759,LPI-02646,2,8.2,8.19,8.209999999999999,S NOVA RD,Off Corridor,,0,0,0,0,,,Unmatched,,0
98000,203141,86015000,SUBURBAN COMMERCIAL,MIAMI,URBAN PRIN ART OTHER,DIVIDED,US  441,SR    7,4,BROWARD,56500,6,45,1,LPI,Implement a Leading Pedestrian Interval (LPI),,LPI-00011,Potential Location,0.870000005,1,5408.8083328125,0.142640868919307,0.0692827077608063,0.295007251628567,0.570192979913801,2.07315535622493,373501.090662351,,37919.0646677307,30.2190238242003,3.02190238242003,560.091656688916,3029428.41983776,5408.8083328125,3024019.61150495,4,86,86015000 = 6.657|86100000 = 6.22,GRIFFIN RD|SR-7,72250,86100000,86015000,Y,-80.2078843,26.06294,10,5.32943926350199,On-System / On-System,86100000,760,LPI-00011,1,6.657,6.647,6.667,GRIFFIN RD,Off Corridor,,0,0,0,0,89.5,22.4,No Match - Angle Mismatch,,0
98000,203141,86100000,SUBURBAN COMMERCIAL,MIAMI,URBAN PRIN ART OTHER,DIVIDED,US  441,SR    7,4,BROWARD,56500,6,45,1,LPI,Implement a Leading Pedestrian Interval (LPI),,LPI-00011,Potential Location,0.870000005,1,5408.8083328125,0.142640868919307,0.0692827077608063,0.295007251628567,0.570192979913801,2.07315535622493,373501.090662351,,37919.0646677307,30.2190238242003,3.02190238242003,560.091656688916,3029428.41983776,5408.8083328125,3024019.61150495,4,86,86015000 = 6.657|86100000 = 6.22,GRIFFIN RD|SR-7,72250,86100000,86015000,Y,-80.2078843,26.06294,10,5.32943926350199,On-System / On-System,86100000,760,LPI-00011,2,6.22,6.21,6.2299999999999995,SR-7,On Corridor,447676-1,1,106,0.02,100,0.1,0.5,Verified Match,447676-1,1
103998,235903,87240000,URBAN GENERAL,MIAMI,URBAN PRIN ART OTHER,DIVIDED,,SR    9,6,MIAMI-DADE,48500,6,40,1,LPI,Implement a Leading Pedestrian Interval (LPI),,LPI-00598,Potential Location,0.870000005,1,5408.8083328125,0.142830400260029,0.0693747658405853,0.295399236901423,0.570950612987491,2.0759100219611,373997.373130416,,37868.7472902515,30.259176777166,3.0259176777166,560.835867821556,3033453.71521336,5408.8083328125,3028044.90688055,6,87,87240000 = 2.728|87580500 = 1.533|87580501 = .004,NW 27TH AVE|NW 7TH ST,73250,87240000,87580501,Y,-80.23934314,25.77948514,10,5.33652065452659,On-System / On-System,87240000,761,LPI-00598,1,2.728,2.7180000000000004,2.738,NW 27TH AVE,On Corridor,451124-1,5,106,0.02,100,0,0.2,Verified Match,451124-1,5
103998,235903,87580500,URBAN GENERAL,MIAMI,URBAN PRIN ART OTHER,DIVIDED,,SR    9,6,MIAMI-DADE,48500,6,40,1,LPI,Implement a Leading Pedestrian Interval (LPI),,LPI-00598,Potential Location,0.870000005,1,5408.8083328125,0.142830400260029,0.0693747658405853,0.295399236901423,0.570950612987491,2.0759100219611,373997.373130416,,37868.7472902515,30.259176777166,3.0259176777166,560.835867821556,3033453.71521336,5408.8083328125,3028044.90688055,6,87,87240000 = 2.728|87580500 = 1.533|87580501 = .004,NW 27TH AVE|NW 7TH ST,73250,87240000,87580501,Y,-80.23934314,25.77948514,10,5.33652065452659,On-System / On-System,87240000,761,LPI-00598,2,1.533,1.523,1.543,NW 7TH ST,Off Corridor,,0,0,0,0,89.7,57.7,No Match - Angle Mismatch,,0
103998,235903,87580501,URBAN GENERAL,MIAMI,URBAN PRIN ART OTHER,DIVIDED,,SR    9,6,MIAMI-DADE,48500,6,40,1,LPI,Implement a Leading Pedestrian Interval (LPI),,LPI-00598,Potential Location,0.870000005,1,5408.8083328125,0.142830400260029,0.0693747658405853,0.295399236901423,0.570950612987491,2.0759100219611,373997.373130416,,37868.7472902515,30.259176777166,3.0259176777166,560.835867821556,3033453.71521336,5408.8083328125,3028044.90688055,6,87,87240000 = 2.728|87580500 = 1.533|87580501 = .004,NW 27TH AVE|NW 7TH ST,73250,87240000,87580501,Y,-80.23934314,25.77948514,10,5.33652065452659,On-System / On-System,87240000,761,LPI-00598,3,0.004,0,0.014,,Off Corridor,,0,0,0,0,89.8,16.2,No Match - Angle Mismatch,,0
106132,227338,87038000,URBAN GENERAL,MIAMI,URBAN PRIN ART OTHER,DIVIDED,,SR  932,6,MIAMI-DADE,47000,6,40,1,LPI,Implement a Leading Pedestrian Interval (LPI),,LPI-01541,Potential Location,0.870000005,1,5408.8083328125,0.143687446035906,0.0697910452174401,0.297171763392442,0.574376569998076,2.08836640318095,376241.52331306,,37642.8733478977,30.440745263925,3.0440745263925,564.2011318732,3051655.78345801,5408.8083328125,3046246.9751252,6,87,87038000 = 2.159|87521500 = 1.704,NW 103RD ST|W 12TH AVE,49250,87038000,87521500,Y,-80.30682,25.86661989,10,5.36854214628547,On-System / On-System,87038000,762,LPI-01541,1,2.159,2.149,2.1689999999999996,NW 103RD ST,On Corridor,"445993-1, 451122-1",7,106,0.02,100,2.8,0.2,Verified Match,"445993-1, 451122-1",7
106132,227338,87521500,URBAN GENERAL,MIAMI,URBAN PRIN ART OTHER,DIVIDED,,SR  932,6,MIAMI-DADE,47000,6,40,1,LPI,Implement a Leading Pedestrian Interval (LPI),,LPI-01541,Potential Location,0.870000005,1,5408.8083328125,0.143687446035906,0.0697910452174401,0.297171763392442,0.574376569998076,2.08836640318095,376241.52331306,,37642.8733478977,30.440745263925,3.0440745263925,564.2011318732,3051655.78345801,5408.8083328125,3046246.9751252,6,87,87038000 = 2.159|87521500 = 1.704,NW 103RD ST|W 12TH AVE,49250,87038000,87521500,Y,-80.30682,25.86661989,10,5.36854214628547,On-System / On-System,87038000,762,LPI-01541,2,1.704,1.694,1.714,W 12TH AVE,Off Corridor,,0,0,0,0,89.9,21.5,No Match - Angle Mismatch,,0
78147,198692,86028000,URBAN GENERAL,MIAMI,URBAN PRIN ART OTHER,DIVIDED,,SR  834,4,BROWARD,41000,6,45,1,LPI,Implement a Leading Pedestrian Interval (LPI),,LPI-01328,Potential Location,0.870000005,1,5408.8083328125,0.146131905884331,0.0709783542866751,0.30222735080623,0.584148060145417,2.12389440484158,382642.272455885,,37013.1922941851,30.9586136066834,3.09586136066834,573.799513995987,3103571.59266526,5408.8083328125,3098162.78433244,4,86,86028000 = 8.478|86170000 = 10.034,E SAMPLE RD|N DIXIE HWY,38550,86028000,86170000,Y,-80.11374996,26.27518513,10,5.45987361666245,On-System / On-System,86028000,763,LPI-01328,1,8.478,8.468,8.488,E SAMPLE RD,On Corridor,439891-5,1,106,0.02,100,0,0.5,Verified Match,439891-5,1
78147,198692,86170000,URBAN GENERAL,MIAMI,URBAN PRIN ART OTHER,DIVIDED,,SR  834,4,BROWARD,41000,6,45,1,LPI,Implement a Leading Pedestrian Interval (LPI),,LPI-01328,Potential Location,0.870000005,1,5408.8083328125,0.146131905884331,0.0709783542866751,0.30222735080623,0.584148060145417,2.12389440484158,382642.272455885,,37013.1922941851,30.9586136066834,3.09586136066834,573.799513995987,3103571.59266526,5408.8083328125,3098162.78433244,4,86,86028000 = 8.478|86170000 = 10.034,E SAMPLE RD|N DIXIE HWY,38550,86028000,86170000,Y,-80.11374996,26.27518513,10,5.45987361666245,On-System / On-System,86028000,763,LPI-01328,2,10.034,10.024000000000001,10.044,N DIXIE HWY,On Corridor,"419059-5, 448174-2, 456807-1, 439891-5, 451407-1",7,106,0.02,100,0,0.7,Verified Match,"419059-5, 448174-2, 456807-1, 439891-5, 451407-1",7
10254,27547,10020000,URBAN GENERAL,TAMPA-ST PETERSBURG,URBAN PRIN ART OTHER,DIVIDED,US   92,SR  600,7,HILLSBOROUGH,56500,4,40,1,LPI,Implement a Leading Pedestrian Interval (LPI),,LPI-01151,Potential Location,0.870000005,1,5408.8083328125,0.147933243943506,0.071853289915417,0.305952845428614,0.591348733581961,2.15007521595163,386757.292844617,,36562.4939238004,31.3402340927198,3.13402340927197,579.970282019037,3136948.09416818,5408.8083328125,3131539.28583537,7,10,10020000 = 3.343|10150000 = 12.34,E HILLSBOROUGH AVE|N FLORIDA AVE|W HILLSBOROUGH AVE,66900,10150000,10020000,Y,-82.45947,27.99615637,10,5.52717635992347,On-System / On-System,10150000,764,LPI-01151,1,3.343,3.333,3.3529999999999998,E HILLSBOROUGH AVE,On Corridor,"438702-1, 456680-1, 440511-3",7,106,0.02,100,0,1.1,Verified Match,"438702-1, 456680-1, 440511-3",7
10254,27547,10150000,URBAN GENERAL,TAMPA-ST PETERSBURG,URBAN PRIN ART OTHER,DIVIDED,US   92,SR  600,7,HILLSBOROUGH,56500,4,40,1,LPI,Implement a Leading Pedestrian Interval (LPI),,LPI-01151,Potential Location,0.870000005,1,5408.8083328125,0.147933243943506,0.071853289915417,0.305952845428614,0.591348733581961,2.15007521595163,386757.292844617,,36562.4939238004,31.3402340927198,3.13402340927197,579.970282019037,3136948.09416818,5408.8083328125,3131539.28583537,7,10,10020000 = 3.343|10150000 = 12.34,E HILLSBOROUGH AVE|N FLORIDA AVE|W HILLSBOROUGH AVE,66900,10150000,10020000,Y,-82.45947,27.99615637,10,5.52717635992347,On-System / On-System,10150000,764,LPI-01151,2,12.34,12.33,12.35,N FLORIDA AVE,On Corridor,"445362-2, 450336-1",2,105,0.02,100,0,0.6,Verified Match,"445362-2, 450336-1",2
92942,203041,86065000,URBAN GENERAL,MIAMI,URBAN PRIN ART OTHER,DIVIDED,,SR  814,4,BROWARD,51000,6,45,1,LPI,Implement a Leading Pedestrian Interval (LPI),,LPI-00851,Potential Location,0.870000005,1,5408.8083328125,0.151523689116207,0.0735972204278721,0.313378538853974,0.605701188441151,2.20225907249579,396760.50471974,,35696.1235854306,32.100883891304,3.2100883891304,594.970815220726,3218083.10314611,5408.8083328125,3212674.29481329,4,86,86065000 = 6.519|86130000 = 3.787,N POWERLINE RD|S POWERLINE RD|W ATLANTIC BLVD,62750,86130000,86065000,Y,-80.15681477,26.23121057,10,5.66132486604112,On-System / On-System,86130000,765,LPI-00851,1,6.519,6.509,6.529,N POWERLINE RD,On Corridor,"446196-2, 451576-3, 448406-1",5,106,0.02,100,0.6,0.6,Verified Match,"446196-2, 451576-3, 448406-1",5
92942,203041,86130000,URBAN GENERAL,MIAMI,URBAN PRIN ART OTHER,DIVIDED,,SR  814,4,BROWARD,51000,6,45,1,LPI,Implement a Leading Pedestrian Interval (LPI),,LPI-00851,Potential Location,0.870000005,1,5408.8083328125,0.151523689116207,0.0735972204278721,0.313378538853974,0.605701188441151,2.20225907249579,396760.50471974,,35696.1235854306,32.100883891304,3.2100883891304,594.970815220726,3218083.10314611,5408.8083328125,3212674.29481329,4,86,86065000 = 6.519|86130000 = 3.787,N POWERLINE RD|S POWERLINE RD|W ATLANTIC BLVD,62750,86130000,86065000,Y,-80.15681477,26.23121057,10,5.66132486604112,On-System / On-System,86130000,765,LPI-00851,2,3.787,3.777,3.7969999999999997,S POWERLINE RD,On Corridor,444119-1,1,106,0.02,100,0.1,0.4,Verified Match,444119-1,1
113015,269903,93090000,URBAN GENERAL,MIAMI,URBAN PRIN ART OTHER,DIVIDED,,SR  706,4,PALM BEACH,40500,6,45,1,LPI,Implement a Leading Pedestrian Interval (LPI),,LPI-00281,Potential Location,0.870000005,1,5408.8083328125,0.15181623119124,0.0737393122928881,0.31398356905461,0.606870596891737,2.20651090560905,397526.517889158,,35627.3389898549,32.1628600696741,3.21628600696741,596.11950687339,3224296.15612887,5408.8083328125,3218887.34779606,4,93,93090000 = 10.259|93190000 = 16.054,GLYNN MAYO HWY|INDIANTOWN RD E|INDIANTOWN RD W,52500,93190000,93090000,Y,-80.0936,26.93417585,10,5.67225500992428,On-System / On-System,93190000,766,LPI-00281,1,10.259,10.249,10.269,GLYNN MAYO HWY,Off Corridor,,0,0,0,0,,,Unmatched,,0
113015,269903,93190000,URBAN GENERAL,MIAMI,URBAN PRIN ART OTHER,DIVIDED,,SR  706,4,PALM BEACH,40500,6,45,1,LPI,Implement a Leading Pedestrian Interval (LPI),,LPI-00281,Potential Location,0.870000005,1,5408.8083328125,0.15181623119124,0.0737393122928881,0.31398356905461,0.606870596891737,2.20651090560905,397526.517889158,,35627.3389898549,32.1628600696741,3.21628600696741,596.11950687339,3224296.15612887,5408.8083328125,3218887.34779606,4,93,93090000 = 10.259|93190000 = 16.054,GLYNN MAYO HWY|INDIANTOWN RD E|INDIANTOWN RD W,52500,93190000,93090000,Y,-80.0936,26.93417585,10,5.67225500992428,On-System / On-System,93190000,766,LPI-00281,2,16.054,16.043999999999997,16.064,INDIANTOWN RD E,Off Corridor,,0,0,0,0,,,Unmatched,,0
109871,246856,89060000,URBAN GENERAL,PORT SAINT LUCIE,URBAN PRIN ART OTHER,DIVIDED,,SR  714,4,MARTIN,37500,4,40,1,LPI,Implement a Leading Pedestrian Interval (LPI),,LPI-00906,Potential Location,0.870000005,1,5408.8083328125,0.152134758542566,0.0738940255778178,0.314642341531216,0.608143878953271,2.21114041109025,398360.572771376,,35552.7453727753,32.2303413300681,3.22303413300681,597.370231951388,3231061.0883528,5408.8083328125,3225652.28001999,4,89,89060000 = 30.393|89092000 = .259,S KANNER HWY|SE MONTEREY RD|SW MONTEREY RD,61500,89092000,89060000,Y,-80.25297438,27.17572,10,5.68415603229968,On-System / On-System,89092000,767,LPI-00906,1,30.393,30.383,30.403000000000002,S KANNER HWY,Off Corridor,,0,0,0,0,87.3,10.9,No Match - Angle Mismatch,,0
109871,246856,89092000,URBAN GENERAL,PORT SAINT LUCIE,URBAN PRIN ART OTHER,DIVIDED,,SR  714,4,MARTIN,37500,4,40,1,LPI,Implement a Leading Pedestrian Interval (LPI),,LPI-00906,Potential Location,0.870000005,1,5408.8083328125,0.152134758542566,0.0738940255778178,0.314642341531216,0.608143878953271,2.21114041109025,398360.572771376,,35552.7453727753,32.2303413300681,3.22303413300681,597.370231951388,3231061.0883528,5408.8083328125,3225652.28001999,4,89,89060000 = 30.393|89092000 = .259,S KANNER HWY|SE MONTEREY RD|SW MONTEREY RD,61500,89092000,89060000,Y,-80.25297438,27.17572,10,5.68415603229968,On-System / On-System,89092000,767,LPI-00906,2,0.259,0.249,0.269,SE MONTEREY RD,On Corridor,449829-1,2,105,0.02,100,10.8,1.2,Verified Match,449829-1,2
109713,204132,86065000,URBAN GENERAL,MIAMI,URBAN PRIN ART OTHER,DIVIDED,,SR  816,4,BROWARD,69500,6,35,1,LPI,Implement a Leading Pedestrian Interval (LPI),,LPI-00368,Potential Location,0.870000005,1,5408.8083328125,0.158008521972151,0.0767469963864735,0.326790352260586,0.631623676143223,2.29651022275434,413740.856583891,,34231.1178239221,33.4747209974183,3.34747209974183,620.434069932747,3355808.96741302,5408.8083328125,3350400.15908021,4,86,86065000 = 2.042|86090000 = 6.352,NW 9TH AVE|POWERLINE RD|W OAKLAND PARK BLVD,79000,86090000,86065000,Y,-80.15458,26.1662098,10,5.90361533371394,On-System / On-System,86090000,768,LPI-00368,1,2.042,2.032,2.0519999999999996,NW 9TH AVE,On Corridor,446999-1,2,106,0.02,100,0,0.5,Verified Match,446999-1,2
109713,204132,86090000,URBAN GENERAL,MIAMI,URBAN PRIN ART OTHER,DIVIDED,,SR  816,4,BROWARD,69500,6,35,1,LPI,Implement a Leading Pedestrian Interval (LPI),,LPI-00368,Potential Location,0.870000005,1,5408.8083328125,0.158008521972151,0.0767469963864735,0.326790352260586,0.631623676143223,2.29651022275434,413740.856583891,,34231.1178239221,33.4747209974183,3.34747209974183,620.434069932747,3355808.96741302,5408.8083328125,3350400.15908021,4,86,86065000 = 2.042|86090000 = 6.352,NW 9TH AVE|POWERLINE RD|W OAKLAND PARK BLVD,79000,86090000,86065000,Y,-80.15458,26.1662098,10,5.90361533371394,On-System / On-System,86090000,768,LPI-00368,2,6.352,6.3420000000000005,6.362,POWERLINE RD,On Corridor,448409-1,2,105,0.02,100,0.2,0.4,Verified Match,448409-1,2
109255,270780,93070000,URBAN GENERAL,MIAMI,URBAN PRIN ART OTHER,DIVIDED,,SR  802,4,PALM BEACH,39500,6,40,1,LPI,Implement a Leading Pedestrian Interval (LPI),,LPI-01921,Potential Location,0.870000005,1,5408.8083328125,0.161284514091783,0.0783381925588661,0.333565699598915,0.64471913555131,2.34412379003853,422318.949517242,,33535.8193765241,34.168752691568,3.4168752691568,633.297535133751,3425384.98518105,5408.8083328125,3419976.17684824,4,93,93070000 = 20.403|93180000 = 5.661,LAKE WORTH RD|S MILITARY TRL,95000,93180000,93070000,Y,-80.11345115,26.61842526,10,6.02601504399028,On-System / On-System,93180000,769,LPI-01921,1,20.403,20.392999999999997,20.413,LAKE WORTH RD,Off Corridor,,0,0,0,0,89,23.7,No Match - Angle Mismatch,,0
109255,270780,93180000,URBAN GENERAL,MIAMI,URBAN PRIN ART OTHER,DIVIDED,,SR  802,4,PALM BEACH,39500,6,40,1,LPI,Implement a Leading Pedestrian Interval (LPI),,LPI-01921,Potential Location,0.870000005,1,5408.8083328125,0.161284514091783,0.0783381925588661,0.333565699598915,0.64471913555131,2.34412379003853,422318.949517242,,33535.8193765241,34.168752691568,3.4168752691568,633.297535133751,3425384.98518105,5408.8083328125,3419976.17684824,4,93,93070000 = 20.403|93180000 = 5.661,LAKE WORTH RD|S MILITARY TRL,95000,93180000,93070000,Y,-80.11345115,26.61842526,10,6.02601504399028,On-System / On-System,93180000,769,LPI-01921,2,5.661,5.651,5.670999999999999,S MILITARY TRL,On Corridor,441632-1,1,106,0.02,100,0,0.4,Verified Match,441632-1,1
108392,270716,93180000,URBAN GENERAL,MIAMI,URBAN PRIN ART OTHER,DIVIDED,,SR  802,4,PALM BEACH,41000,6,45,1,LPI,Implement a Leading Pedestrian Interval (LPI),,LPI-01118,Potential Location,0.870000005,1,5408.8083328125,0.200610838627457,0.078524813977033,0.262513611689643,0.405807067852112,1.27416541219667,252272.415767887,,26961.6954388835,20.4107198957821,2.04107198957821,378.300569440863,2046155.27229946,5408.8083328125,2040746.46396664,4,93,93180000 = 2.465|93A14316 = .989,LAKE WORTH RD|NASSAU RD|OHIO RD,20250,93180000,93A14316,Y,-80.16501,26.61751481,10,6.04037053824756,On-System / Off-System,93180000,770,LPI-01118,1,2.465,2.455,2.4749999999999996,LAKE WORTH RD,Off Corridor,,0,0,0,0,,,Unmatched,,0
58014,115343,55080000,URBAN GENERAL,TALLAHASSEE,URBAN PRIN ART OTHER,DIVIDED,US   27,SR   20,3,LEON,33000,4,45,1,LPI,Implement a Leading Pedestrian Interval (LPI),,LPI-00575,Potential Location,0.870000005,1,5408.8083328125,0.163354808711273,0.0793437642311895,0.337847445289223,0.652994936640645,2.37421364024679,427075.496393829,,33110.7995870051,34.6073526727898,3.46073526727898,640.430318107695,3463964.84116666,5408.8083328125,3458556.03283385,3,55,55080000 = 1.939|55190501 = 1.518,APALACHEE PKWY|BLAIR STONE RD,24400,55080000,55190501,Y,-84.24952364,30.43221073,10,6.10336671406714,On-System / On-System,55080000,771,LPI-00575,1,1.939,1.929,1.949,APALACHEE PKWY,Off Corridor,,0,0,0,0,,,Unmatched,,0
58014,115343,55190501,URBAN GENERAL,TALLAHASSEE,URBAN PRIN ART OTHER,DIVIDED,US   27,SR   20,3,LEON,33000,4,45,1,LPI,Implement a Leading Pedestrian Interval (LPI),,LPI-00575,Potential Location,0.870000005,1,5408.8083328125,0.163354808711273,0.0793437642311895,0.337847445289223,0.652994936640645,2.37421364024679,427075.496393829,,33110.7995870051,34.6073526727898,3.46073526727898,640.430318107695,3463964.84116666,5408.8083328125,3458556.03283385,3,55,55080000 = 1.939|55190501 = 1.518,APALACHEE PKWY|BLAIR STONE RD,24400,55080000,55190501,Y,-84.24952364,30.43221073,10,6.10336671406714,On-System / On-System,55080000,771,LPI-00575,2,1.518,1.508,1.528,BLAIR STONE RD,Off Corridor,,0,0,0,0,,,Unmatched,,0
106027,225151,87008000,URBAN GENERAL,MIAMI,URBAN PRIN ART OTHER,DIVIDED,US    1,SR    5,6,MIAMI-DADE,48500,6,35,1,LPI,Implement a Leading Pedestrian Interval (LPI),,LPI-01751,Potential Location,0.870000005,1,5408.8083328125,0.203564177757179,0.0796808352935244,0.26637826689368,0.411781251005951,1.29292333472631,255588.64776342,,26570.5311828704,20.7112010569518,2.07112010569518,383.273497013976,2073052.88439538,5408.8083328125,2067644.07606257,6,87,87008000 = 10.248|87023500 = .004|87030000 = 20.096,BISCAYNE BLVD|NE 135TH ST,31600,87030000,87008000,Y,-80.16055108,25.89997154,10,6.12929525832092,On-System / On-System,87030000,772,LPI-01751,1,10.248,10.238,10.258,BISCAYNE BLVD,Off Corridor,,0,0,0,0,76.3,57,No Match - Angle Mismatch,,0
106027,225151,87023500,URBAN GENERAL,MIAMI,URBAN PRIN ART OTHER,DIVIDED,US    1,SR    5,6,MIAMI-DADE,48500,6,35,1,LPI,Implement a Leading Pedestrian Interval (LPI),,LPI-01751,Potential Location,0.870000005,1,5408.8083328125,0.203564177757179,0.0796808352935244,0.26637826689368,0.411781251005951,1.29292333472631,255588.64776342,,26570.5311828704,20.7112010569518,2.07112010569518,383.273497013976,2073052.88439538,5408.8083328125,2067644.07606257,6,87,87008000 = 10.248|87023500 = .004|87030000 = 20.096,BISCAYNE BLVD|NE 135TH ST,31600,87030000,87008000,Y,-80.16055108,25.89997154,10,6.12929525832092,On-System / On-System,87030000,772,LPI-01751,2,0.004,0,0.014,NE 135TH ST,Off Corridor,,0,0,0,0,75.6,16.8,No Match - Angle Mismatch,,0
106027,225151,87030000,URBAN GENERAL,MIAMI,URBAN PRIN ART OTHER,DIVIDED,US    1,SR    5,6,MIAMI-DADE,48500,6,35,1,LPI,Implement a Leading Pedestrian Interval (LPI),,LPI-01751,Potential Location,0.870000005,1,5408.8083328125,0.203564177757179,0.0796808352935244,0.26637826689368,0.411781251005951,1.29292333472631,255588.64776342,,26570.5311828704,20.7112010569518,2.07112010569518,383.273497013976,2073052.88439538,5408.8083328125,2067644.07606257,6,87,87008000 = 10.248|87023500 = .004|87030000 = 20.096,BISCAYNE BLVD|NE 135TH ST,31600,87030000,87008000,Y,-80.16055108,25.89997154,10,6.12929525832092,On-System / On-System,87030000,772,LPI-01751,3,20.096,20.086,20.106,,On Corridor,451123-1,5,106,0.02,100,0,0.4,Verified Match,451123-1,5
103411,234659,87053000,URBAN GENERAL,MIAMI,URBAN PRIN ART OTHER,DIVIDED,,SR  953,6,MIAMI-DADE,55000,6,40,1,LPI,Implement a Leading Pedestrian Interval (LPI),,LPI-00668,Potential Location,0.870000005,1,5408.8083328125,0.164934879661854,0.0801112272643293,0.341115319300653,0.659311116362582,2.39717853508536,431206.440507938,,32793.5991701786,34.9420968597911,3.49420968597911,646.624964898305,3497470.49834654,5408.8083328125,3492061.69001373,6,87,87053000 = 4.53|87281000 = 3.118,NW 42ND AVE|SW 42ND AVE|W FLAGLER ST,67000,87281000,87053000,Y,-80.2636583,25.7717,10,6.16240233427157,On-System / On-System,87281000,773,LPI-00668,1,4.53,4.5200000000000005,4.54,NW 42ND AVE,On Corridor,437782-3,1,105,0.02,100,0.1,0.2,Verified Match,437782-3,1
103411,234659,87281000,URBAN GENERAL,MIAMI,URBAN PRIN ART OTHER,DIVIDED,,SR  953,6,MIAMI-DADE,55000,6,40,1,LPI,Implement a Leading Pedestrian Interval (LPI),,LPI-00668,Potential Location,0.870000005,1,5408.8083328125,0.164934879661854,0.0801112272643293,0.341115319300653,0.659311116362582,2.39717853508536,431206.440507938,,32793.5991701786,34.9420968597911,3.49420968597911,646.624964898305,3497470.49834654,5408.8083328125,3492061.69001373,6,87,87053000 = 4.53|87281000 = 3.118,NW 42ND AVE|SW 42ND AVE|W FLAGLER ST,67000,87281000,87053000,Y,-80.2636583,25.7717,10,6.16240233427157,On-System / On-System,87281000,773,LPI-00668,2,3.118,3.108,3.1279999999999997,SW 42ND AVE,On Corridor,447809-1,1,106,0.02,100,0,0.2,Verified Match,447809-1,1
113300,271533,93210000,URBAN GENERAL,MIAMI,URBAN PRIN ART OTHER,DIVIDED,US  441,SR    7,4,PALM BEACH,60000,6,45,1,LPI,Implement a Leading Pedestrian Interval (LPI),,LPI-01994,Potential Location,0.870000005,1,5408.8083328125,0.167247548593352,0.0812345236024853,0.345898339136251,0.668555785156283,2.43079107557838,437932.987112969,,32340.1351966213,35.4320447833273,3.54320447833273,656.711903667683,3552028.81681492,5408.8083328125,3546620.00848211,4,93,93210000 = 1.491|93260000 = 1.45,SR-7|W PALMETTO PARK RD,82500,93210000,93260000,Y,-80.20330473,26.34976,10,6.24880974822232,On-System / On-System,93210000,774,LPI-01994,1,1.491,1.481,1.5010000000000001,SR-7,On Corridor,457181-1,2,106,0.02,100,0.1,0.6,Verified Match,457181-1,2
113300,271533,93260000,URBAN GENERAL,MIAMI,URBAN PRIN ART OTHER,DIVIDED,US  441,SR    7,4,PALM BEACH,60000,6,45,1,LPI,Implement a Leading Pedestrian Interval (LPI),,LPI-01994,Potential Location,0.870000005,1,5408.8083328125,0.167247548593352,0.0812345236024853,0.345898339136251,0.668555785156283,2.43079107557838,437932.987112969,,32340.1351966213,35.4320447833273,3.54320447833273,656.711903667683,3552028.81681492,5408.8083328125,3546620.00848211,4,93,93210000 = 1.491|93260000 = 1.45,SR-7|W PALMETTO PARK RD,82500,93210000,93260000,Y,-80.20330473,26.34976,10,6.24880974822232,On-System / On-System,93210000,774,LPI-01994,2,1.45,1.44,1.46,W PALMETTO PARK RD,Off Corridor,,0,0,0,0,88.7,27.9,No Match - Angle Mismatch,,0
106588,204014,86018000,URBAN GENERAL,MIAMI,URBAN PRIN ART OTHER,DIVIDED,,SR  817,4,BROWARD,52500,6,45,1,LPI,Implement a Leading Pedestrian Interval (LPI),,LPI-00379,Potential Location,0.870000005,1,5408.8083328125,0.174429575736983,0.0847229367865346,0.360752077092396,0.697265239114849,2.53517531099547,456738.922548137,,31008.5506426289,36.9535852156295,3.69535852156295,684.912751795834,3704561.79916285,5408.8083328125,3699152.99083003,4,86,86018000 = .004|86220000 = 1.58|86508500 = 1.951,PEMBROKE RD|S UNIVERSITY DR,86250,86220000,86018000,Y,-80.247815,25.99468993,10,6.51714923423917,On-System / On-System,86220000,775,LPI-00379,1,0.004,0,0.014,PEMBROKE RD,Off Corridor,,0,0,0,0,89.3,134.3,No Match - Angle Mismatch,,0
106588,204014,86220000,URBAN GENERAL,MIAMI,URBAN PRIN ART OTHER,DIVIDED,,SR  817,4,BROWARD,52500,6,45,1,LPI,Implement a Leading Pedestrian Interval (LPI),,LPI-00379,Potential Location,0.870000005,1,5408.8083328125,0.174429575736983,0.0847229367865346,0.360752077092396,0.697265239114849,2.53517531099547,456738.922548137,,31008.5506426289,36.9535852156295,3.69535852156295,684.912751795834,3704561.79916285,5408.8083328125,3699152.99083003,4,86,86018000 = .004|86220000 = 1.58|86508500 = 1.951,PEMBROKE RD|S UNIVERSITY DR,86250,86220000,86018000,Y,-80.247815,25.99468993,10,6.51714923423917,On-System / On-System,86220000,775,LPI-00379,2,1.58,1.57,1.59,S UNIVERSITY DR,On Corridor,"443597-1, 445524-1",3,106,0.02,100,0.6,105.6,Verified Match,"443597-1, 445524-1",3
106588,204014,86508500,URBAN GENERAL,MIAMI,URBAN PRIN ART OTHER,DIVIDED,,SR  817,4,BROWARD,52500,6,45,1,LPI,Implement a Leading Pedestrian Interval (LPI),,LPI-00379,Potential Location,0.870000005,1,5408.8083328125,0.174429575736983,0.0847229367865346,0.360752077092396,0.697265239114849,2.53517531099547,456738.922548137,,31008.5506426289,36.9535852156295,3.69535852156295,684.912751795834,3704561.79916285,5408.8083328125,3699152.99083003,4,86,86018000 = .004|86220000 = 1.58|86508500 = 1.951,PEMBROKE RD|S UNIVERSITY DR,86250,86220000,86018000,Y,-80.247815,25.99468993,10,6.51714923423917,On-System / On-System,86220000,775,LPI-00379,3,1.951,1.941,1.961,,On Corridor,436980-1,5,90,0.02,100,0.2,155.1,Verified Match,436980-1,5
115318,267091,93030000,URBAN GENERAL,MIAMI,URBAN PRIN ART OTHER,DIVIDED,,SR  806,4,PALM BEACH,51000,6,35,1,LPI,Implement a Leading Pedestrian Interval (LPI),,LPI-01816,Potential Location,0.870000005,1,5408.8083328125,0.176090007256065,0.085529432095803,0.364186151370498,0.703902652382036,2.55930817364213,461086.715631886,,30716.1571351813,37.3053541021607,3.73053541021607,691.432579159387,3739826.29573533,5408.8083328125,3734417.48740252,4,93,93030000 = 6.98|93580501 = 1.473,N CONGRESS AVE|S CONGRESS AVE|W ATLANTIC AVE,75250,93030000,93580501,Y,-80.09361134,26.46049757,10,6.5791873373382,On-System / On-System,93030000,776,LPI-01816,1,6.98,6.970000000000001,6.99,N CONGRESS AVE,Off Corridor,,0,0,0,0,,,Unmatched,,0
115318,267091,93580501,URBAN GENERAL,MIAMI,URBAN PRIN ART OTHER,DIVIDED,,SR  806,4,PALM BEACH,51000,6,35,1,LPI,Implement a Leading Pedestrian Interval (LPI),,LPI-01816,Potential Location,0.870000005,1,5408.8083328125,0.176090007256065,0.085529432095803,0.364186151370498,0.703902652382036,2.55930817364213,461086.715631886,,30716.1571351813,37.3053541021607,3.73053541021607,691.432579159387,3739826.29573533,5408.8083328125,3734417.48740252,4,93,93030000 = 6.98|93580501 = 1.473,N CONGRESS AVE|S CONGRESS AVE|W ATLANTIC AVE,75250,93030000,93580501,Y,-80.09361134,26.46049757,10,6.5791873373382,On-System / On-System,93030000,776,LPI-01816,2,1.473,1.463,1.483,S CONGRESS AVE,Off Corridor,,0,0,0,0,,,Unmatched,,0
94122,202039,86020000,URBAN GENERAL,MIAMI,URBAN PRIN ART OTHER,DIVIDED,US    1,SR    5,4,BROWARD,38500,6,45,1,LPI,Implement a Leading Pedestrian Interval (LPI),,LPI-00876,Potential Location,0.870000005,1,5408.8083328125,0.180845579786762,0.0878392816107128,0.37402154001353,0.722912590368379,2.62842609712805,473539.048125345,,29908.43535789,38.3128406709934,3.83128406709934,710.105744272599,3840825.86679966,5408.8083328125,3835417.05846684,4,86,86020000 = 8.776|86130000 = 7.13,E ATLANTIC BLVD|N FEDERAL HWY|S FEDERAL HWY,70000,86020000,86130000,Y,-80.10282011,26.23171,10,6.75686807608821,On-System / On-System,86020000,777,LPI-00876,1,8.776,8.766,8.786,E ATLANTIC BLVD,On Corridor,"448401-1, 457345-1",3,106,0.02,100,0.3,0.5,Verified Match,"448401-1, 457345-1",3
94122,202039,86130000,URBAN GENERAL,MIAMI,URBAN PRIN ART OTHER,DIVIDED,US    1,SR    5,4,BROWARD,38500,6,45,1,LPI,Implement a Leading Pedestrian Interval (LPI),,LPI-00876,Potential Location,0.870000005,1,5408.8083328125,0.180845579786762,0.0878392816107128,0.37402154001353,0.722912590368379,2.62842609712805,473539.048125345,,29908.43535789,38.3128406709934,3.83128406709934,710.105744272599,3840825.86679966,5408.8083328125,3835417.05846684,4,86,86020000 = 8.776|86130000 = 7.13,E ATLANTIC BLVD|N FEDERAL HWY|S FEDERAL HWY,70000,86020000,86130000,Y,-80.10282011,26.23171,10,6.75686807608821,On-System / On-System,86020000,777,LPI-00876,2,7.13,7.12,7.14,N FEDERAL HWY,Off Corridor,,0,0,0,0,89.4,22.9,No Match - Angle Mismatch,,0
25996,63971,15010000,URBAN GENERAL,TAMPA-ST PETERSBURG,URBAN PRIN ART OTHER,DIVIDED,US   19,SR   55,7,PINELLAS,38000,6,35,1,LPI,Implement a Leading Pedestrian Interval (LPI),,LPI-01767,Potential Location,0.870000005,1,5408.8083328125,0.181469840494305,0.0881424939543765,0.375312624658675,0.725408011742168,2.63749915900245,474435.511394077,,29805.5496058159,38.445092734071,3.8445092734071,711.450055199387,3848096.98694236,5408.8083328125,3842688.17860955,7,15,15010000 = 2.505|15150000 = 4.874,34TH ST N|5TH AVE N,64400,15150000,15010000,Y,-82.67940251,27.77738483,10,6.78019210342096,On-System / On-System,15150000,778,LPI-01767,1,2.505,2.495,2.5149999999999997,34TH ST N,On Corridor,"449128-1, 448036-1",2,105,0.02,100,0.8,0.5,Verified Match,"449128-1, 448036-1",2
25996,63971,15150000,URBAN GENERAL,TAMPA-ST PETERSBURG,URBAN PRIN ART OTHER,DIVIDED,US   19,SR   55,7,PINELLAS,38000,6,35,1,LPI,Implement a Leading Pedestrian Interval (LPI),,LPI-01767,Potential Location,0.870000005,1,5408.8083328125,0.181469840494305,0.0881424939543765,0.375312624658675,0.725408011742168,2.63749915900245,474435.511394077,,29805.5496058159,38.445092734071,3.8445092734071,711.450055199387,3848096.98694236,5408.8083328125,3842688.17860955,7,15,15010000 = 2.505|15150000 = 4.874,34TH ST N|5TH AVE N,64400,15150000,15010000,Y,-82.67940251,27.77738483,10,6.78019210342096,On-System / On-System,15150000,778,LPI-01767,2,4.874,4.864,4.8839999999999995,5TH AVE N,On Corridor,"454084-1, 438702-1, 440246-1",8,106,0.02,100,0.2,1.1,Verified Match,"454084-1, 438702-1, 440246-1",8
18011,61851,15061000,URBAN GENERAL,TAMPA-ST PETERSBURG,URBAN PRIN ART OTHER,DIVIDED,,SR  694,7,PINELLAS,51000,6,40,1,LPI,Implement a Leading Pedestrian Interval (LPI),,LPI-01169,Potential Location,0.870000005,1,5408.8083328125,0.186128210061339,0.0904051306012216,0.384946979899587,0.744029390349091,2.70520432577786,487371.466450254,,29059.5838805414,39.431986476339,3.9431986476339,730.848447009755,3953019.17020944,5408.8083328125,3947610.36187663,7,15,15061000 = .943|15530000 = 2.261,49TH ST N|PARK BLVD N,67750,15061000,15530000,Y,-82.69993424,27.83915,10,6.95424108294939,On-System / On-System,15061000,779,LPI-01169,1,0.943,0.9329999999999999,0.953,49TH ST N,Off Corridor,,0,0,0,0,,,Unmatched,,0
18011,61851,15530000,URBAN GENERAL,TAMPA-ST PETERSBURG,URBAN PRIN ART OTHER,DIVIDED,,SR  694,7,PINELLAS,51000,6,40,1,LPI,Implement a Leading Pedestrian Interval (LPI),,LPI-01169,Potential Location,0.870000005,1,5408.8083328125,0.186128210061339,0.0904051306012216,0.384946979899587,0.744029390349091,2.70520432577786,487371.466450254,,29059.5838805414,39.431986476339,3.9431986476339,730.848447009755,3953019.17020944,5408.8083328125,3947610.36187663,7,15,15061000 = .943|15530000 = 2.261,49TH ST N|PARK BLVD N,67750,15061000,15530000,Y,-82.69993424,27.83915,10,6.95424108294939,On-System / On-System,15061000,779,LPI-01169,2,2.261,2.2510000000000003,2.271,PARK BLVD N,Off Corridor,,0,0,0,0,,,Unmatched,,0
102307,227220,87034000,URBAN GENERAL,MIAMI,URBAN MINOR ART,DIVIDED,,SR  922,6,MIAMI-DADE,32500,4,35,1,LPI,Implement a Leading Pedestrian Interval (LPI),,LPI-01786,Potential Location,0.870000005,1,5408.8083328125,0.253757291300839,0.0951589842378146,0.532890311731762,0.834227095151508,3.24809332865074,584419.402867189,,21314.8883529031,47.3574544890191,4.73574544890191,876.378783720711,4740164.86808867,5408.8083328125,4734756.05975586,6,87,87034000 = 2.35|87066000 = 1.507|87190000 = .611,NE 125TH ST|NE 6TH AVE|W DIXIE HWY,60350,87066000,87034000,Y,-80.18662335,25.89040814,10,7.31992214598274,On-System / On-System,87066000,780,LPI-01786,1,2.35,2.3400000000000003,2.36,NE 125TH ST,On Corridor,"440179-2, 452293-1",4,106,0.02,100,0.2,0.3,Verified Match,"440179-2, 452293-1",4
102307,227220,87066000,URBAN GENERAL,MIAMI,URBAN MINOR ART,DIVIDED,,SR  922,6,MIAMI-DADE,32500,4,35,1,LPI,Implement a Leading Pedestrian Interval (LPI),,LPI-01786,Potential Location,0.870000005,1,5408.8083328125,0.253757291300839,0.0951589842378146,0.532890311731762,0.834227095151508,3.24809332865074,584419.402867189,,21314.8883529031,47.3574544890191,4.73574544890191,876.378783720711,4740164.86808867,5408.8083328125,4734756.05975586,6,87,87034000 = 2.35|87066000 = 1.507|87190000 = .611,NE 125TH ST|NE 6TH AVE|W DIXIE HWY,60350,87066000,87034000,Y,-80.18662335,25.89040814,10,7.31992214598274,On-System / On-System,87066000,780,LPI-01786,2,1.507,1.4969999999999999,1.517,NE 6TH AVE,Off Corridor,,0,0,0,0,89.8,56.2,No Match - Angle Mismatch,,0
102307,227220,87190000,URBAN GENERAL,MIAMI,URBAN MINOR ART,DIVIDED,,SR  922,6,MIAMI-DADE,32500,4,35,1,LPI,Implement a Leading Pedestrian Interval (LPI),,LPI-01786,Potential Location,0.870000005,1,5408.8083328125,0.253757291300839,0.0951589842378146,0.532890311731762,0.834227095151508,3.24809332865074,584419.402867189,,21314.8883529031,47.3574544890191,4.73574544890191,876.378783720711,4740164.86808867,5408.8083328125,4734756.05975586,6,87,87034000 = 2.35|87066000 = 1.507|87190000 = .611,NE 125TH ST|NE 6TH AVE|W DIXIE HWY,60350,87066000,87034000,Y,-80.18662335,25.89040814,10,7.31992214598274,On-System / On-System,87066000,780,LPI-01786,3,0.611,0.601,0.621,W DIXIE HWY,On Corridor,"440179-2, 452293-1",4,106,0.02,100,36.8,4,Verified Parallel Fallback,"440179-2, 452293-1",4
11073,21806,10130000,URBAN GENERAL,TAMPA-ST PETERSBURG,URBAN PRIN ART OTHER,DIVIDED,US   92,SR  600,7,HILLSBOROUGH,50500,5,40,1,LPI,Implement a Leading Pedestrian Interval (LPI),,LPI-02163,Potential Location,0.870000005,1,5408.8083328125,0.200397088901683,0.0973357288951031,0.414457615683026,0.801067843687506,2.91258950801423,523918.988940413,,26990.4536161507,42.4549040517003,4.24549040517003,785.654076581246,4249452.31612075,5408.8083328125,4244043.50778794,7,10,10130000 = 8.522|10270000 = 2.758,N DALE MABRY HWY|S DALE MABRY HWY|W JOHN F KENNEDY BLVD,75000,10130000,10270000,Y,-82.50567487,27.94480335,10,7.48736404913732,On-System / On-System,10130000,781,LPI-02163,1,8.522,8.512,8.532,N DALE MABRY HWY,On Corridor,"445362-2, 452675-1, 451989-1",5,106,0.02,100,6.4,1,Verified Match,"445362-2, 452675-1, 451989-1",5
11073,21806,10270000,URBAN GENERAL,TAMPA-ST PETERSBURG,URBAN PRIN ART OTHER,DIVIDED,US   92,SR  600,7,HILLSBOROUGH,50500,5,40,1,LPI,Implement a Leading Pedestrian Interval (LPI),,LPI-02163,Potential Location,0.870000005,1,5408.8083328125,0.200397088901683,0.0973357288951031,0.414457615683026,0.801067843687506,2.91258950801423,523918.988940413,,26990.4536161507,42.4549040517003,4.24549040517003,785.654076581246,4249452.31612075,5408.8083328125,4244043.50778794,7,10,10130000 = 8.522|10270000 = 2.758,N DALE MABRY HWY|S DALE MABRY HWY|W JOHN F KENNEDY BLVD,75000,10130000,10270000,Y,-82.50567487,27.94480335,10,7.48736404913732,On-System / On-System,10130000,781,LPI-02163,2,2.758,2.748,2.768,S DALE MABRY HWY,On Corridor,"447012-1, 445362-2",2,106,0.02,100,0.3,0.5,Verified Match,"447012-1, 445362-2",2
116002,265439,93030000,URBAN GENERAL,MIAMI,URBAN PRIN ART OTHER,DIVIDED,,SR  806,4,PALM BEACH,41500,6,45,1,LPI,Implement a Leading Pedestrian Interval (LPI),,LPI-01781,Potential Location,0.870000005,1,5408.8083328125,0.218693952373849,0.106222776867298,0.452298856045914,0.874207773255463,3.17851778506991,572643.943855257,,24732.3178080679,46.3311658647597,4.63311658647597,858.720638908954,4644655.34728882,5408.8083328125,4639246.53895601,4,93,93030000 = 5.16|93070000 = 9.141,S MILITARY TRL|W ATLANTIC AVE,74000,93030000,93070000,Y,-80.12251527,26.45776,10,8.17098315021458,On-System / On-System,93030000,782,LPI-01781,1,5.16,5.15,5.17,S MILITARY TRL,On Corridor,447944-1,1,106,0.02,100,0.1,0.5,Verified Match,447944-1,1
116002,265439,93070000,URBAN GENERAL,MIAMI,URBAN PRIN ART OTHER,DIVIDED,,SR  806,4,PALM BEACH,41500,6,45,1,LPI,Implement a Leading Pedestrian Interval (LPI),,LPI-01781,Potential Location,0.870000005,1,5408.8083328125,0.218693952373849,0.106222776867298,0.452298856045914,0.874207773255463,3.17851778506991,572643.943855257,,24732.3178080679,46.3311658647597,4.63311658647597,858.720638908954,4644655.34728882,5408.8083328125,4639246.53895601,4,93,93030000 = 5.16|93070000 = 9.141,S MILITARY TRL|W ATLANTIC AVE,74000,93030000,93070000,Y,-80.12251527,26.45776,10,8.17098315021458,On-System / On-System,93030000,782,LPI-01781,2,9.141,9.131,9.151,W ATLANTIC AVE,On Corridor,447944-1,1,106,0.02,100,0.2,0.7,Verified Match,447944-1,1
116066,265577,93006000,URBAN GENERAL,MIAMI,URBAN PRIN ART OTHER,DIVIDED,,SR  807,4,PALM BEACH,46000,6,40,1,LPI,Implement a Leading Pedestrian Interval (LPI),,LPI-00233,Potential Location,0.870000005,1,5408.8083328125,0.218697645057418,0.10622457045646,0.452306493186932,0.874222534398352,3.1785714548686,572653.613042994,,24731.9002058411,46.3319481741609,4.63319481741609,858.735138549018,4644733.77306283,5408.8083328125,4639324.96473001,4,93,93006000 = 2.081|93180000 = 7.174,LAKE WORTH RD|S CONGRESS AVE,70500,93006000,93180000,Y,-80.08906914,26.61739532,10,8.17112111861696,On-System / On-System,93006000,783,LPI-00233,1,2.081,2.071,2.0909999999999997,LAKE WORTH RD,Off Corridor,,0,0,0,0,83,16.6,No Match - Angle Mismatch,,0
116066,265577,93180000,URBAN GENERAL,MIAMI,URBAN PRIN ART OTHER,DIVIDED,,SR  807,4,PALM BEACH,46000,6,40,1,LPI,Implement a Leading Pedestrian Interval (LPI),,LPI-00233,Potential Location,0.870000005,1,5408.8083328125,0.218697645057418,0.10622457045646,0.452306493186932,0.874222534398352,3.1785714548686,572653.613042994,,24731.9002058411,46.3319481741609,4.63319481741609,858.735138549018,4644733.77306283,5408.8083328125,4639324.96473001,4,93,93006000 = 2.081|93180000 = 7.174,LAKE WORTH RD|S CONGRESS AVE,70500,93006000,93180000,Y,-80.08906914,26.61739532,10,8.17112111861696,On-System / On-System,93006000,783,LPI-00233,2,7.174,7.164000000000001,7.184,S CONGRESS AVE,On Corridor,441632-1,1,106,0.02,100,0.9,0.4,Verified Match,441632-1,1
118867,264638,93016000,URBAN GENERAL,MIAMI,URBAN PRIN ART OTHER,DIVIDED,,SR  882,4,PALM BEACH,44000,6,45,1,LPI,Implement a Leading Pedestrian Interval (LPI),,LPI-00265,Potential Location,0.870000005,1,5408.8083328125,0.23343639669807,0.11338339268192,0.482788911352826,0.933139258489166,3.39278581110035,611246.618361121,,23170.372783848,49.4544101329407,4.94544101329407,916.60811623404,4957757.61701025,5408.8083328125,4952348.80867743,4,93,93016000 = 5.648|93070000 = 22.692,FOREST HILL BLVD|S MILITARY TRL,81000,93016000,93070000,Y,-80.11235514,26.6516376,10,8.72179977252457,On-System / On-System,93016000,784,LPI-00265,1,5.648,5.638,5.6579999999999995,FOREST HILL BLVD,On Corridor,437878-1,1,105,0.02,100,0.1,0.4,Verified Match,437878-1,1
118867,264638,93070000,URBAN GENERAL,MIAMI,URBAN PRIN ART OTHER,DIVIDED,,SR  882,4,PALM BEACH,44000,6,45,1,LPI,Implement a Leading Pedestrian Interval (LPI),,LPI-00265,Potential Location,0.870000005,1,5408.8083328125,0.23343639669807,0.11338339268192,0.482788911352826,0.933139258489166,3.39278581110035,611246.618361121,,23170.372783848,49.4544101329407,4.94544101329407,916.60811623404,4957757.61701025,5408.8083328125,4952348.80867743,4,93,93016000 = 5.648|93070000 = 22.692,FOREST HILL BLVD|S MILITARY TRL,81000,93016000,93070000,Y,-80.11235514,26.6516376,10,8.72179977252457,On-System / On-System,93016000,784,LPI-00265,2,22.692,22.682,22.702,S MILITARY TRL,On Corridor,437878-1,1,106,0.02,100,0.2,0.8,Verified Match,437878-1,1
88397,195785,86006000,URBAN GENERAL,MIAMI,URBAN PRIN ART OTHER,DIVIDED,,SR  842,4,BROWARD,48500,6,45,1,LPI,Implement a Leading Pedestrian Interval (LPI),,LPI-02512,Potential Location,0.870000005,1,5408.8083328125,0.294312549816,0.142951809910628,0.608691864392181,1.17648575108266,4.27756535471209,770649.107683713,,18377.7699462494,62.3512603507915,6.23512603507915,1155.64357438144,6250654.59487555,5408.8083328125,6245245.78654274,4,86,86006000 = 3.142|86100000 = 10.277,NW 40TH AVE|SR-7|W BROWARD BLVD,89750,86006000,86100000,Y,-80.20193905,26.12106505,10,10.9962934929827,On-System / On-System,86006000,785,LPI-02512,1,3.142,3.132,3.1519999999999997,NW 40TH AVE,On Corridor,446999-1,2,105,0.02,100,0.2,0.3,Verified Match,446999-1,2
88397,195785,86100000,URBAN GENERAL,MIAMI,URBAN PRIN ART OTHER,DIVIDED,,SR  842,4,BROWARD,48500,6,45,1,LPI,Implement a Leading Pedestrian Interval (LPI),,LPI-02512,Potential Location,0.870000005,1,5408.8083328125,0.294312549816,0.142951809910628,0.608691864392181,1.17648575108266,4.27756535471209,770649.107683713,,18377.7699462494,62.3512603507915,6.23512603507915,1155.64357438144,6250654.59487555,5408.8083328125,6245245.78654274,4,86,86006000 = 3.142|86100000 = 10.277,NW 40TH AVE|SR-7|W BROWARD BLVD,89750,86006000,86100000,Y,-80.20193905,26.12106505,10,10.9962934929827,On-System / On-System,86006000,785,LPI-02512,2,10.277,10.267,10.286999999999999,SR-7,On Corridor,447677-1,1,106,0.02,100,0.1,0.5,Verified Match,447677-1,1
92797,207423,86110000,URBAN GENERAL,MIAMI,URBAN PRIN ART OTHER,DIVIDED,,SR  817,4,BROWARD,55000,6,45,1,LPI,Implement a Leading Pedestrian Interval (LPI),,LPI-00394,Potential Location,0.870000005,1,5408.8083328125,0.310776994632067,0.150948825964147,0.642743329807229,1.2423007655552,4.51686109243652,813760.791891344,,17404.1464659122,65.839317132263,6.5839317132263,1220.29263494424,6600328.97235611,5408.8083328125,6594920.1640233,4,86,86110000 = .001|86110500 = .72|86220000 = 12.326,N UNIVERSITY DR|W SUNRISE BLVD,62250,86220000,86110000,Y,-80.25707568,26.14865,10,11.6114485976824,On-System / On-System,86220000,786,LPI-00394,1,0.001,0,0.011,N UNIVERSITY DR,Off Corridor,,0,0,0,0,89.3,2.6,No Match - Angle Mismatch,,0
92797,207423,86110500,URBAN GENERAL,MIAMI,URBAN PRIN ART OTHER,DIVIDED,,SR  817,4,BROWARD,55000,6,45,1,LPI,Implement a Leading Pedestrian Interval (LPI),,LPI-00394,Potential Location,0.870000005,1,5408.8083328125,0.310776994632067,0.150948825964147,0.642743329807229,1.2423007655552,4.51686109243652,813760.791891344,,17404.1464659122,65.839317132263,6.5839317132263,1220.29263494424,6600328.97235611,5408.8083328125,6594920.1640233,4,86,86110000 = .001|86110500 = .72|86220000 = 12.326,N UNIVERSITY DR|W SUNRISE BLVD,62250,86220000,86110000,Y,-80.25707568,26.14865,10,11.6114485976824,On-System / On-System,86220000,786,LPI-00394,2,0.72,0.71,0.73,W SUNRISE BLVD,Off Corridor,,0,0,0,0,89,68.5,No Match - Angle Mismatch,,0
92797,207423,86220000,URBAN GENERAL,MIAMI,URBAN PRIN ART OTHER,DIVIDED,,SR  817,4,BROWARD,55000,6,45,1,LPI,Implement a Leading Pedestrian Interval (LPI),,LPI-00394,Potential Location,0.870000005,1,5408.8083328125,0.310776994632067,0.150948825964147,0.642743329807229,1.2423007655552,4.51686109243652,813760.791891344,,17404.1464659122,65.839317132263,6.5839317132263,1220.29263494424,6600328.97235611,5408.8083328125,6594920.1640233,4,86,86110000 = .001|86110500 = .72|86220000 = 12.326,N UNIVERSITY DR|W SUNRISE BLVD,62250,86220000,86110000,Y,-80.25707568,26.14865,10,11.6114485976824,On-System / On-System,86220000,786,LPI-00394,3,12.326,12.316,12.336,,On Corridor,"446998-1, 449243-3",2,106,0.02,100,0,0.6,Verified Match,"446998-1, 449243-3",2
93640,207262,86006000,URBAN GENERAL,MIAMI,URBAN PRIN ART OTHER,DIVIDED,,SR  817,4,BROWARD,48500,6,45,1,LPI,Implement a Leading Pedestrian Interval (LPI),,LPI-02546,Potential Location,0.870000005,1,5408.8083328125,0.441293112812991,0.214342369080595,0.912674392408685,1.76402623537453,6.41379421917972,1155513.56484429,,12256.7250105818,93.4896652732482,9.34896652732482,1732.77541362048,9372250.09608306,5408.8083328125,9366841.28775025,4,86,86006000 = .005|86220000 = 10.339|86500000 = 1.138,N UNIVERSITY DR|S UNIVERSITY DR|W BROWARD BLVD,64500,86220000,86006000,Y,-80.25253353,26.12078058,10,16.4878751788102,On-System / On-System,86220000,787,LPI-02546,1,0.005,0,0.015,N UNIVERSITY DR,Off Corridor,,0,0,0,0,74.7,12.7,No Match - Angle Mismatch,,0
93640,207262,86220000,URBAN GENERAL,MIAMI,URBAN PRIN ART OTHER,DIVIDED,,SR  817,4,BROWARD,48500,6,45,1,LPI,Implement a Leading Pedestrian Interval (LPI),,LPI-02546,Potential Location,0.870000005,1,5408.8083328125,0.441293112812991,0.214342369080595,0.912674392408685,1.76402623537453,6.41379421917972,1155513.56484429,,12256.7250105818,93.4896652732482,9.34896652732482,1732.77541362048,9372250.09608306,5408.8083328125,9366841.28775025,4,86,86006000 = .005|86220000 = 10.339|86500000 = 1.138,N UNIVERSITY DR|S UNIVERSITY DR|W BROWARD BLVD,64500,86220000,86006000,Y,-80.25253353,26.12078058,10,16.4878751788102,On-System / On-System,86220000,787,LPI-02546,2,10.339,10.329,10.349,S UNIVERSITY DR,On Corridor,"446998-1, 449243-3",2,106,0.02,100,0.8,0.5,Verified Match,"446998-1, 449243-3",2
93640,207262,86500000,URBAN GENERAL,MIAMI,URBAN PRIN ART OTHER,DIVIDED,,SR  817,4,BROWARD,48500,6,45,1,LPI,Implement a Leading Pedestrian Interval (LPI),,LPI-02546,Potential Location,0.870000005,1,5408.8083328125,0.441293112812991,0.214342369080595,0.912674392408685,1.76402623537453,6.41379421917972,1155513.56484429,,12256.7250105818,93.4896652732482,9.34896652732482,1732.77541362048,9372250.09608306,5408.8083328125,9366841.28775025,4,86,86006000 = .005|86220000 = 10.339|86500000 = 1.138,N UNIVERSITY DR|S UNIVERSITY DR|W BROWARD BLVD,64500,86220000,86006000,Y,-80.25253353,26.12078058,10,16.4878751788102,On-System / On-System,86220000,787,LPI-02546,3,1.138,1.128,1.148,W BROWARD BLVD,Off Corridor,,0,0,0,0,74.4,66.6,No Match - Angle Mismatch,,0
375,3351,03000038,URBAN GENERAL,BONITA SPRINGS,URBAN PRIN ART OTHER,DIVIDED,US   41,SR   45,1,COLLIER,41500,6,45,1,LPI,Implement a Leading Pedestrian Interval (LPI),,LPI-00464,Potential Location,0.870000005,1,5408.8083328125,,,,,,,,,,,,,5408.8083328125,,1,3,03000038 = .868|03010000 = 8.542|03A05440 = 0,9TH ST N|CYPRESS WOODS DR|PARK SHORE DR,47800,3010000,3000038,Y,-81.80002328,26.19265456,10,,On-System / On-System,3010000,788,LPI-00464,1,0.868,0.858,0.878,9TH ST N,Off Corridor,,0,0,0,0,84.4,2.9,No Match - Angle Mismatch,,0
375,3351,03010000,URBAN GENERAL,BONITA SPRINGS,URBAN PRIN ART OTHER,DIVIDED,US   41,SR   45,1,COLLIER,41500,6,45,1,LPI,Implement a Leading Pedestrian Interval (LPI),,LPI-00464,Potential Location,0.870000005,1,5408.8083328125,,,,,,,,,,,,,5408.8083328125,,1,3,03000038 = .868|03010000 = 8.542|03A05440 = 0,9TH ST N|CYPRESS WOODS DR|PARK SHORE DR,47800,3010000,3000038,Y,-81.80002328,26.19265456,10,,On-System / On-System,3010000,788,LPI-00464,2,8.542,8.532,8.552,CYPRESS WOODS DR,On Corridor,"452524-1, 456234-1, 413627-1, 412666-1, 454326-1",8,106,0.02,100,0,1.2,Verified Match,"452524-1, 456234-1, 413627-1, 412666-1, 454326-1",8
820,1890,03000015,URBAN GENERAL,BONITA SPRINGS,URBAN PRIN ART OTHER,DIVIDED,US   41,SR   45,1,COLLIER,41500,6,45,1,LPI,Implement a Leading Pedestrian Interval (LPI),,LPI-02324,Potential Location,0.870000005,1,5408.8083328125,,,,,,,,,,,,,5408.8083328125,,1,3,03000015 = .008|03010000 = 9.98,9TH ST N|GOLDEN GATE PKWY,48500,3010000,3000015,Y,-81.79959975,26.17166656,10,,On-System / On-System,3010000,789,LPI-02324,1,0.008,0,0.018000000000000002,9TH ST N,Off Corridor,,0,0,0,0,88.9,47.1,No Match - Angle Mismatch,,0
820,1890,03010000,URBAN GENERAL,BONITA SPRINGS,URBAN PRIN ART OTHER,DIVIDED,US   41,SR   45,1,COLLIER,41500,6,45,1,LPI,Implement a Leading Pedestrian Interval (LPI),,LPI-02324,Potential Location,0.870000005,1,5408.8083328125,,,,,,,,,,,,,5408.8083328125,,1,3,03000015 = .008|03010000 = 9.98,9TH ST N|GOLDEN GATE PKWY,48500,3010000,3000015,Y,-81.79959975,26.17166656,10,,On-System / On-System,3010000,789,LPI-02324,2,9.98,9.97,9.99,GOLDEN GATE PKWY,On Corridor,"452524-1, 456234-1, 413627-1, 412666-1, 454326-1, 446451-1, 437908-1",13,106,0.02,100,0.4,1.2,Verified Match,"452524-1, 456234-1, 413627-1, 412666-1, 454326-1, 446451-1, 437908-1",13
1605,1890,03010000,URBAN GENERAL,BONITA SPRINGS,URBAN PRIN ART OTHER,DIVIDED,US   41,SR   45,1,COLLIER,41500,6,45,1,LPI,Implement a Leading Pedestrian Interval (LPI),,LPI-02323,Potential Location,0.870000005,1,5408.8083328125,,,,,,,,,,,,,5408.8083328125,,1,3,03010000 = 9.804|03634001 = .793|03A05640 = 0,22ND AVE N|9TH ST N|MOORING LINE DR,22250,3010000,3634001,Y,-81.79972414,26.17424603,10,,On-System / On-System,3010000,790,LPI-02323,1,9.804,9.794,9.814,22ND AVE N,On Corridor,"456234-1, 413627-1, 412666-1, 454326-1",7,106,0.02,100,0,1.2,Verified Match,"456234-1, 413627-1, 412666-1, 454326-1",7
1605,1890,03634001,URBAN GENERAL,BONITA SPRINGS,URBAN PRIN ART OTHER,DIVIDED,US   41,SR   45,1,COLLIER,41500,6,45,1,LPI,Implement a Leading Pedestrian Interval (LPI),,LPI-02323,Potential Location,0.870000005,1,5408.8083328125,,,,,,,,,,,,,5408.8083328125,,1,3,03010000 = 9.804|03634001 = .793|03A05640 = 0,22ND AVE N|9TH ST N|MOORING LINE DR,22250,3010000,3634001,Y,-81.79972414,26.17424603,10,,On-System / On-System,3010000,790,LPI-02323,2,0.793,0.783,0.803,9TH ST N,On Corridor,455927-1,1,105,0.02,100,6.6,0.4,Verified Match,455927-1,1
1691,1628,01000016,URBAN GENERAL,1790,URBAN PRIN ART OTHER,1WAY,US   17,SR   35,1,CHARLOTTE,9800,3,35,1,LPI,Implement a Leading Pedestrian Interval (LPI),,LPI-01101,Potential Location,0.870000005,1,5408.8083328125,,,,,,,,,,,,,5408.8083328125,,1,1,01000016 = 2.167|01040000 = .88,COOPER ST|E OLYMPIA AVE|OLYMPIA AVE,13650,1040000,1000016,Y,-82.03941,26.94035207,10,,On-System / On-System,1040000,791,LPI-01101,1,2.167,2.157,2.1769999999999996,COOPER ST,On Corridor,452221-1,1,106,0.02,100,0,1.3,Verified Match,452221-1,1
1691,1628,01040000,URBAN GENERAL,1790,URBAN PRIN ART OTHER,1WAY,US   17,SR   35,1,CHARLOTTE,9800,3,35,1,LPI,Implement a Leading Pedestrian Interval (LPI),,LPI-01101,Potential Location,0.870000005,1,5408.8083328125,,,,,,,,,,,,,5408.8083328125,,1,1,01000016 = 2.167|01040000 = .88,COOPER ST|E OLYMPIA AVE|OLYMPIA AVE,13650,1040000,1000016,Y,-82.03941,26.94035207,10,,On-System / On-System,1040000,791,LPI-01101,2,0.88,0.87,0.89,E OLYMPIA AVE,Off Corridor,,0,0,0,0,67.6,1.2,No Match - Angle Mismatch,,0
13900,41521,12000045,URBAN GENERAL,CAPE CORAL,URBAN PRIN ART OTHER,DIVIDED,,SR  739,1,LEE,26300,4,35,1,LPI,Implement a Leading Pedestrian Interval (LPI),,LPI-00477,Potential Location,0.870000005,1,5408.8083328125,,,,,,,,,,,,,5408.8083328125,,1,12,12000045 = 1.075|12014000 = 3.04,EDISON AVE|FOWLER ST,26400,12014000,12000045,Y,-81.86226797,26.63356005,10,,On-System / On-System,12014000,792,LPI-00477,1,1.075,1.065,1.085,EDISON AVE,Off Corridor,,0,0,0,0,,,Unmatched,,0
13900,41521,12014000,URBAN GENERAL,CAPE CORAL,URBAN PRIN ART OTHER,DIVIDED,,SR  739,1,LEE,26300,4,35,1,LPI,Implement a Leading Pedestrian Interval (LPI),,LPI-00477,Potential Location,0.870000005,1,5408.8083328125,,,,,,,,,,,,,5408.8083328125,,1,12,12000045 = 1.075|12014000 = 3.04,EDISON AVE|FOWLER ST,26400,12014000,12000045,Y,-81.86226797,26.63356005,10,,On-System / On-System,12014000,792,LPI-00477,2,3.04,3.0300000000000002,3.05,FOWLER ST,Off Corridor,,0,0,0,0,,,Unmatched,,0
14473,42442,12000227,URBAN GENERAL,CAPE CORAL,URBAN PRIN ART OTHER,DIVIDED,US   41,SR   45,1,LEE,45500,6,40,1,LPI,Implement a Leading Pedestrian Interval (LPI),,LPI-01141,Potential Location,0.870000005,1,5408.8083328125,,,,,,,,,,,,,5408.8083328125,,1,12,12000227 = .83|12010000 = 21.412,CLEVELAND AVE|HILL AVE,22950,12010000,12000227,Y,-81.87199733,26.60972,10,,On-System / On-System,12010000,793,LPI-01141,1,0.83,0.82,0.84,CLEVELAND AVE,Off Corridor,,0,0,0,0,89.9,27.5,No Match - Angle Mismatch,,0
14473,42442,12010000,URBAN GENERAL,CAPE CORAL,URBAN PRIN ART OTHER,DIVIDED,US   41,SR   45,1,LEE,45500,6,40,1,LPI,Implement a Leading Pedestrian Interval (LPI),,LPI-01141,Potential Location,0.870000005,1,5408.8083328125,,,,,,,,,,,,,5408.8083328125,,1,12,12000227 = .83|12010000 = 21.412,CLEVELAND AVE|HILL AVE,22950,12010000,12000227,Y,-81.87199733,26.60972,10,,On-System / On-System,12010000,793,LPI-01141,2,21.412,21.401999999999997,21.422,HILL AVE,On Corridor,456031-1,1,106,0.02,100,0,1.3,Verified Match,456031-1,1
14631,42508,12000064,URBAN GENERAL,CAPE CORAL,URBAN PRIN ART OTHER,DIVIDED,US   41,SR   45,1,LEE,36000,6,40,1,LPI,Implement a Leading Pedestrian Interval (LPI),,LPI-02063,Potential Location,0.870000005,1,5408.8083328125,,,,,,,,,,,,,5408.8083328125,,1,12,12000064 = .264|12010000 = 23.293,CLEVELAND AVE|VICTORIA AVE,19450,12010000,12000064,Y,-81.87266952,26.63705001,10,,On-System / On-System,12010000,794,LPI-02063,1,0.264,0.254,0.274,CLEVELAND AVE,Off Corridor,,0,0,0,0,88.9,9.2,No Match - Angle Mismatch,,0
14631,42508,12010000,URBAN GENERAL,CAPE CORAL,URBAN PRIN ART OTHER,DIVIDED,US   41,SR   45,1,LEE,36000,6,40,1,LPI,Implement a Leading Pedestrian Interval (LPI),,LPI-02063,Potential Location,0.870000005,1,5408.8083328125,,,,,,,,,,,,,5408.8083328125,,1,12,12000064 = .264|12010000 = 23.293,CLEVELAND AVE|VICTORIA AVE,19450,12010000,12000064,Y,-81.87266952,26.63705001,10,,On-System / On-System,12010000,794,LPI-02063,2,23.293,23.282999999999998,23.303,VICTORIA AVE,On Corridor,456031-1,1,106,0.02,100,0,1.3,Verified Match,456031-1,1
15326,41930,12000036,URBAN GENERAL,CAPE CORAL,URBAN PRIN ART OTHER,DIVIDED,US   41,SR   45,1,LEE,45000,6,45,1,LPI,Implement a Leading Pedestrian Interval (LPI),,LPI-02353,Potential Location,0.870000005,1,5408.8083328125,,,,,,,,,,,,,5408.8083328125,,1,12,12000036 = 0|12010000 = 21.031,CLEVELAND AVE|WINKLER AVE,54150,12010000,12000036,Y,-81.87185512,26.6041504,10,,On-System / On-System,12010000,795,LPI-02353,1,0,0,0.01,CLEVELAND AVE,Off Corridor,,0,0,0,0,86.6,8.8,No Match - Angle Mismatch,,0
15326,41930,12010000,URBAN GENERAL,CAPE CORAL,URBAN PRIN ART OTHER,DIVIDED,US   41,SR   45,1,LEE,45000,6,45,1,LPI,Implement a Leading Pedestrian Interval (LPI),,LPI-02353,Potential Location,0.870000005,1,5408.8083328125,,,,,,,,,,,,,5408.8083328125,,1,12,12000036 = 0|12010000 = 21.031,CLEVELAND AVE|WINKLER AVE,54150,12010000,12000036,Y,-81.87185512,26.6041504,10,,On-System / On-System,12010000,795,LPI-02353,2,21.031,21.020999999999997,21.041,WINKLER AVE,On Corridor,456031-1,1,106,0.02,100,7.4,1.3,Verified Match,456031-1,1
15657,46113,13000060,URBAN GENERAL,215,URBAN PRIN ART OTHER,NOT DIVIDED,USB  41,SR   45,1,MANATEE,19900,4,35,1,LPI,Implement a Leading Pedestrian Interval (LPI),,LPI-01155,Potential Location,0.870000005,1,5408.8083328125,,,,,,,,,,,,,5408.8083328125,,1,13,13000060 = .512|13010000 = 7.279,14TH ST W|9TH AVE W|MARTIN LUTHER KING AVE W,11450,13010000,13000060,Y,-82.57524,27.49185875,10,,On-System / On-System,13010000,796,LPI-01155,1,0.512,0.502,0.522,14TH ST W,Off Corridor,,0,0,0,0,89,49.2,No Match - Angle Mismatch,,0
15657,46113,13010000,URBAN GENERAL,215,URBAN PRIN ART OTHER,NOT DIVIDED,USB  41,SR   45,1,MANATEE,19900,4,35,1,LPI,Implement a Leading Pedestrian Interval (LPI),,LPI-01155,Potential Location,0.870000005,1,5408.8083328125,,,,,,,,,,,,,5408.8083328125,,1,13,13000060 = .512|13010000 = 7.279,14TH ST W|9TH AVE W|MARTIN LUTHER KING AVE W,11450,13010000,13000060,Y,-82.57524,27.49185875,10,,On-System / On-System,13010000,796,LPI-01155,2,7.279,7.269,7.289,9TH AVE W,On Corridor,413639-1,2,107,0.02,100,0.4,1.2,Verified Match,413639-1,2
16144,46052,13000031,URBAN GENERAL,215,URBAN PRIN ART OTHER,DIVIDED,USB  41,SR   45,1,MANATEE,26500,4,35,1,LPI,Implement a Leading Pedestrian Interval (LPI),,LPI-02382,Potential Location,0.870000005,1,5408.8083328125,,,,,,,,,,,,,5408.8083328125,,1,13,13000031 = 1.754|13030000 = .508,17TH ST W|8TH AVE W,29050,13030000,13000031,Y,-82.57290011,27.52859,10,,On-System / On-System,13030000,797,LPI-02382,1,1.754,1.744,1.764,17TH ST W,Off Corridor,,0,0,0,0,89.7,1.2,No Match - Angle Mismatch,,0
16144,46052,13030000,URBAN GENERAL,215,URBAN PRIN ART OTHER,DIVIDED,USB  41,SR   45,1,MANATEE,26500,4,35,1,LPI,Implement a Leading Pedestrian Interval (LPI),,LPI-02382,Potential Location,0.870000005,1,5408.8083328125,,,,,,,,,,,,,5408.8083328125,,1,13,13000031 = 1.754|13030000 = .508,17TH ST W|8TH AVE W,29050,13030000,13000031,Y,-82.57290011,27.52859,10,,On-System / On-System,13030000,797,LPI-02382,2,0.508,0.498,0.518,8TH AVE W,On Corridor,456237-1,2,106,0.02,100,0.5,1.3,Verified Match,456237-1,2
16454,46634,13010000,URBAN GENERAL,215,URBAN PRIN ART OTHER,NOT DIVIDED,USB  41,SR   45,1,MANATEE,13100,3,35,1,LPI,Implement a Leading Pedestrian Interval (LPI),,LPI-02067,Potential Location,0.870000005,1,5408.8083328125,,,,,,,,,,,,,5408.8083328125,,1,13,13010000 = 7.354|13A03708 = 0|13A03777 = 1.527,14TH ST W|8TH AVE W,5800,13010000,13A03708,N,,,10,,On-System / Off-System,13010000,798,LPI-02067,1,7.354,7.344,7.364,14TH ST W,Off Corridor,,0,0,0,0,46,24.9,No Match - Angle Mismatch,,0
16593,48187,13000062,URBAN GENERAL,215,URBAN PRIN ART OTHER,NOT DIVIDED,USB  41,SR   45,1,MANATEE,19900,4,35,1,LPI,Implement a Leading Pedestrian Interval (LPI),,LPI-01732,Potential Location,0.870000005,1,5408.8083328125,,,,,,,,,,,,,5408.8083328125,,1,13,13000062 = 1.76|13010000 = 6.778,14TH ST W|17TH AVE W,9950,13010000,13000062,Y,-82.5753,27.48452251,10,,On-System / On-System,13010000,799,LPI-01732,1,1.76,1.75,1.77,14TH ST W,Off Corridor,,0,0,0,0,89.3,12.1,No Match - Angle Mismatch,,0
16593,48187,13010000,URBAN GENERAL,215,URBAN PRIN ART OTHER,NOT DIVIDED,USB  41,SR   45,1,MANATEE,19900,4,35,1,LPI,Implement a Leading Pedestrian Interval (LPI),,LPI-01732,Potential Location,0.870000005,1,5408.8083328125,,,,,,,,,,,,,5408.8083328125,,1,13,13000062 = 1.76|13010000 = 6.778,14TH ST W|17TH AVE W,9950,13010000,13000062,Y,-82.5753,27.48452251,10,,On-System / On-System,13010000,799,LPI-01732,2,6.778,6.768,6.787999999999999,17TH AVE W,On Corridor,413639-1,2,107,0.02,100,0,1.2,Verified Match,413639-1,2
16595,48187,13010000,URBAN GENERAL,215,URBAN PRIN ART OTHER,NOT DIVIDED,USB  41,SR   45,1,MANATEE,19900,4,35,1,LPI,Implement a Leading Pedestrian Interval (LPI),,LPI-01731,Potential Location,0.870000005,1,5408.8083328125,,,,,,,,,,,,,5408.8083328125,,1,13,13010000 = 6.525|13A04170 = .82|13A09491 = 0,14TH ST W|21ST AVE W,8400,13010000,13A04170,Y,-82.57532,27.48083951,10,,On-System / Off-System,13010000,800,LPI-01731,1,6.525,6.515000000000001,6.535,14TH ST W,On Corridor,413639-1,2,107,0.02,100,0,180.9,Verified Match,413639-1,2
17300,42859,12001000,URBAN GENERAL,CAPE CORAL,URBAN PRIN ART OTHER,DIVIDED,USB  41,SR  739,1,LEE,35500,6,40,1,LPI,Implement a Leading Pedestrian Interval (LPI),,LPI-00469,Potential Location,0.870000005,1,5408.8083328125,,,,,,,,,,,,,5408.8083328125,,1,12,12001000 = 1.688|12580000 = 3.637|12A09507 = 0,CARDINAL DR|N TAMIAMI TRL|PONDELLA RD,48250,12001000,12580000,Y,-81.8803508,26.66735116,10,,On-System / On-System,12001000,801,LPI-00469,1,1.688,1.678,1.698,CARDINAL DR,Off Corridor,,0,0,0,0,,,Unmatched,,0
17300,42859,12580000,URBAN GENERAL,CAPE CORAL,URBAN PRIN ART OTHER,DIVIDED,USB  41,SR  739,1,LEE,35500,6,40,1,LPI,Implement a Leading Pedestrian Interval (LPI),,LPI-00469,Potential Location,0.870000005,1,5408.8083328125,,,,,,,,,,,,,5408.8083328125,,1,12,12001000 = 1.688|12580000 = 3.637|12A09507 = 0,CARDINAL DR|N TAMIAMI TRL|PONDELLA RD,48250,12001000,12580000,Y,-81.8803508,26.66735116,10,,On-System / On-System,12001000,801,LPI-00469,2,3.637,3.6270000000000002,3.647,N TAMIAMI TRL,Off Corridor,,0,0,0,0,,,Unmatched,,0
19025,46144,13150000,URBAN GENERAL,215,URBAN PRIN ART OTHER,DIVIDED,,SR   64,1,MANATEE,35000,4,45,1,LPI,Implement a Leading Pedestrian Interval (LPI),,LPI-01188,Potential Location,0.870000005,1,5408.8083328125,,,,,,,,,,,,,5408.8083328125,,1,13,13150000 = 4.768|13A01784 = .898,MANATEE AVE W|VILLAGE GREEN PKWY,17500,13150000,13A01715,Y,-82.63334615,27.49608423,10,,On-System / Off-System,13150000,802,LPI-01188,1,4.768,4.758,4.778,MANATEE AVE W,Off Corridor,,0,0,0,0,,,Unmatched,,0
19832,48431,13150000,URBAN GENERAL,215,URBAN PRIN ART OTHER,DIVIDED,,SR   64,1,MANATEE,44000,4,40,1,LPI,Implement a Leading Pedestrian Interval (LPI),,LPI-00487,Potential Location,0.870000005,1,5408.8083328125,,,,,,,,,,,,,5408.8083328125,,1,13,13150000 = 6.832|13A03706 = 1.467,39TH ST W|MANATEE AVE W,19750,13150000,13A01919,Y,-82.59974878,27.49565105,10,,On-System / Off-System,13150000,803,LPI-00487,1,6.832,6.822,6.842,39TH ST W,Off Corridor,,0,0,0,0,,,Unmatched,,0
19836,48431,13000058,URBAN GENERAL,215,URBAN PRIN ART OTHER,DIVIDED,,SR   64,1,MANATEE,44000,4,40,1,LPI,Implement a Leading Pedestrian Interval (LPI),,LPI-00486,Potential Location,0.870000005,1,5408.8083328125,,,,,,,,,,,,,5408.8083328125,,1,13,13000058 = 2.288|13000133 = .001|13150000 = 6.579,43RD ST W|MANATEE AVE W,24600,13150000,13000058,Y,-82.60386367,27.49576007,10,,On-System / On-System,13150000,804,LPI-00486,1,2.288,2.278,2.2979999999999996,43RD ST W,Off Corridor,,0,0,0,0,,,Unmatched,,0
19836,48431,13000133,URBAN GENERAL,215,URBAN PRIN ART OTHER,DIVIDED,,SR   64,1,MANATEE,44000,4,40,1,LPI,Implement a Leading Pedestrian Interval (LPI),,LPI-00486,Potential Location,0.870000005,1,5408.8083328125,,,,,,,,,,,,,5408.8083328125,,1,13,13000058 = 2.288|13000133 = .001|13150000 = 6.579,43RD ST W|MANATEE AVE W,24600,13150000,13000058,Y,-82.60386367,27.49576007,10,,On-System / On-System,13150000,804,LPI-00486,2,0.001,0,0.011,MANATEE AVE W,Off Corridor,,0,0,0,0,,,Unmatched,,0
19836,48431,13150000,URBAN GENERAL,215,URBAN PRIN ART OTHER,DIVIDED,,SR   64,1,MANATEE,44000,4,40,1,LPI,Implement a Leading Pedestrian Interval (LPI),,LPI-00486,Potential Location,0.870000005,1,5408.8083328125,,,,,,,,,,,,,5408.8083328125,,1,13,13000058 = 2.288|13000133 = .001|13150000 = 6.579,43RD ST W|MANATEE AVE W,24600,13150000,13000058,Y,-82.60386367,27.49576007,10,,On-System / On-System,13150000,804,LPI-00486,3,6.579,6.569,6.5889999999999995,,Off Corridor,,0,0,0,0,,,Unmatched,,0
19849,48534,13000026,URBAN GENERAL,215,URBAN PRIN ART OTHER,DIVIDED,,SR   64,1,MANATEE,20000,4,45,1,LPI,Implement a Leading Pedestrian Interval (LPI),,LPI-02414,Potential Location,0.870000005,1,5408.8083328125,,,,,,,,,,,,,5408.8083328125,,1,13,13000026 = 2.3|13150000 = 4.568|13530000 = .002,75TH ST W|MANATEE AVE W,42600,13150000,13000026,Y,-82.63662,27.49611462,10,,On-System / On-System,13150000,805,LPI-02414,1,2.3,2.29,2.3099999999999996,75TH ST W,Off Corridor,,0,0,0,0,,,Unmatched,,0
19849,48534,13150000,URBAN GENERAL,215,URBAN PRIN ART OTHER,DIVIDED,,SR   64,1,MANATEE,20000,4,45,1,LPI,Implement a Leading Pedestrian Interval (LPI),,LPI-02414,Potential Location,0.870000005,1,5408.8083328125,,,,,,,,,,,,,5408.8083328125,,1,13,13000026 = 2.3|13150000 = 4.568|13530000 = .002,75TH ST W|MANATEE AVE W,42600,13150000,13000026,Y,-82.63662,27.49611462,10,,On-System / On-System,13150000,805,LPI-02414,2,4.568,4.558,4.577999999999999,MANATEE AVE W,Off Corridor,,0,0,0,0,,,Unmatched,,0
19849,48534,13530000,URBAN GENERAL,215,URBAN PRIN ART OTHER,DIVIDED,,SR   64,1,MANATEE,20000,4,45,1,LPI,Implement a Leading Pedestrian Interval (LPI),,LPI-02414,Potential Location,0.870000005,1,5408.8083328125,,,,,,,,,,,,,5408.8083328125,,1,13,13000026 = 2.3|13150000 = 4.568|13530000 = .002,75TH ST W|MANATEE AVE W,42600,13150000,13000026,Y,-82.63662,27.49611462,10,,On-System / On-System,13150000,805,LPI-02414,3,0.002,0,0.012,,Off Corridor,,0,0,0,0,,,Unmatched,,0
20121,50458,13000057,URBAN GENERAL,215,URBAN PRIN ART OTHER,DIVIDED,,SR   64,1,MANATEE,35000,4,45,1,LPI,Implement a Leading Pedestrian Interval (LPI),,LPI-00518,Potential Location,0.870000005,1,5408.8083328125,,,,,,,,,,,,,5408.8083328125,,1,13,13000057 = 2.3|13150000 = 6.074|13A03533 = .57,51ST ST W|MANATEE AVE W,42750,13150000,13000057,Y,-82.61208,27.49586669,10,,On-System / On-System,13150000,806,LPI-00518,1,2.3,2.29,2.3099999999999996,51ST ST W,Off Corridor,,0,0,0,0,,,Unmatched,,0
20121,50458,13150000,URBAN GENERAL,215,URBAN PRIN ART OTHER,DIVIDED,,SR   64,1,MANATEE,35000,4,45,1,LPI,Implement a Leading Pedestrian Interval (LPI),,LPI-00518,Potential Location,0.870000005,1,5408.8083328125,,,,,,,,,,,,,5408.8083328125,,1,13,13000057 = 2.3|13150000 = 6.074|13A03533 = .57,51ST ST W|MANATEE AVE W,42750,13150000,13000057,Y,-82.61208,27.49586669,10,,On-System / On-System,13150000,806,LPI-00518,2,6.074,6.064,6.084,MANATEE AVE W,Off Corridor,,0,0,0,0,,,Unmatched,,0
20144,49451,13000092,URBAN GENERAL,215,URBAN PRIN ART OTHER,DIVIDED,,SR   64,1,MANATEE,44000,4,40,1,LPI,Implement a Leading Pedestrian Interval (LPI),,LPI-01153,Potential Location,0.870000005,1,5408.8083328125,,,,,,,,,,,,,5408.8083328125,,1,13,13000092 = 2.283|13150000 = 7.589|13A00514 = 0,26TH ST W|MANATEE AVE W,51500,13150000,13000092,Y,-82.58743,27.49559108,10,,On-System / On-System,13150000,807,LPI-01153,1,2.283,2.273,2.2929999999999997,26TH ST W,Off Corridor,,0,0,0,0,,,Unmatched,,0
20144,49451,13150000,URBAN GENERAL,215,URBAN PRIN ART OTHER,DIVIDED,,SR   64,1,MANATEE,44000,4,40,1,LPI,Implement a Leading Pedestrian Interval (LPI),,LPI-01153,Potential Location,0.870000005,1,5408.8083328125,,,,,,,,,,,,,5408.8083328125,,1,13,13000092 = 2.283|13150000 = 7.589|13A00514 = 0,26TH ST W|MANATEE AVE W,51500,13150000,13000092,Y,-82.58743,27.49559108,10,,On-System / On-System,13150000,807,LPI-01153,2,7.589,7.579000000000001,7.599,MANATEE AVE W,Off Corridor,,0,0,0,0,,,Unmatched,,0
20365,50361,13000056,URBAN GENERAL,215,URBAN PRIN ART OTHER,DIVIDED,,SR   64,1,MANATEE,35000,4,45,1,LPI,Implement a Leading Pedestrian Interval (LPI),,LPI-01734,Potential Location,0.870000005,1,5408.8083328125,,,,,,,,,,,,,5408.8083328125,,1,13,13000056 = 2.3|13150000 = 5.563|13A03296 = 0,59TH ST W|MANATEE AVE W,24400,13150000,13000056,Y,-82.62041,27.49594747,10,,On-System / On-System,13150000,808,LPI-01734,1,2.3,2.29,2.3099999999999996,59TH ST W,Off Corridor,,0,0,0,0,,,Unmatched,,0
20365,50361,13150000,URBAN GENERAL,215,URBAN PRIN ART OTHER,DIVIDED,,SR   64,1,MANATEE,35000,4,45,1,LPI,Implement a Leading Pedestrian Interval (LPI),,LPI-01734,Potential Location,0.870000005,1,5408.8083328125,,,,,,,,,,,,,5408.8083328125,,1,13,13000056 = 2.3|13150000 = 5.563|13A03296 = 0,59TH ST W|MANATEE AVE W,24400,13150000,13000056,Y,-82.62041,27.49594747,10,,On-System / On-System,13150000,808,LPI-01734,2,5.563,5.553,5.5729999999999995,MANATEE AVE W,Off Corridor,,0,0,0,0,,,Unmatched,,0
24489,71146,16000073,URBAN GENERAL,LAKELAND,URBAN PRIN ART OTHER,DIVIDED,US   98,SR   35,1,POLK,42000,4,45,1,LPI,Implement a Leading Pedestrian Interval (LPI),,LPI-00527,Potential Location,0.870000005,1,5408.8083328125,,,,,,,,,,,,,5408.8083328125,,1,16,16000073 = 1.945|16060000 = 11.879,BARTOW RD|E LIME ST,21300,16060000,16000073,Y,-81.94304583,28.04053,10,,On-System / On-System,16060000,809,LPI-00527,1,1.945,1.935,1.955,BARTOW RD,Off Corridor,,0,0,0,0,46.8,17.3,No Match - Angle Mismatch,,0
24489,71146,16060000,URBAN GENERAL,LAKELAND,URBAN PRIN ART OTHER,DIVIDED,US   98,SR   35,1,POLK,42000,4,45,1,LPI,Implement a Leading Pedestrian Interval (LPI),,LPI-00527,Potential Location,0.870000005,1,5408.8083328125,,,,,,,,,,,,,5408.8083328125,,1,16,16000073 = 1.945|16060000 = 11.879,BARTOW RD|E LIME ST,21300,16060000,16000073,Y,-81.94304583,28.04053,10,,On-System / On-System,16060000,809,LPI-00527,2,11.879,11.869,11.889,E LIME ST,On Corridor,197562-4,1,106,0.02,100,0,1.1,Verified Match,197562-4,1
24817,41196,12000112,URBAN GENERAL,CAPE CORAL,URBAN PRIN ART OTHER,DIVIDED,,SR   82,1,LEE,47000,4,45,1,LPI,Implement a Leading Pedestrian Interval (LPI),,LPI-02130,Potential Location,0.870000005,1,5408.8083328125,,,,,,,,,,,,,5408.8083328125,,1,12,12000112 = 3.031|12070000 = 2.028,DR MARTIN LUTHER KING JR BLVD|VERONICA S SHOEMAKER BLVD,30550,12070000,12000112,Y,-81.83993501,26.64111506,10,,On-System / On-System,12070000,810,LPI-02130,1,3.031,3.0210000000000004,3.041,DR MARTIN LUTHER KING JR BLVD,Off Corridor,,0,0,0,0,87.2,206.4,No Match - Angle Mismatch,,0
24817,41196,12070000,URBAN GENERAL,CAPE CORAL,URBAN PRIN ART OTHER,DIVIDED,,SR   82,1,LEE,47000,4,45,1,LPI,Implement a Leading Pedestrian Interval (LPI),,LPI-02130,Potential Location,0.870000005,1,5408.8083328125,,,,,,,,,,,,,5408.8083328125,,1,12,12000112 = 3.031|12070000 = 2.028,DR MARTIN LUTHER KING JR BLVD|VERONICA S SHOEMAKER BLVD,30550,12070000,12000112,Y,-81.83993501,26.64111506,10,,On-System / On-System,12070000,810,LPI-02130,2,2.028,2.0180000000000002,2.038,VERONICA S SHOEMAKER BLVD,On Corridor,446269-1,1,105,0.02,100,0.3,188.5,Verified Match,446269-1,1
25100,73157,16000067,URBAN GENERAL,LAKELAND,URBAN PRIN ART OTHER,DIVIDED,US   98,SR   35,1,POLK,50000,4,45,1,LPI,Implement a Leading Pedestrian Interval (LPI),,LPI-02244,Potential Location,0.870000005,1,5408.8083328125,,,,,,,,,,,,,5408.8083328125,,1,16,16000067 = .658|16060000 = 10.485,BARTOW RD|CRYSTAL LAKE DR|N CRYSTAL LAKE DR,23800,16060000,16000067,Y,-81.92708776,28.02594511,10,,On-System / On-System,16060000,811,LPI-02244,1,0.658,0.648,0.668,BARTOW RD,Off Corridor,,0,0,0,0,46.7,72,No Match - Angle Mismatch,,0
25100,73157,16060000,URBAN GENERAL,LAKELAND,URBAN PRIN ART OTHER,DIVIDED,US   98,SR   35,1,POLK,50000,4,45,1,LPI,Implement a Leading Pedestrian Interval (LPI),,LPI-02244,Potential Location,0.870000005,1,5408.8083328125,,,,,,,,,,,,,5408.8083328125,,1,16,16000067 = .658|16060000 = 10.485,BARTOW RD|CRYSTAL LAKE DR|N CRYSTAL LAKE DR,23800,16060000,16000067,Y,-81.92708776,28.02594511,10,,On-System / On-System,16060000,811,LPI-02244,2,10.485,10.475,10.495,CRYSTAL LAKE DR,On Corridor,"457732-1, 197562-4",3,106,0.02,100,0,1.1,Verified Match,"457732-1, 197562-4",3
26882,73846,16020000,URBAN GENERAL,WINTER HAVEN,URBAN PRIN ART OTHER,DIVIDED,US   92,SR  600,1,POLK,42500,6,45,1,LPI,Implement a Leading Pedestrian Interval (LPI),,LPI-01187,Potential Location,0.870000005,1,5408.8083328125,,,,,,,,,,,,,5408.8083328125,,1,16,16020000 = 10.711|16160000 = .005|16161000 = .937,MAGNOLIA AVE|MAIN ST,25550,16020000,16160000,Y,-81.78867,28.05886468,10,,On-System / On-System,16020000,812,LPI-01187,1,10.711,10.701,10.721,MAGNOLIA AVE,On Corridor,412675-1,2,106,0.02,100,0.1,1,Verified Match,412675-1,2
26882,73846,16160000,URBAN GENERAL,WINTER HAVEN,URBAN PRIN ART OTHER,DIVIDED,US   92,SR  600,1,POLK,42500,6,45,1,LPI,Implement a Leading Pedestrian Interval (LPI),,LPI-01187,Potential Location,0.870000005,1,5408.8083328125,,,,,,,,,,,,,5408.8083328125,,1,16,16020000 = 10.711|16160000 = .005|16161000 = .937,MAGNOLIA AVE|MAIN ST,25550,16020000,16160000,Y,-81.78867,28.05886468,10,,On-System / On-System,16020000,812,LPI-01187,2,0.005,0,0.015,MAIN ST,Off Corridor,,0,0,0,0,88.1,60.3,No Match - Angle Mismatch,,0
26882,73846,16161000,URBAN GENERAL,WINTER HAVEN,URBAN PRIN ART OTHER,DIVIDED,US   92,SR  600,1,POLK,42500,6,45,1,LPI,Implement a Leading Pedestrian Interval (LPI),,LPI-01187,Potential Location,0.870000005,1,5408.8083328125,,,,,,,,,,,,,5408.8083328125,,1,16,16020000 = 10.711|16160000 = .005|16161000 = .937,MAGNOLIA AVE|MAIN ST,25550,16020000,16160000,Y,-81.78867,28.05886468,10,,On-System / On-System,16020000,812,LPI-01187,3,0.937,0.927,0.9470000000000001,,Off Corridor,,0,0,0,0,88,16.5,No Match - Angle Mismatch,,0
26991,43459,12000045,URBAN GENERAL,CAPE CORAL,URBAN PRIN ART OTHER,DIVIDED,US   41,SR   45,1,LEE,38000,6,40,1,LPI,Implement a Leading Pedestrian Interval (LPI),,LPI-02355,Potential Location,0.870000005,1,5408.8083328125,,,,,,,,,,,,,5408.8083328125,,1,12,12000045 = .449|12000217 = 1.24|12010000 = 23.043,CLEVELAND AVE|CORTEZ BLVD|EDISON AVE,44050,12010000,12000045,Y,-81.87256796,26.63343,10,,On-System / On-System,12010000,813,LPI-02355,1,0.449,0.439,0.459,CLEVELAND AVE,Off Corridor,,0,0,0,0,84.8,1.4,No Match - Angle Mismatch,,0
26991,43459,12000217,URBAN GENERAL,CAPE CORAL,URBAN PRIN ART OTHER,DIVIDED,US   41,SR   45,1,LEE,38000,6,40,1,LPI,Implement a Leading Pedestrian Interval (LPI),,LPI-02355,Potential Location,0.870000005,1,5408.8083328125,,,,,,,,,,,,,5408.8083328125,,1,12,12000045 = .449|12000217 = 1.24|12010000 = 23.043,CLEVELAND AVE|CORTEZ BLVD|EDISON AVE,44050,12010000,12000045,Y,-81.87256796,26.63343,10,,On-System / On-System,12010000,813,LPI-02355,2,1.24,1.23,1.25,CORTEZ BLVD,On Corridor,456031-1,1,53,0.01,100,44.6,19.8,Verified Parallel Fallback,456031-1,1
26991,43459,12010000,URBAN GENERAL,CAPE CORAL,URBAN PRIN ART OTHER,DIVIDED,US   41,SR   45,1,LEE,38000,6,40,1,LPI,Implement a Leading Pedestrian Interval (LPI),,LPI-02355,Potential Location,0.870000005,1,5408.8083328125,,,,,,,,,,,,,5408.8083328125,,1,12,12000045 = .449|12000217 = 1.24|12010000 = 23.043,CLEVELAND AVE|CORTEZ BLVD|EDISON AVE,44050,12010000,12000045,Y,-81.87256796,26.63343,10,,On-System / On-System,12010000,813,LPI-02355,3,23.043,23.032999999999998,23.053,EDISON AVE,On Corridor,456031-1,1,106,0.02,100,0,1.3,Verified Match,456031-1,1
26996,43459,12000053,URBAN GENERAL,CAPE CORAL,URBAN PRIN ART OTHER,DIVIDED,US   41,SR   45,1,LEE,38000,6,40,1,LPI,Implement a Leading Pedestrian Interval (LPI),,LPI-00307,Potential Location,0.870000005,1,5408.8083328125,,,,,,,,,,,,,5408.8083328125,,1,12,12000053 = 0|12010000 = 22.788|12A11371 = .366,CLEVELAND AVE|LLEWELLYN DR|SOUTH ST,20750,12010000,12000053,Y,-81.87244002,26.62972039,10,,On-System / On-System,12010000,814,LPI-00307,1,0,0,0.01,CLEVELAND AVE,Off Corridor,,0,0,0,0,88.6,24.7,No Match - Angle Mismatch,,0
26996,43459,12010000,URBAN GENERAL,CAPE CORAL,URBAN PRIN ART OTHER,DIVIDED,US   41,SR   45,1,LEE,38000,6,40,1,LPI,Implement a Leading Pedestrian Interval (LPI),,LPI-00307,Potential Location,0.870000005,1,5408.8083328125,,,,,,,,,,,,,5408.8083328125,,1,12,12000053 = 0|12010000 = 22.788|12A11371 = .366,CLEVELAND AVE|LLEWELLYN DR|SOUTH ST,20750,12010000,12000053,Y,-81.87244002,26.62972039,10,,On-System / On-System,12010000,814,LPI-00307,2,22.788,22.778,22.798000000000002,LLEWELLYN DR,On Corridor,456031-1,1,106,0.02,100,0,1.3,Verified Match,456031-1,1
27706,72294,16000185,URBAN GENERAL,WINTER HAVEN,URBAN PRIN ART OTHER,DIVIDED,US   17,SR  600,1,POLK,23000,2,35,1,LPI,Implement a Leading Pedestrian Interval (LPI),,LPI-00502,Potential Location,0.870000005,1,5408.8083328125,,,,,,,,,,,,,5408.8083328125,,1,16,16000185 = 0|16020000 = 22.811|16050000 = 0|16A03845 = .125,17TH ST N|17TH ST S|HINSON AVE|HINSON AVE E,25300,16020000,16050000,Y,-81.61802883,28.10670003,10,,On-System / On-System,16020000,815,LPI-00502,1,0,0,0.01,17TH ST N,Off Corridor,,0,0,0,0,0.2,24.4,No Match - Low Overlap,,0
27706,72294,16020000,URBAN GENERAL,WINTER HAVEN,URBAN PRIN ART OTHER,DIVIDED,US   17,SR  600,1,POLK,23000,2,35,1,LPI,Implement a Leading Pedestrian Interval (LPI),,LPI-00502,Potential Location,0.870000005,1,5408.8083328125,,,,,,,,,,,,,5408.8083328125,,1,16,16000185 = 0|16020000 = 22.811|16050000 = 0|16A03845 = .125,17TH ST N|17TH ST S|HINSON AVE|HINSON AVE E,25300,16020000,16050000,Y,-81.61802883,28.10670003,10,,On-System / On-System,16020000,815,LPI-00502,2,22.811,22.801,22.821,17TH ST S,Off Corridor,,0,0,0,0,0,28.3,No Match - Low Overlap,,0
27706,72294,16050000,URBAN GENERAL,WINTER HAVEN,URBAN PRIN ART OTHER,DIVIDED,US   17,SR  600,1,POLK,23000,2,35,1,LPI,Implement a Leading Pedestrian Interval (LPI),,LPI-00502,Potential Location,0.870000005,1,5408.8083328125,,,,,,,,,,,,,5408.8083328125,,1,16,16000185 = 0|16020000 = 22.811|16050000 = 0|16A03845 = .125,17TH ST N|17TH ST S|HINSON AVE|HINSON AVE E,25300,16020000,16050000,Y,-81.61802883,28.10670003,10,,On-System / On-System,16020000,815,LPI-00502,3,0,0,0.01,HINSON AVE,On Corridor,444625-1,1,53,0.01,100,0,1.9,Verified Parallel Fallback,444625-1,1
29194,75541,16000149,URBAN GENERAL,WINTER HAVEN,URBAN PRIN ART OTHER,DIVIDED,US   17,SR  555,1,POLK,36000,4,40,1,LPI,Implement a Leading Pedestrian Interval (LPI),,LPI-00504,Potential Location,0.870000005,1,5408.8083328125,,,,,,,,,,,,,5408.8083328125,,1,16,16000149 = .096|16030000 = 29.407,6TH ST NW|AVENUE D NW,17100,16030000,16000149,N,,,10,,On-System / On-System,16030000,816,LPI-00504,1,0.096,0.08600000000000001,0.106,6TH ST NW,Off Corridor,,0,0,0,0,88.7,12.1,No Match - Angle Mismatch,,0
29194,75541,16030000,URBAN GENERAL,WINTER HAVEN,URBAN PRIN ART OTHER,DIVIDED,US   17,SR  555,1,POLK,36000,4,40,1,LPI,Implement a Leading Pedestrian Interval (LPI),,LPI-00504,Potential Location,0.870000005,1,5408.8083328125,,,,,,,,,,,,,5408.8083328125,,1,16,16000149 = .096|16030000 = 29.407,6TH ST NW|AVENUE D NW,17100,16030000,16000149,N,,,10,,On-System / On-System,16030000,816,LPI-00504,2,29.407,29.397,29.417,AVENUE D NW,On Corridor,"450875-1, 413656-1",3,106,0.02,100,0.7,2.1,Verified Match,"450875-1, 413656-1",3
29292,74135,16000239,SUBURBAN COMMERCIAL,LAKELAND,URBAN PRIN ART OTHER,DIVIDED,,SR  600,1,POLK,18400,4,45,1,LPI,Implement a Leading Pedestrian Interval (LPI),,LPI-00508,Potential Location,0.870000005,1,5408.8083328125,,,,,,,,,,,,,5408.8083328125,,1,16,16000239 = .199|16010000 = 4.14|16100001 = 0,GEORGE JENKINS BLVD|N WABASH AVE|NEW TAMPA HWY|S WABASH AVE,31200,16010000,16100001,Y,-81.9900565,28.04147056,10,,On-System / On-System,16010000,817,LPI-00508,1,0.199,0.189,0.20900000000000002,GEORGE JENKINS BLVD,Off Corridor,,0,0,0,0,80,28.7,No Match - Angle Mismatch,,0
29292,74135,16010000,SUBURBAN COMMERCIAL,LAKELAND,URBAN PRIN ART OTHER,DIVIDED,,SR  600,1,POLK,18400,4,45,1,LPI,Implement a Leading Pedestrian Interval (LPI),,LPI-00508,Potential Location,0.870000005,1,5408.8083328125,,,,,,,,,,,,,5408.8083328125,,1,16,16000239 = .199|16010000 = 4.14|16100001 = 0,GEORGE JENKINS BLVD|N WABASH AVE|NEW TAMPA HWY|S WABASH AVE,31200,16010000,16100001,Y,-81.9900565,28.04147056,10,,On-System / On-System,16010000,817,LPI-00508,2,4.14,4.13,4.1499999999999995,N WABASH AVE,On Corridor,456252-1,2,105,0.02,100,0,1,Verified Match,456252-1,2
29292,74135,16100001,SUBURBAN COMMERCIAL,LAKELAND,URBAN PRIN ART OTHER,DIVIDED,,SR  600,1,POLK,18400,4,45,1,LPI,Implement a Leading Pedestrian Interval (LPI),,LPI-00508,Potential Location,0.870000005,1,5408.8083328125,,,,,,,,,,,,,5408.8083328125,,1,16,16000239 = .199|16010000 = 4.14|16100001 = 0,GEORGE JENKINS BLVD|N WABASH AVE|NEW TAMPA HWY|S WABASH AVE,31200,16010000,16100001,Y,-81.9900565,28.04147056,10,,On-System / On-System,16010000,817,LPI-00508,3,0,0,0.01,NEW TAMPA HWY,Off Corridor,,0,0,0,0,65.6,24.1,No Match - Angle Mismatch,,0
29398,75776,16030000,URBAN GENERAL,WINTER HAVEN,URBAN PRIN ART OTHER,DIVIDED,US   17,SR  555,1,POLK,32000,4,40,1,LPI,Implement a Leading Pedestrian Interval (LPI),,LPI-02289,Potential Location,0.870000005,1,5408.8083328125,,,,,,,,,,,,,5408.8083328125,,1,16,16030000 = 29.278|16580000 = 13.627|16A09535 = .174|16A13724 = 0,6TH ST NW|AVENUE B NW|POPE AVE NW,14250,16030000,16580000,Y,-81.73300499,28.02402018,10,,On-System / On-System,16030000,818,LPI-02289,1,29.278,29.267999999999997,29.288,6TH ST NW,On Corridor,"450875-1, 413656-1",3,106,0.02,100,0,2.1,Verified Match,"450875-1, 413656-1",3
29398,75776,16580000,URBAN GENERAL,WINTER HAVEN,URBAN PRIN ART OTHER,DIVIDED,US   17,SR  555,1,POLK,32000,4,40,1,LPI,Implement a Leading Pedestrian Interval (LPI),,LPI-02289,Potential Location,0.870000005,1,5408.8083328125,,,,,,,,,,,,,5408.8083328125,,1,16,16030000 = 29.278|16580000 = 13.627|16A09535 = .174|16A13724 = 0,6TH ST NW|AVENUE B NW|POPE AVE NW,14250,16030000,16580000,Y,-81.73300499,28.02402018,10,,On-System / On-System,16030000,818,LPI-02289,2,13.627,13.617,13.637,AVENUE B NW,Off Corridor,,0,0,0,0,61.9,27.6,No Match - Angle Mismatch,,0
29437,73021,16000142,URBAN GENERAL,WINTER HAVEN,URBAN PRIN ART OTHER,DIVIDED,US   17,SR  555,1,POLK,36000,4,40,1,LPI,Implement a Leading Pedestrian Interval (LPI),,LPI-01925,Potential Location,0.870000005,1,5408.8083328125,,,,,,,,,,,,,5408.8083328125,,1,16,16000142 = 0|16030000 = 30.013,6TH ST NW|LAKE SILVER DR N,18900,16030000,16000142,Y,-81.73296854,28.03470863,10,,On-System / On-System,16030000,819,LPI-01925,1,0,0,0.01,6TH ST NW,Off Corridor,,0,0,0,0,89.7,24.2,No Match - Angle Mismatch,,0
29437,73021,16030000,URBAN GENERAL,WINTER HAVEN,URBAN PRIN ART OTHER,DIVIDED,US   17,SR  555,1,POLK,36000,4,40,1,LPI,Implement a Leading Pedestrian Interval (LPI),,LPI-01925,Potential Location,0.870000005,1,5408.8083328125,,,,,,,,,,,,,5408.8083328125,,1,16,16000142 = 0|16030000 = 30.013,6TH ST NW|LAKE SILVER DR N,18900,16030000,16000142,Y,-81.73296854,28.03470863,10,,On-System / On-System,16030000,819,LPI-01925,2,30.013,30.003,30.023000000000003,LAKE SILVER DR N,On Corridor,"450875-1, 413656-1",3,106,0.02,100,0,2,Verified Match,"450875-1, 413656-1",3
29504,72213,16000155,URBAN GENERAL,WINTER HAVEN,URBAN PRIN ART OTHER,DIVIDED,US   17,SR  555,1,POLK,34000,4,40,1,LPI,Implement a Leading Pedestrian Interval (LPI),,LPI-00501,Potential Location,0.870000005,1,5408.8083328125,,,,,,,,,,,,,5408.8083328125,,1,16,16000155 = .439|16030000 = 28.28,3RD ST SW|AVENUE K SW,17900,16030000,16000155,Y,-81.73089043,28.01127,10,,On-System / On-System,16030000,820,LPI-00501,1,0.439,0.429,0.449,3RD ST SW,Off Corridor,,0,0,0,0,90,12.1,No Match - Angle Mismatch,,0
29504,72213,16030000,URBAN GENERAL,WINTER HAVEN,URBAN PRIN ART OTHER,DIVIDED,US   17,SR  555,1,POLK,34000,4,40,1,LPI,Implement a Leading Pedestrian Interval (LPI),,LPI-00501,Potential Location,0.870000005,1,5408.8083328125,,,,,,,,,,,,,5408.8083328125,,1,16,16000155 = .439|16030000 = 28.28,3RD ST SW|AVENUE K SW,17900,16030000,16000155,Y,-81.73089043,28.01127,10,,On-System / On-System,16030000,820,LPI-00501,2,28.28,28.27,28.290000000000003,AVENUE K SW,On Corridor,413656-1,1,106,0.02,100,0.1,2.1,Verified Match,413656-1,1
29881,77206,17000052,URBAN GENERAL,215,URBAN MINOR ART,DIVIDED,,SR  758,1,SARASOTA,26500,6,45,1,LPI,Implement a Leading Pedestrian Interval (LPI),,LPI-00514,Potential Location,0.870000005,1,5408.8083328125,,,,,,,,,,,,,5408.8083328125,,1,17,17000052 = .002|17008000 = .501|17A12158 = .51,BEE RIDGE RD|S SHADE AVE,28250,17008000,17000052,Y,-82.52236,27.29886544,10,,On-System / On-System,17008000,821,LPI-00514,1,0.002,0,0.012,BEE RIDGE RD,Off Corridor,,0,0,0,0,88.3,28.6,No Match - Angle Mismatch,,0
29881,77206,17008000,URBAN GENERAL,215,URBAN MINOR ART,DIVIDED,,SR  758,1,SARASOTA,26500,6,45,1,LPI,Implement a Leading Pedestrian Interval (LPI),,LPI-00514,Potential Location,0.870000005,1,5408.8083328125,,,,,,,,,,,,,5408.8083328125,,1,17,17000052 = .002|17008000 = .501|17A12158 = .51,BEE RIDGE RD|S SHADE AVE,28250,17008000,17000052,Y,-82.52236,27.29886544,10,,On-System / On-System,17008000,821,LPI-00514,2,0.501,0.491,0.511,S SHADE AVE,On Corridor,"456052-1, 457243-1",2,106,0.02,100,0,0,Verified Match,"456052-1, 457243-1",2
29925,77602,17000130,URBAN GENERAL,215,URBAN MINOR ART,DIVIDED,,SR  758,1,SARASOTA,30500,6,45,1,LPI,Implement a Leading Pedestrian Interval (LPI),,LPI-02469,Potential Location,0.870000005,1,5408.8083328125,,,,,,,,,,,,,5408.8083328125,,1,17,17000130 = .002|17008000 = 1.001|17542000 = 2.027,BEE RIDGE RD|S TUTTLE AVE|SWIFT RD,50800,17008000,17000130,Y,-82.51418984,27.29885667,10,,On-System / On-System,17008000,822,LPI-02469,1,0.002,0,0.012,BEE RIDGE RD,Off Corridor,,0,0,0,0,89.8,31.5,No Match - Angle Mismatch,,0
29925,77602,17008000,URBAN GENERAL,215,URBAN MINOR ART,DIVIDED,,SR  758,1,SARASOTA,30500,6,45,1,LPI,Implement a Leading Pedestrian Interval (LPI),,LPI-02469,Potential Location,0.870000005,1,5408.8083328125,,,,,,,,,,,,,5408.8083328125,,1,17,17000130 = .002|17008000 = 1.001|17542000 = 2.027,BEE RIDGE RD|S TUTTLE AVE|SWIFT RD,50800,17008000,17000130,Y,-82.51418984,27.29885667,10,,On-System / On-System,17008000,822,LPI-02469,2,1.001,0.9909999999999999,1.011,S TUTTLE AVE,On Corridor,"456052-1, 457243-1",2,106,0.02,100,0,0,Verified Match,"456052-1, 457243-1",2
29925,77602,17542000,URBAN GENERAL,215,URBAN MINOR ART,DIVIDED,,SR  758,1,SARASOTA,30500,6,45,1,LPI,Implement a Leading Pedestrian Interval (LPI),,LPI-02469,Potential Location,0.870000005,1,5408.8083328125,,,,,,,,,,,,,5408.8083328125,,1,17,17000130 = .002|17008000 = 1.001|17542000 = 2.027,BEE RIDGE RD|S TUTTLE AVE|SWIFT RD,50800,17008000,17000130,Y,-82.51418984,27.29885667,10,,On-System / On-System,17008000,822,LPI-02469,3,2.027,2.0170000000000003,2.037,SWIFT RD,Off Corridor,,0,0,0,0,89.7,158.1,No Match - Angle Mismatch,,0
29958,73402,16030000,URBAN GENERAL,WINTER HAVEN,URBAN PRIN ART OTHER,DIVIDED,US   17,SR  555,1,POLK,48000,6,40,1,LPI,Implement a Leading Pedestrian Interval (LPI),,LPI-02212,Potential Location,0.870000005,1,5408.8083328125,,,,,,,,,,,,,5408.8083328125,,1,16,16030000 = 27.779|16300000 = .005|16A01478 = .245,3RD ST SW|AVENUE R SW|CYPRESS GARDENS BLVD,53500,16030000,16300000,Y,-81.73096683,28.00398073,10,,On-System / On-System,16030000,823,LPI-02212,1,27.779,27.769,27.789,3RD ST SW,On Corridor,413656-1,1,106,0.02,100,2,2.2,Verified Match,413656-1,1
29958,73402,16300000,URBAN GENERAL,WINTER HAVEN,URBAN PRIN ART OTHER,DIVIDED,US   17,SR  555,1,POLK,48000,6,40,1,LPI,Implement a Leading Pedestrian Interval (LPI),,LPI-02212,Potential Location,0.870000005,1,5408.8083328125,,,,,,,,,,,,,5408.8083328125,,1,16,16030000 = 27.779|16300000 = .005|16A01478 = .245,3RD ST SW|AVENUE R SW|CYPRESS GARDENS BLVD,53500,16030000,16300000,Y,-81.73096683,28.00398073,10,,On-System / On-System,16030000,823,LPI-02212,2,0.005,0,0.015,AVENUE R SW,On Corridor,454325-1,1,79,0.01,100,12,1.1,Verified Match,454325-1,1
30124,72893,16000050,URBAN GENERAL,LAKELAND,URBAN PRIN ART OTHER,DIVIDED,US   98,SR   35,1,POLK,36500,4,40,1,LPI,Implement a Leading Pedestrian Interval (LPI),,LPI-02243,Potential Location,0.870000005,1,5408.8083328125,,,,,,,,,,,,,5408.8083328125,,1,16,16000050 = 0|16003000 = 1.808|16210000 = 1.261,N FLORIDA AVE|PARKVIEW PL|W 10TH ST,40575,16210000,16003000,Y,-81.95734003,28.06244,10,,On-System / On-System,16210000,824,LPI-02243,1,0,0,0.01,N FLORIDA AVE,Off Corridor,,0,0,0,0,89.1,24.1,No Match - Angle Mismatch,,0
30124,72893,16003000,URBAN GENERAL,LAKELAND,URBAN PRIN ART OTHER,DIVIDED,US   98,SR   35,1,POLK,36500,4,40,1,LPI,Implement a Leading Pedestrian Interval (LPI),,LPI-02243,Potential Location,0.870000005,1,5408.8083328125,,,,,,,,,,,,,5408.8083328125,,1,16,16000050 = 0|16003000 = 1.808|16210000 = 1.261,N FLORIDA AVE|PARKVIEW PL|W 10TH ST,40575,16210000,16003000,Y,-81.95734003,28.06244,10,,On-System / On-System,16210000,824,LPI-02243,2,1.808,1.798,1.818,PARKVIEW PL,Off Corridor,,0,0,0,0,89.9,47.3,No Match - Angle Mismatch,,0
30124,72893,16210000,URBAN GENERAL,LAKELAND,URBAN PRIN ART OTHER,DIVIDED,US   98,SR   35,1,POLK,36500,4,40,1,LPI,Implement a Leading Pedestrian Interval (LPI),,LPI-02243,Potential Location,0.870000005,1,5408.8083328125,,,,,,,,,,,,,5408.8083328125,,1,16,16000050 = 0|16003000 = 1.808|16210000 = 1.261,N FLORIDA AVE|PARKVIEW PL|W 10TH ST,40575,16210000,16003000,Y,-81.95734003,28.06244,10,,On-System / On-System,16210000,824,LPI-02243,3,1.261,1.251,1.271,W 10TH ST,On Corridor,451480-1,1,106,0.02,100,0,2.2,Verified Match,451480-1,1
30531,71037,16000400,URBAN GENERAL,LAKELAND,URBAN PRIN ART OTHER,DIVIDED,US   98,SR   35,1,POLK,36500,4,45,1,LPI,Implement a Leading Pedestrian Interval (LPI),,LPI-00524,Potential Location,0.870000005,1,5408.8083328125,,,,,,,,,,,,,5408.8083328125,,1,16,16000400 = 2.204|16210000 = 1.766,E BELLA VISTA ST|N FLORIDA AVE|W BELLA VISTA ST,22850,16210000,16000400,Y,-81.95742896,28.06977491,10,,On-System / On-System,16210000,825,LPI-00524,1,2.204,2.1940000000000004,2.214,E BELLA VISTA ST,Off Corridor,,0,0,0,0,74.8,20.8,No Match - Angle Mismatch,,0
30531,71037,16210000,URBAN GENERAL,LAKELAND,URBAN PRIN ART OTHER,DIVIDED,US   98,SR   35,1,POLK,36500,4,45,1,LPI,Implement a Leading Pedestrian Interval (LPI),,LPI-00524,Potential Location,0.870000005,1,5408.8083328125,,,,,,,,,,,,,5408.8083328125,,1,16,16000400 = 2.204|16210000 = 1.766,E BELLA VISTA ST|N FLORIDA AVE|W BELLA VISTA ST,22850,16210000,16000400,Y,-81.95742896,28.06977491,10,,On-System / On-System,16210000,825,LPI-00524,2,1.766,1.756,1.776,N FLORIDA AVE,On Corridor,451480-1,1,106,0.02,100,0.5,2.1,Verified Match,451480-1,1
31103,82296,17000027,URBAN GENERAL,215,URBAN PRIN ART OTHER,DIVIDED,US  301,SR  683,1,SARASOTA,39000,4,35,1,LPI,Implement a Leading Pedestrian Interval (LPI),,LPI-02468,Potential Location,0.870000005,1,5408.8083328125,,,,,,,,,,,,,5408.8083328125,,1,17,17000027 = .142|17120000 = .479,RINGLING BLVD|S WASHINGTON BLVD,18500,17120000,17000027,Y,-82.53101,27.33560153,10,,On-System / On-System,17120000,826,LPI-02468,1,0.142,0.13199999999999998,0.152,RINGLING BLVD,Off Corridor,,0,0,0,0,,,Unmatched,,0
31103,82296,17120000,URBAN GENERAL,215,URBAN PRIN ART OTHER,DIVIDED,US  301,SR  683,1,SARASOTA,39000,4,35,1,LPI,Implement a Leading Pedestrian Interval (LPI),,LPI-02468,Potential Location,0.870000005,1,5408.8083328125,,,,,,,,,,,,,5408.8083328125,,1,17,17000027 = .142|17120000 = .479,RINGLING BLVD|S WASHINGTON BLVD,18500,17120000,17000027,Y,-82.53101,27.33560153,10,,On-System / On-System,17120000,826,LPI-02468,2,0.479,0.469,0.489,S WASHINGTON BLVD,Off Corridor,,0,0,0,0,87.9,281.1,No Match - Angle Mismatch,,0
31191,71478,16000142,URBAN GENERAL,WINTER HAVEN,URBAN MINOR ART,DIVIDED,,SR  549,1,POLK,29500,4,35,1,LPI,Implement a Leading Pedestrian Interval (LPI),,LPI-01175,Potential Location,0.870000005,1,5408.8083328125,,,,,,,,,,,,,5408.8083328125,,1,16,16000142 = .364|16293000 = 2.109,1ST ST N|E LAKE SILVER DR NE|LAKE SILVER DR N,29150,16293000,16000142,Y,-81.72662613,28.03424323,10,,On-System / On-System,16293000,827,LPI-01175,1,0.364,0.354,0.374,1ST ST N,Off Corridor,,0,0,0,0,,,Unmatched,,0
31191,71478,16293000,URBAN GENERAL,WINTER HAVEN,URBAN MINOR ART,DIVIDED,,SR  549,1,POLK,29500,4,35,1,LPI,Implement a Leading Pedestrian Interval (LPI),,LPI-01175,Potential Location,0.870000005,1,5408.8083328125,,,,,,,,,,,,,5408.8083328125,,1,16,16000142 = .364|16293000 = 2.109,1ST ST N|E LAKE SILVER DR NE|LAKE SILVER DR N,29150,16293000,16000142,Y,-81.72662613,28.03424323,10,,On-System / On-System,16293000,827,LPI-01175,2,2.109,2.099,2.1189999999999998,E LAKE SILVER DR NE,Off Corridor,,0,0,0,0,,,Unmatched,,0
31279,74756,16000073,URBAN GENERAL,LAKELAND,URBAN MINOR ART,DIVIDED,,SR  563,1,POLK,32000,4,40,1,LPI,Implement a Leading Pedestrian Interval (LPI),,LPI-02288,Potential Location,0.870000005,1,5408.8083328125,,,,,,,,,,,,,5408.8083328125,,1,16,16000073 = .883|16003000 = 0|16003001 = 9.999,SIKES BLVD|W LIME ST,31050,16003000,16003001,Y,-81.96003472,28.0405,10,,On-System / On-System,16003000,828,LPI-02288,1,0.883,0.873,0.893,SIKES BLVD,Off Corridor,,0,0,0,0,80.5,19.9,No Match - Angle Mismatch,,0
31279,74756,16003000,URBAN GENERAL,LAKELAND,URBAN MINOR ART,DIVIDED,,SR  563,1,POLK,32000,4,40,1,LPI,Implement a Leading Pedestrian Interval (LPI),,LPI-02288,Potential Location,0.870000005,1,5408.8083328125,,,,,,,,,,,,,5408.8083328125,,1,16,16000073 = .883|16003000 = 0|16003001 = 9.999,SIKES BLVD|W LIME ST,31050,16003000,16003001,Y,-81.96003472,28.0405,10,,On-System / On-System,16003000,828,LPI-02288,2,0,0,0.01,W LIME ST,On Corridor,447075-2,2,53,0.01,100,0.6,27.5,Verified Parallel Fallback,447075-2,2
31279,74756,16003001,URBAN GENERAL,LAKELAND,URBAN MINOR ART,DIVIDED,,SR  563,1,POLK,32000,4,40,1,LPI,Implement a Leading Pedestrian Interval (LPI),,LPI-02288,Potential Location,0.870000005,1,5408.8083328125,,,,,,,,,,,,,5408.8083328125,,1,16,16000073 = .883|16003000 = 0|16003001 = 9.999,SIKES BLVD|W LIME ST,31050,16003000,16003001,Y,-81.96003472,28.0405,10,,On-System / On-System,16003000,828,LPI-02288,3,9.999,9.989,10.009,,On Corridor,447075-2,2,58,0.01,100,0.7,2.2,Verified Parallel Fallback,447075-2,2
31322,73267,16293000,URBAN GENERAL,WINTER HAVEN,URBAN MINOR ART,DIVIDED,,SR  549,1,POLK,22500,4,40,1,LPI,Implement a Leading Pedestrian Interval (LPI),,LPI-01182,Potential Location,0.870000005,1,5408.8083328125,,,,,,,,,,,,,5408.8083328125,,1,16,16293000 = 2.285|16A00660 = .253|16A01659 = 0,1ST ST N|AVENUE O NE|AVENUE O NW,11000,16293000,16A00660,Y,-81.72683523,28.03674,10,,On-System / Off-System,16293000,829,LPI-01182,1,2.285,2.2750000000000004,2.295,1ST ST N,Off Corridor,,0,0,0,0,,,Unmatched,,0
31439,73401,16000097,URBAN GENERAL,LAKELAND,URBAN PRIN ART OTHER,DIVIDED,US   98,SR   35,1,POLK,33500,6,40,1,LPI,Implement a Leading Pedestrian Interval (LPI),,LPI-00525,Potential Location,0.870000005,1,5408.8083328125,,,,,,,,,,,,,5408.8083328125,,1,16,16000097 = .24|16210000 = .477,E PARKER ST|N FLORIDA AVE|W PARKER ST,17400,16210000,16000097,Y,-81.95737931,28.05105485,10,,On-System / On-System,16210000,830,LPI-00525,1,0.24,0.22999999999999998,0.25,E PARKER ST,Off Corridor,,0,0,0,0,89.1,21.1,No Match - Angle Mismatch,,0
31439,73401,16210000,URBAN GENERAL,LAKELAND,URBAN PRIN ART OTHER,DIVIDED,US   98,SR   35,1,POLK,33500,6,40,1,LPI,Implement a Leading Pedestrian Interval (LPI),,LPI-00525,Potential Location,0.870000005,1,5408.8083328125,,,,,,,,,,,,,5408.8083328125,,1,16,16000097 = .24|16210000 = .477,E PARKER ST|N FLORIDA AVE|W PARKER ST,17400,16210000,16000097,Y,-81.95737931,28.05105485,10,,On-System / On-System,16210000,830,LPI-00525,2,0.477,0.46699999999999997,0.487,N FLORIDA AVE,On Corridor,456255-1,2,106,0.02,100,0.9,2.2,Verified Match,456255-1,2
31485,71676,16000075,URBAN GENERAL,LAKELAND,URBAN PRIN ART OTHER,DIVIDED,US   98,SR   35,1,POLK,50000,4,45,1,LPI,Implement a Leading Pedestrian Interval (LPI),,LPI-01173,Potential Location,0.870000005,1,5408.8083328125,,,,,,,,,,,,,5408.8083328125,,1,16,16000075 = .596|16060000 = 11.67|16331000 = .006,BARTOW RD|HOLLINGSWORTH RD|S LAKE PARKER AVE,49100,16060000,16331000,Y,-81.94076242,28.0384597,10,,On-System / On-System,16060000,831,LPI-01173,1,0.596,0.586,0.606,BARTOW RD,Off Corridor,,0,0,0,0,45.8,161.8,No Match - Low Overlap,,0
31485,71676,16060000,URBAN GENERAL,LAKELAND,URBAN PRIN ART OTHER,DIVIDED,US   98,SR   35,1,POLK,50000,4,45,1,LPI,Implement a Leading Pedestrian Interval (LPI),,LPI-01173,Potential Location,0.870000005,1,5408.8083328125,,,,,,,,,,,,,5408.8083328125,,1,16,16000075 = .596|16060000 = 11.67|16331000 = .006,BARTOW RD|HOLLINGSWORTH RD|S LAKE PARKER AVE,49100,16060000,16331000,Y,-81.94076242,28.0384597,10,,On-System / On-System,16060000,831,LPI-01173,2,11.67,11.66,11.68,HOLLINGSWORTH RD,On Corridor,197562-4,1,106,0.02,100,0.2,1.1,Verified Match,197562-4,1
31485,71676,16331000,URBAN GENERAL,LAKELAND,URBAN PRIN ART OTHER,DIVIDED,US   98,SR   35,1,POLK,50000,4,45,1,LPI,Implement a Leading Pedestrian Interval (LPI),,LPI-01173,Potential Location,0.870000005,1,5408.8083328125,,,,,,,,,,,,,5408.8083328125,,1,16,16000075 = .596|16060000 = 11.67|16331000 = .006,BARTOW RD|HOLLINGSWORTH RD|S LAKE PARKER AVE,49100,16060000,16331000,Y,-81.94076242,28.0384597,10,,On-System / On-System,16060000,831,LPI-01173,3,0.006,0,0.016,S LAKE PARKER AVE,On Corridor,451423-1,1,85,0.02,100,18.4,21.4,Verified Match,451423-1,1
31492,71676,16060000,URBAN GENERAL,LAKELAND,URBAN PRIN ART OTHER,DIVIDED,US   98,SR   35,1,POLK,50000,4,45,1,LPI,Implement a Leading Pedestrian Interval (LPI),,LPI-02409,Potential Location,0.870000005,1,5408.8083328125,,,,,,,,,,,,,5408.8083328125,,1,16,16060000 = 11.39|16A16138 = .007,BARTOW RD|DREADNAUGHT DR,20750,16060000,16A04533,Y,-81.93740866,28.03549866,10,,On-System / Off-System,16060000,832,LPI-02409,1,11.39,11.38,11.4,BARTOW RD,On Corridor,197562-4,1,106,0.02,100,0,1.1,Verified Match,197562-4,1
31506,71685,16000065,URBAN GENERAL,LAKELAND,URBAN PRIN ART OTHER,DIVIDED,US   98,SR   35,1,POLK,50000,4,45,1,LPI,Implement a Leading Pedestrian Interval (LPI),,LPI-01927,Potential Location,0.870000005,1,5408.8083328125,,,,,,,,,,,,,5408.8083328125,,1,16,16000065 = 1.333|16060000 = 10.914|16A18464 = 0,BARTOW RD|NEW JERSEY RD,22850,16060000,16000065,Y,-81.93204078,28.03047445,10,,On-System / On-System,16060000,833,LPI-01927,1,1.333,1.323,1.343,BARTOW RD,Off Corridor,,0,0,0,0,90,58.9,No Match - Angle Mismatch,,0
31506,71685,16060000,URBAN GENERAL,LAKELAND,URBAN PRIN ART OTHER,DIVIDED,US   98,SR   35,1,POLK,50000,4,45,1,LPI,Implement a Leading Pedestrian Interval (LPI),,LPI-01927,Potential Location,0.870000005,1,5408.8083328125,,,,,,,,,,,,,5408.8083328125,,1,16,16000065 = 1.333|16060000 = 10.914|16A18464 = 0,BARTOW RD|NEW JERSEY RD,22850,16060000,16000065,Y,-81.93204078,28.03047445,10,,On-System / On-System,16060000,833,LPI-01927,2,10.914,10.904,10.924,NEW JERSEY RD,On Corridor,"457732-1, 197562-4",3,106,0.02,100,0,1.1,Verified Match,"457732-1, 197562-4",3
31530,73635,16000068,URBAN GENERAL,LAKELAND,URBAN PRIN ART OTHER,DIVIDED,US   98,SR   35,1,POLK,42000,4,45,1,LPI,Implement a Leading Pedestrian Interval (LPI),,LPI-01183,Potential Location,0.870000005,1,5408.8083328125,,,,,,,,,,,,,5408.8083328125,,1,16,16000068 = .004|16060000 = 10.279|16A06073 = .37,BARTOW RD|FREDRICKSBURG AVE|S CRYSTAL LAKE DR,21450,16060000,16000068,Y,-81.92480066,28.02385776,10,,On-System / On-System,16060000,834,LPI-01183,1,0.004,0,0.014,BARTOW RD,Off Corridor,,0,0,0,0,73.3,13.2,No Match - Angle Mismatch,,0
31530,73635,16060000,URBAN GENERAL,LAKELAND,URBAN PRIN ART OTHER,DIVIDED,US   98,SR   35,1,POLK,42000,4,45,1,LPI,Implement a Leading Pedestrian Interval (LPI),,LPI-01183,Potential Location,0.870000005,1,5408.8083328125,,,,,,,,,,,,,5408.8083328125,,1,16,16000068 = .004|16060000 = 10.279|16A06073 = .37,BARTOW RD|FREDRICKSBURG AVE|S CRYSTAL LAKE DR,21450,16060000,16000068,Y,-81.92480066,28.02385776,10,,On-System / On-System,16060000,834,LPI-01183,2,10.279,10.269,10.289,FREDRICKSBURG AVE,On Corridor,"457732-1, 197562-4",3,106,0.02,100,0,1.1,Verified Match,"457732-1, 197562-4",3
31788,73787,16003000,URBAN GENERAL,LAKELAND,URBAN MINOR ART,DIVIDED,,SR  563,1,POLK,34500,4,40,1,LPI,Implement a Leading Pedestrian Interval (LPI),,LPI-01186,Potential Location,0.870000005,1,5408.8083328125,,,,,,,,,,,,,5408.8083328125,,1,16,16003000 = .322|16A05455 = .032|16A05487 = .073,LAKE WIRE DR|PROSPECT ST|SIKES BLVD,15000,16003000,16A05455,Y,-81.9614018,28.04497923,10,,On-System / Off-System,16003000,835,LPI-01186,1,0.322,0.312,0.332,LAKE WIRE DR,On Corridor,454603-1,2,107,0.02,100,1.3,1.6,Verified Match,454603-1,2
32138,81383,17000052,URBAN GENERAL,215,URBAN PRIN ART OTHER,DIVIDED,,SR  780,1,SARASOTA,41000,6,40,1,LPI,Implement a Leading Pedestrian Interval (LPI),,LPI-01192,Potential Location,0.870000005,1,5408.8083328125,,,,,,,,,,,,,5408.8083328125,,1,17,17000052 = 2.7|17040000 = .631|17A04524 = 0,FRUITVILLE RD|N SHADE AVE,21250,17040000,17000052,Y,-82.52215,27.33753027,10,,On-System / On-System,17040000,836,LPI-01192,1,2.7,2.6900000000000004,2.71,FRUITVILLE RD,Off Corridor,,0,0,0,0,89.7,7.9,No Match - Angle Mismatch,,0
32138,81383,17040000,URBAN GENERAL,215,URBAN PRIN ART OTHER,DIVIDED,,SR  780,1,SARASOTA,41000,6,40,1,LPI,Implement a Leading Pedestrian Interval (LPI),,LPI-01192,Potential Location,0.870000005,1,5408.8083328125,,,,,,,,,,,,,5408.8083328125,,1,17,17000052 = 2.7|17040000 = .631|17A04524 = 0,FRUITVILLE RD|N SHADE AVE,21250,17040000,17000052,Y,-82.52215,27.33753027,10,,On-System / On-System,17040000,836,LPI-01192,2,0.631,0.621,0.641,N SHADE AVE,On Corridor,"453539-1, 454316-1",2,105,0.02,100,0,0.1,Verified Match,"453539-1, 454316-1",2
32191,81714,17000043,SUBURBAN COMMERCIAL,215,URBAN PRIN ART OTHER,DIVIDED,,SR  780,1,SARASOTA,58500,6,45,1,LPI,Implement a Leading Pedestrian Interval (LPI),,LPI-02246,Potential Location,0.870000005,1,5408.8083328125,,,,,,,,,,,,,5408.8083328125,,1,17,17000043 = 0|17040000 = 2.154|17503000 = 7.18,FRUITVILLE RD|N BENEVA RD|S BENEVA RD,46150,17040000,17503000,Y,-82.49738751,27.33747181,10,,On-System / On-System,17040000,837,LPI-02246,1,0,0,0.01,FRUITVILLE RD,Off Corridor,,0,0,0,0,89.6,46.3,No Match - Angle Mismatch,,0
32191,81714,17040000,SUBURBAN COMMERCIAL,215,URBAN PRIN ART OTHER,DIVIDED,,SR  780,1,SARASOTA,58500,6,45,1,LPI,Implement a Leading Pedestrian Interval (LPI),,LPI-02246,Potential Location,0.870000005,1,5408.8083328125,,,,,,,,,,,,,5408.8083328125,,1,17,17000043 = 0|17040000 = 2.154|17503000 = 7.18,FRUITVILLE RD|N BENEVA RD|S BENEVA RD,46150,17040000,17503000,Y,-82.49738751,27.33747181,10,,On-System / On-System,17040000,837,LPI-02246,2,2.154,2.144,2.1639999999999997,N BENEVA RD,On Corridor,"453539-1, 454316-1",2,106,0.02,100,0,0.1,Verified Match,"453539-1, 454316-1",2
32191,81714,17503000,SUBURBAN COMMERCIAL,215,URBAN PRIN ART OTHER,DIVIDED,,SR  780,1,SARASOTA,58500,6,45,1,LPI,Implement a Leading Pedestrian Interval (LPI),,LPI-02246,Potential Location,0.870000005,1,5408.8083328125,,,,,,,,,,,,,5408.8083328125,,1,17,17000043 = 0|17040000 = 2.154|17503000 = 7.18,FRUITVILLE RD|N BENEVA RD|S BENEVA RD,46150,17040000,17503000,Y,-82.49738751,27.33747181,10,,On-System / On-System,17040000,837,LPI-02246,3,7.18,7.17,7.1899999999999995,S BENEVA RD,Off Corridor,,0,0,0,0,70.2,5.5,No Match - Angle Mismatch,,0
32371,81228,16020000,SUBURBAN COMMERCIAL,LAKELAND,URBAN PRIN ART OTHER,DIVIDED,US   98,SR  548,1,POLK,42000,4,45,1,LPI,Implement a Leading Pedestrian Interval (LPI),,LPI-00506,Potential Location,0.870000005,1,5408.8083328125,,,,,,,,,,,,,5408.8083328125,,1,16,16020000 = .486|16060000 = 12.222|16310000 = .021,BARTOW RD|E MAIN ST|US-98,39300,16310000,16060000,Y,-81.94703485,28.04419,10,,On-System / On-System,16310000,838,LPI-00506,1,0.486,0.476,0.496,BARTOW RD,Off Corridor,,0,0,0,0,47.1,119.4,No Match - Angle Mismatch,,0
32371,81228,16060000,SUBURBAN COMMERCIAL,LAKELAND,URBAN PRIN ART OTHER,DIVIDED,US   98,SR  548,1,POLK,42000,4,45,1,LPI,Implement a Leading Pedestrian Interval (LPI),,LPI-00506,Potential Location,0.870000005,1,5408.8083328125,,,,,,,,,,,,,5408.8083328125,,1,16,16020000 = .486|16060000 = 12.222|16310000 = .021,BARTOW RD|E MAIN ST|US-98,39300,16310000,16060000,Y,-81.94703485,28.04419,10,,On-System / On-System,16310000,838,LPI-00506,2,12.222,12.212,12.232,E MAIN ST,On Corridor,197562-4,1,53,0.01,100,0.1,1.1,Verified Parallel Fallback,197562-4,1
32371,81228,16310000,SUBURBAN COMMERCIAL,LAKELAND,URBAN PRIN ART OTHER,DIVIDED,US   98,SR  548,1,POLK,42000,4,45,1,LPI,Implement a Leading Pedestrian Interval (LPI),,LPI-00506,Potential Location,0.870000005,1,5408.8083328125,,,,,,,,,,,,,5408.8083328125,,1,16,16020000 = .486|16060000 = 12.222|16310000 = .021,BARTOW RD|E MAIN ST|US-98,39300,16310000,16060000,Y,-81.94703485,28.04419,10,,On-System / On-System,16310000,838,LPI-00506,3,0.021,0.011000000000000001,0.031,US-98,On Corridor,197562-4,1,106,0.02,100,1,113,Verified Match,197562-4,1
33298,72260,16000081,URBAN GENERAL,LAKELAND,URBAN PRIN ART OTHER,DIVIDED,US   98,SR   35,1,POLK,36500,4,45,1,LPI,Implement a Leading Pedestrian Interval (LPI),,LPI-00528,Potential Location,0.870000005,1,5408.8083328125,,,,,,,,,,,,,5408.8083328125,,1,16,16000081 = .869|16060000 = 12.042,BARTOW RD|S INGRAHAM AVE,35700,16060000,16000081,Y,-81.9449,28.04222512,10,,On-System / On-System,16060000,839,LPI-00528,1,0.869,0.859,0.879,BARTOW RD,On Corridor,"456130-1, 197562-4",2,104,0.02,100,0,26.9,Verified Parallel Fallback,"456130-1, 197562-4",2
33298,72260,16060000,URBAN GENERAL,LAKELAND,URBAN PRIN ART OTHER,DIVIDED,US   98,SR   35,1,POLK,36500,4,45,1,LPI,Implement a Leading Pedestrian Interval (LPI),,LPI-00528,Potential Location,0.870000005,1,5408.8083328125,,,,,,,,,,,,,5408.8083328125,,1,16,16000081 = .869|16060000 = 12.042,BARTOW RD|S INGRAHAM AVE,35700,16060000,16000081,Y,-81.9449,28.04222512,10,,On-System / On-System,16060000,839,LPI-00528,2,12.042,12.032,12.052,S INGRAHAM AVE,On Corridor,197562-4,1,106,0.02,100,0.1,1.1,Verified Match,197562-4,1
33470,75204,16000607,URBAN GENERAL,LAKELAND,URBAN MINOR ART,DIVIDED,,SR   37,1,POLK,37500,4,45,1,LPI,Implement a Leading Pedestrian Interval (LPI),,LPI-02252,Potential Location,0.870000005,1,5408.8083328125,,,,,,,,,,,,,5408.8083328125,,1,16,16000607 = 5.272|16250000 = 22.292|16700001 = .007,CR-540A|EWELL RD|S FLORIDA AVE,55700,16250000,16700001,Y,-81.96909625,27.95333803,10,,On-System / On-System,16250000,840,LPI-02252,1,5.272,5.2620000000000005,5.282,CR-540A,Off Corridor,,0,0,0,0,,,Unmatched,,0
33470,75204,16250000,URBAN GENERAL,LAKELAND,URBAN MINOR ART,DIVIDED,,SR   37,1,POLK,37500,4,45,1,LPI,Implement a Leading Pedestrian Interval (LPI),,LPI-02252,Potential Location,0.870000005,1,5408.8083328125,,,,,,,,,,,,,5408.8083328125,,1,16,16000607 = 5.272|16250000 = 22.292|16700001 = .007,CR-540A|EWELL RD|S FLORIDA AVE,55700,16250000,16700001,Y,-81.96909625,27.95333803,10,,On-System / On-System,16250000,840,LPI-02252,2,22.292,22.282,22.302000000000003,EWELL RD,Off Corridor,,0,0,0,0,,,Unmatched,,0
33470,75204,16700001,URBAN GENERAL,LAKELAND,URBAN MINOR ART,DIVIDED,,SR   37,1,POLK,37500,4,45,1,LPI,Implement a Leading Pedestrian Interval (LPI),,LPI-02252,Potential Location,0.870000005,1,5408.8083328125,,,,,,,,,,,,,5408.8083328125,,1,16,16000607 = 5.272|16250000 = 22.292|16700001 = .007,CR-540A|EWELL RD|S FLORIDA AVE,55700,16250000,16700001,Y,-81.96909625,27.95333803,10,,On-System / On-System,16250000,840,LPI-02252,3,0.007,0,0.017,S FLORIDA AVE,Off Corridor,,0,0,0,0,,,Unmatched,,0
34141,43723,12000040,URBAN GENERAL,CAPE CORAL,URBAN PRIN ART OTHER,DIVIDED,US   41,SR   45,1,LEE,39000,6,40,1,LPI,Implement a Leading Pedestrian Interval (LPI),,LPI-01138,Potential Location,0.870000005,1,5408.8083328125,,,,,,,,,,,,,5408.8083328125,,1,12,12000040 = .499|12010000 = 22.289,CLEVELAND AVE|HANSON ST,42900,12010000,12000040,Y,-81.87223,26.62247126,10,,On-System / On-System,12010000,841,LPI-01138,1,0.499,0.489,0.509,CLEVELAND AVE,Off Corridor,,0,0,0,0,87.8,13.8,No Match - Angle Mismatch,,0
34141,43723,12010000,URBAN GENERAL,CAPE CORAL,URBAN PRIN ART OTHER,DIVIDED,US   41,SR   45,1,LEE,39000,6,40,1,LPI,Implement a Leading Pedestrian Interval (LPI),,LPI-01138,Potential Location,0.870000005,1,5408.8083328125,,,,,,,,,,,,,5408.8083328125,,1,12,12000040 = .499|12010000 = 22.289,CLEVELAND AVE|HANSON ST,42900,12010000,12000040,Y,-81.87223,26.62247126,10,,On-System / On-System,12010000,841,LPI-01138,2,22.289,22.279,22.299000000000003,HANSON ST,On Corridor,456031-1,1,106,0.02,100,0,1.3,Verified Match,456031-1,1
34218,75480,16000219,URBAN GENERAL,WINTER HAVEN,URBAN MAJOR COLLECTOR,NOT DIVIDED,,SR   17,1,POLK,6300,2,35,0,LPI,Implement a Leading Pedestrian Interval (LPI),,LPI-00915,Potential Location,0.870000005,1,5408.8083328125,,,,,,,,,,,,,5408.8083328125,,1,16,16000219 = .53|16090000 = 19.014|16A08988 = .171,4TH ST S|E POLK AVE|S SCENIC HWY,8000,16090000,16000219,N,,,10,,On-System / On-System,16090000,842,LPI-00915,1,0.53,0.52,0.54,4TH ST S,Off Corridor,,0,0,0,0,45.5,20.6,No Match - Angle Mismatch,,0
34218,75480,16090000,URBAN GENERAL,WINTER HAVEN,URBAN MAJOR COLLECTOR,NOT DIVIDED,,SR   17,1,POLK,6300,2,35,0,LPI,Implement a Leading Pedestrian Interval (LPI),,LPI-00915,Potential Location,0.870000005,1,5408.8083328125,,,,,,,,,,,,,5408.8083328125,,1,16,16000219 = .53|16090000 = 19.014|16A08988 = .171,4TH ST S|E POLK AVE|S SCENIC HWY,8000,16090000,16000219,N,,,10,,On-System / On-System,16090000,842,LPI-00915,2,19.014,19.003999999999998,19.024,E POLK AVE,On Corridor,413653-1,2,106,0.02,100,0.5,0.6,Verified Match,413653-1,2
34412,83579,17000029,URBAN GENERAL,215,URBAN PRIN ART OTHER,DIVIDED,US   41,SR   45,1,SARASOTA,29500,5,35,1,LPI,Implement a Leading Pedestrian Interval (LPI),,LPI-00523,Potential Location,0.870000005,1,5408.8083328125,,,,,,,,,,,,,5408.8083328125,,1,17,17000029 = 1.787|17020000 = 17.546,MOUND ST|S OSPREY AVE,24450,17020000,17000029,Y,-82.53380046,27.32863992,10,,On-System / On-System,17020000,843,LPI-00523,1,1.787,1.777,1.797,MOUND ST,Off Corridor,,0,0,0,0,80.8,16.6,No Match - Angle Mismatch,,0
34412,83579,17020000,URBAN GENERAL,215,URBAN PRIN ART OTHER,DIVIDED,US   41,SR   45,1,SARASOTA,29500,5,35,1,LPI,Implement a Leading Pedestrian Interval (LPI),,LPI-00523,Potential Location,0.870000005,1,5408.8083328125,,,,,,,,,,,,,5408.8083328125,,1,17,17000029 = 1.787|17020000 = 17.546,MOUND ST|S OSPREY AVE,24450,17020000,17000029,Y,-82.53380046,27.32863992,10,,On-System / On-System,17020000,843,LPI-00523,2,17.546,17.535999999999998,17.556,S OSPREY AVE,On Corridor,"456052-1, 413659-1",3,106,0.02,100,0.5,0.4,Verified Match,"456052-1, 413659-1",3
34507,45378,12000053,URBAN GENERAL,CAPE CORAL,URBAN PRIN ART OTHER,NOT DIVIDED,,SR  739,1,LEE,26300,4,35,1,LPI,Implement a Leading Pedestrian Interval (LPI),,LPI-02213,Potential Location,0.870000005,1,5408.8083328125,,,,,,,,,,,,,5408.8083328125,,1,12,12000053 = .643|12014000 = 2.787,FOWLER ST|SOUTH ST,11100,12014000,12000053,Y,-81.86213,26.62992786,10,,On-System / On-System,12014000,844,LPI-02213,1,0.643,0.633,0.653,FOWLER ST,Off Corridor,,0,0,0,0,,,Unmatched,,0
34507,45378,12014000,URBAN GENERAL,CAPE CORAL,URBAN PRIN ART OTHER,NOT DIVIDED,,SR  739,1,LEE,26300,4,35,1,LPI,Implement a Leading Pedestrian Interval (LPI),,LPI-02213,Potential Location,0.870000005,1,5408.8083328125,,,,,,,,,,,,,5408.8083328125,,1,12,12000053 = .643|12014000 = 2.787,FOWLER ST|SOUTH ST,11100,12014000,12000053,Y,-81.86213,26.62992786,10,,On-System / On-System,12014000,844,LPI-02213,2,2.787,2.777,2.7969999999999997,SOUTH ST,Off Corridor,,0,0,0,0,,,Unmatched,,0
34763,83921,17000031,URBAN GENERAL,215,URBAN PRIN ART OTHER,DIVIDED,US   41,SR   45,1,SARASOTA,58500,6,40,1,LPI,Implement a Leading Pedestrian Interval (LPI),,LPI-01965,Potential Location,0.870000005,1,5408.8083328125,,,,,,,,,,,,,5408.8083328125,,1,17,17000031 = .253|17020000 = 16.907,BAHIA VISTA ST|S TAMIAMI TRL,35850,17020000,17000031,Y,-82.52971003,27.32286044,10,,On-System / On-System,17020000,845,LPI-01965,1,0.253,0.243,0.263,BAHIA VISTA ST,Off Corridor,,0,0,0,0,89.4,12.1,No Match - Angle Mismatch,,0
34763,83921,17020000,URBAN GENERAL,215,URBAN PRIN ART OTHER,DIVIDED,US   41,SR   45,1,SARASOTA,58500,6,40,1,LPI,Implement a Leading Pedestrian Interval (LPI),,LPI-01965,Potential Location,0.870000005,1,5408.8083328125,,,,,,,,,,,,,5408.8083328125,,1,17,17000031 = .253|17020000 = 16.907,BAHIA VISTA ST|S TAMIAMI TRL,35850,17020000,17000031,Y,-82.52971003,27.32286044,10,,On-System / On-System,17020000,845,LPI-01965,2,16.907,16.897,16.917,S TAMIAMI TRL,On Corridor,"452784-1, 456052-1, 453537-1, 413659-1",6,106,0.02,100,0,1.1,Verified Match,"452784-1, 456052-1, 453537-1, 413659-1",6
35157,83464,17000034,URBAN GENERAL,215,URBAN PRIN ART OTHER,DIVIDED,US   41,SR   45,1,SARASOTA,52000,6,45,1,LPI,Implement a Leading Pedestrian Interval (LPI),,LPI-01962,Potential Location,0.870000005,1,5408.8083328125,,,,,,,,,,,,,5408.8083328125,,1,17,17000034 = 0|17020000 = 15.906|17A05255 = .226,S TAMIAMI TRL|WEBBER ST,59350,17020000,17000034,Y,-82.53002989,27.30828189,10,,On-System / On-System,17020000,846,LPI-01962,1,0,0,0.01,S TAMIAMI TRL,Off Corridor,,0,0,0,0,87.1,25.3,No Match - Angle Mismatch,,0
35157,83464,17020000,URBAN GENERAL,215,URBAN PRIN ART OTHER,DIVIDED,US   41,SR   45,1,SARASOTA,52000,6,45,1,LPI,Implement a Leading Pedestrian Interval (LPI),,LPI-01962,Potential Location,0.870000005,1,5408.8083328125,,,,,,,,,,,,,5408.8083328125,,1,17,17000034 = 0|17020000 = 15.906|17A05255 = .226,S TAMIAMI TRL|WEBBER ST,59350,17020000,17000034,Y,-82.53002989,27.30828189,10,,On-System / On-System,17020000,846,LPI-01962,2,15.906,15.896,15.916,WEBBER ST,On Corridor,"452784-1, 456052-1, 453537-1, 413659-1",6,106,0.02,100,0,1.1,Verified Match,"452784-1, 456052-1, 453537-1, 413659-1",6
35163,83464,17000053,URBAN GENERAL,215,URBAN PRIN ART OTHER,DIVIDED,US   41,SR   45,1,SARASOTA,52000,6,45,1,LPI,Implement a Leading Pedestrian Interval (LPI),,LPI-00553,Potential Location,0.870000005,1,5408.8083328125,,,,,,,,,,,,,5408.8083328125,,1,17,17000053 = .206|17020000 = 15.532,S TAMIAMI TRL|SIESTA DR,28550,17020000,17000053,Y,-82.53034013,27.30286858,10,,On-System / On-System,17020000,847,LPI-00553,1,0.206,0.19599999999999998,0.216,S TAMIAMI TRL,Off Corridor,,0,0,0,0,87.4,1.6,No Match - Angle Mismatch,,0
35163,83464,17020000,URBAN GENERAL,215,URBAN PRIN ART OTHER,DIVIDED,US   41,SR   45,1,SARASOTA,52000,6,45,1,LPI,Implement a Leading Pedestrian Interval (LPI),,LPI-00553,Potential Location,0.870000005,1,5408.8083328125,,,,,,,,,,,,,5408.8083328125,,1,17,17000053 = .206|17020000 = 15.532,S TAMIAMI TRL|SIESTA DR,28550,17020000,17000053,Y,-82.53034013,27.30286858,10,,On-System / On-System,17020000,847,LPI-00553,2,15.532,15.522,15.542,SIESTA DR,On Corridor,"452784-1, 456052-1, 453537-1, 413659-1",6,106,0.02,100,0.1,1,Verified Match,"452784-1, 456052-1, 453537-1, 413659-1",6
35773,44282,12000074,URBAN GENERAL,CAPE CORAL,URBAN PRIN ART OTHER,NOT DIVIDED,,SR  739,1,LEE,23000,4,35,1,LPI,Implement a Leading Pedestrian Interval (LPI),,LPI-00468,Potential Location,0.870000005,1,5408.8083328125,,,,,,,,,,,,,5408.8083328125,,1,12,12000074 = .133|12014000 = 3.263,FOWLER ST|MARKET ST,10350,12014000,12000074,Y,-81.86228011,26.63676389,10,,On-System / On-System,12014000,848,LPI-00468,1,0.133,0.12300000000000001,0.14300000000000002,FOWLER ST,Off Corridor,,0,0,0,0,,,Unmatched,,0
35773,44282,12014000,URBAN GENERAL,CAPE CORAL,URBAN PRIN ART OTHER,NOT DIVIDED,,SR  739,1,LEE,23000,4,35,1,LPI,Implement a Leading Pedestrian Interval (LPI),,LPI-00468,Potential Location,0.870000005,1,5408.8083328125,,,,,,,,,,,,,5408.8083328125,,1,12,12000074 = .133|12014000 = 3.263,FOWLER ST|MARKET ST,10350,12014000,12000074,Y,-81.86228011,26.63676389,10,,On-System / On-System,12014000,848,LPI-00468,2,3.263,3.253,3.2729999999999997,MARKET ST,Off Corridor,,0,0,0,0,,,Unmatched,,0
38828,85815,17000141,URBAN GENERAL,215,URBAN PRIN ART OTHER,DIVIDED,,SR  780,1,SARASOTA,41000,6,40,1,LPI,Implement a Leading Pedestrian Interval (LPI),,LPI-00558,Potential Location,0.870000005,1,5408.8083328125,,,,,,,,,,,,,5408.8083328125,,1,17,17000141 = .133|17040000 = .506|17A04049 = 0,FRUITVILLE RD|N LIME AVE,23750,17040000,17000141,Y,-82.52418277,27.33753,10,,On-System / On-System,17040000,849,LPI-00558,1,0.133,0.12300000000000001,0.14300000000000002,FRUITVILLE RD,Off Corridor,,0,0,0,0,89.4,5.3,No Match - Angle Mismatch,,0
38828,85815,17040000,URBAN GENERAL,215,URBAN PRIN ART OTHER,DIVIDED,,SR  780,1,SARASOTA,41000,6,40,1,LPI,Implement a Leading Pedestrian Interval (LPI),,LPI-00558,Potential Location,0.870000005,1,5408.8083328125,,,,,,,,,,,,,5408.8083328125,,1,17,17000141 = .133|17040000 = .506|17A04049 = 0,FRUITVILLE RD|N LIME AVE,23750,17040000,17000141,Y,-82.52418277,27.33753,10,,On-System / On-System,17040000,849,LPI-00558,2,0.506,0.496,0.516,N LIME AVE,On Corridor,"453539-1, 454316-1",2,106,0.02,100,0.5,0.1,Verified Match,"453539-1, 454316-1",2
39585,83816,17000117,URBAN GENERAL,215,URBAN PRIN ART OTHER,DIVIDED,,SR  780,1,SARASOTA,50500,6,40,1,LPI,Implement a Leading Pedestrian Interval (LPI),,LPI-01966,Potential Location,0.870000005,1,5408.8083328125,,,,,,,,,,,,,5408.8083328125,,1,17,17000117 = .075|17040000 = 1.13,FRUITVILLE RD|N TUTTLE AVE,54500,17040000,17000117,Y,-82.51403002,27.33753067,10,,On-System / On-System,17040000,850,LPI-01966,1,0.075,0.065,0.08499999999999999,FRUITVILLE RD,Off Corridor,,0,0,0,0,87.7,21.2,No Match - Angle Mismatch,,0
39585,83816,17040000,URBAN GENERAL,215,URBAN PRIN ART OTHER,DIVIDED,,SR  780,1,SARASOTA,50500,6,40,1,LPI,Implement a Leading Pedestrian Interval (LPI),,LPI-01966,Potential Location,0.870000005,1,5408.8083328125,,,,,,,,,,,,,5408.8083328125,,1,17,17000117 = .075|17040000 = 1.13,FRUITVILLE RD|N TUTTLE AVE,54500,17040000,17000117,Y,-82.51403002,27.33753067,10,,On-System / On-System,17040000,850,LPI-01966,2,1.13,1.1199999999999999,1.14,N TUTTLE AVE,On Corridor,"453539-1, 454316-1",2,106,0.02,100,0,0.1,Verified Match,"453539-1, 454316-1",2
39780,45654,13000064,URBAN GENERAL,215,URBAN PRIN ART OTHER,DIVIDED,USB  41,SR   45,1,MANATEE,27500,4,40,1,LPI,Implement a Leading Pedestrian Interval (LPI),,LPI-01158,Potential Location,0.870000005,1,5408.8083328125,,,,,,,,,,,,,5408.8083328125,,1,13,13000064 = .754|13000534 = 0|13010000 = 6.048,14TH ST W|30TH AVE W,24900,13010000,13000534,Y,-82.57538,27.47388842,10,,On-System / On-System,13010000,851,LPI-01158,1,0.754,0.744,0.764,14TH ST W,Off Corridor,,0,0,0,0,89.6,52.8,No Match - Angle Mismatch,,0
39780,45654,13000534,URBAN GENERAL,215,URBAN PRIN ART OTHER,DIVIDED,USB  41,SR   45,1,MANATEE,27500,4,40,1,LPI,Implement a Leading Pedestrian Interval (LPI),,LPI-01158,Potential Location,0.870000005,1,5408.8083328125,,,,,,,,,,,,,5408.8083328125,,1,13,13000064 = .754|13000534 = 0|13010000 = 6.048,14TH ST W|30TH AVE W,24900,13010000,13000534,Y,-82.57538,27.47388842,10,,On-System / On-System,13010000,851,LPI-01158,2,0,0,0.01,30TH AVE W,Off Corridor,,0,0,0,0,88.4,2.4,No Match - Angle Mismatch,,0
39780,45654,13010000,URBAN GENERAL,215,URBAN PRIN ART OTHER,DIVIDED,USB  41,SR   45,1,MANATEE,27500,4,40,1,LPI,Implement a Leading Pedestrian Interval (LPI),,LPI-01158,Potential Location,0.870000005,1,5408.8083328125,,,,,,,,,,,,,5408.8083328125,,1,13,13000064 = .754|13000534 = 0|13010000 = 6.048,14TH ST W|30TH AVE W,24900,13010000,13000534,Y,-82.57538,27.47388842,10,,On-System / On-System,13010000,851,LPI-01158,3,6.048,6.038,6.058,,On Corridor,"456052-2, 412673-1",3,107,0.02,100,0,1.2,Verified Match,"456052-2, 412673-1",3
40157,83940,17000007,URBAN GENERAL,215,URBAN PRIN ART OTHER,DIVIDED,US  301,SR  683,1,SARASOTA,50000,6,45,1,LPI,Implement a Leading Pedestrian Interval (LPI),,LPI-00529,Potential Location,0.870000005,1,5408.8083328125,,,,,,,,,,,,,5408.8083328125,,1,17,17000007 = 1.493|17000545 = .006|17120000 = 2.635,MYRTLE ST|N WASHINGTON BLVD,27250,17120000,17000007,Y,-82.5307294,27.36707,10,,On-System / On-System,17120000,852,LPI-00529,1,1.493,1.483,1.5030000000000001,MYRTLE ST,Off Corridor,,0,0,0,0,88.4,38.5,No Match - Angle Mismatch,,0
40157,83940,17000545,URBAN GENERAL,215,URBAN PRIN ART OTHER,DIVIDED,US  301,SR  683,1,SARASOTA,50000,6,45,1,LPI,Implement a Leading Pedestrian Interval (LPI),,LPI-00529,Potential Location,0.870000005,1,5408.8083328125,,,,,,,,,,,,,5408.8083328125,,1,17,17000007 = 1.493|17000545 = .006|17120000 = 2.635,MYRTLE ST|N WASHINGTON BLVD,27250,17120000,17000007,Y,-82.5307294,27.36707,10,,On-System / On-System,17120000,852,LPI-00529,2,0.006,0,0.016,N WASHINGTON BLVD,Off Corridor,,0,0,0,0,87.8,16.9,No Match - Angle Mismatch,,0
40157,83940,17120000,URBAN GENERAL,215,URBAN PRIN ART OTHER,DIVIDED,US  301,SR  683,1,SARASOTA,50000,6,45,1,LPI,Implement a Leading Pedestrian Interval (LPI),,LPI-00529,Potential Location,0.870000005,1,5408.8083328125,,,,,,,,,,,,,5408.8083328125,,1,17,17000007 = 1.493|17000545 = .006|17120000 = 2.635,MYRTLE ST|N WASHINGTON BLVD,27250,17120000,17000007,Y,-82.5307294,27.36707,10,,On-System / On-System,17120000,852,LPI-00529,3,2.635,2.625,2.6449999999999996,,On Corridor,456052-1,1,105,0.02,100,0,1.1,Verified Match,456052-1,1
40651,83452,17000038,URBAN GENERAL,215,URBAN PRIN ART OTHER,DIVIDED,US  301,SR  683,1,SARASOTA,38500,6,35,1,LPI,Implement a Leading Pedestrian Interval (LPI),,LPI-01191,Potential Location,0.870000005,1,5408.8083328125,,,,,,,,,,,,,5408.8083328125,,1,17,17000038 = .498|17120000 = 1.389,12TH ST|N WASHINGTON BLVD,22700,17120000,17000038,Y,-82.5303445,27.34863,10,,On-System / On-System,17120000,853,LPI-01191,1,0.498,0.488,0.508,12TH ST,Off Corridor,,0,0,0,0,,,Unmatched,,0
40651,83452,17120000,URBAN GENERAL,215,URBAN PRIN ART OTHER,DIVIDED,US  301,SR  683,1,SARASOTA,38500,6,35,1,LPI,Implement a Leading Pedestrian Interval (LPI),,LPI-01191,Potential Location,0.870000005,1,5408.8083328125,,,,,,,,,,,,,5408.8083328125,,1,17,17000038 = .498|17120000 = 1.389,12TH ST|N WASHINGTON BLVD,22700,17120000,17000038,Y,-82.5303445,27.34863,10,,On-System / On-System,17120000,853,LPI-01191,2,1.389,1.379,1.399,N WASHINGTON BLVD,Off Corridor,,0,0,0,0,,,Unmatched,,0
41302,85850,17000039,URBAN GENERAL,215,URBAN PRIN ART OTHER,DIVIDED,US  301,SR  683,1,SARASOTA,50000,6,45,1,LPI,Implement a Leading Pedestrian Interval (LPI),,LPI-01198,Potential Location,0.870000005,1,5408.8083328125,,,,,,,,,,,,,5408.8083328125,,1,17,17000039 = .005|17000143 = 1.011|17120000 = 1.639,17TH ST|N WASHINGTON BLVD,49500,17120000,17000039,Y,-82.53039335,27.35223,10,,On-System / On-System,17120000,854,LPI-01198,1,0.005,0,0.015,17TH ST,Off Corridor,,0,0,0,0,,,Unmatched,,0
41302,85850,17000143,URBAN GENERAL,215,URBAN PRIN ART OTHER,DIVIDED,US  301,SR  683,1,SARASOTA,50000,6,45,1,LPI,Implement a Leading Pedestrian Interval (LPI),,LPI-01198,Potential Location,0.870000005,1,5408.8083328125,,,,,,,,,,,,,5408.8083328125,,1,17,17000039 = .005|17000143 = 1.011|17120000 = 1.639,17TH ST|N WASHINGTON BLVD,49500,17120000,17000039,Y,-82.53039335,27.35223,10,,On-System / On-System,17120000,854,LPI-01198,2,1.011,1.001,1.021,N WASHINGTON BLVD,Off Corridor,,0,0,0,0,,,Unmatched,,0
41302,85850,17120000,URBAN GENERAL,215,URBAN PRIN ART OTHER,DIVIDED,US  301,SR  683,1,SARASOTA,50000,6,45,1,LPI,Implement a Leading Pedestrian Interval (LPI),,LPI-01198,Potential Location,0.870000005,1,5408.8083328125,,,,,,,,,,,,,5408.8083328125,,1,17,17000039 = .005|17000143 = 1.011|17120000 = 1.639,17TH ST|N WASHINGTON BLVD,49500,17120000,17000039,Y,-82.53039335,27.35223,10,,On-System / On-System,17120000,854,LPI-01198,3,1.639,1.629,1.649,,Off Corridor,,0,0,0,0,,,Unmatched,,0
41557,86017,17000008,URBAN GENERAL,215,URBAN PRIN ART OTHER,DIVIDED,US  301,SR  683,1,SARASOTA,50000,6,45,1,LPI,Implement a Leading Pedestrian Interval (LPI),,LPI-01200,Potential Location,0.870000005,1,5408.8083328125,,,,,,,,,,,,,5408.8083328125,,1,17,17000008 = 1.128|17120000 = 2.157|17540000 = .005|17A03867 = .136,DR MARTIN LUTHER KING JR WAY|N WASHINGTON BLVD|WASHINGTON CT,31750,17120000,17540000,Y,-82.5306268,27.35967,10,,On-System / On-System,17120000,855,LPI-01200,1,1.128,1.1179999999999999,1.138,DR MARTIN LUTHER KING JR WAY,Off Corridor,,0,0,0,0,89.2,121.6,No Match - Angle Mismatch,,0
41557,86017,17120000,URBAN GENERAL,215,URBAN PRIN ART OTHER,DIVIDED,US  301,SR  683,1,SARASOTA,50000,6,45,1,LPI,Implement a Leading Pedestrian Interval (LPI),,LPI-01200,Potential Location,0.870000005,1,5408.8083328125,,,,,,,,,,,,,5408.8083328125,,1,17,17000008 = 1.128|17120000 = 2.157|17540000 = .005|17A03867 = .136,DR MARTIN LUTHER KING JR WAY|N WASHINGTON BLVD|WASHINGTON CT,31750,17120000,17540000,Y,-82.5306268,27.35967,10,,On-System / On-System,17120000,855,LPI-01200,2,2.157,2.1470000000000002,2.167,N WASHINGTON BLVD,On Corridor,456052-1,1,105,0.02,100,0.3,1.1,Verified Match,456052-1,1
41557,86017,17540000,URBAN GENERAL,215,URBAN PRIN ART OTHER,DIVIDED,US  301,SR  683,1,SARASOTA,50000,6,45,1,LPI,Implement a Leading Pedestrian Interval (LPI),,LPI-01200,Potential Location,0.870000005,1,5408.8083328125,,,,,,,,,,,,,5408.8083328125,,1,17,17000008 = 1.128|17120000 = 2.157|17540000 = .005|17A03867 = .136,DR MARTIN LUTHER KING JR WAY|N WASHINGTON BLVD|WASHINGTON CT,31750,17120000,17540000,Y,-82.5306268,27.35967,10,,On-System / On-System,17120000,855,LPI-01200,3,0.005,0,0.015,WASHINGTON CT,Off Corridor,,0,0,0,0,89.1,35.2,No Match - Angle Mismatch,,0
42229,84096,17000008,URBAN GENERAL,215,URBAN PRIN ART OTHER,DIVIDED,US   41,SR   45,1,SARASOTA,27500,4,40,1,LPI,Implement a Leading Pedestrian Interval (LPI),,LPI-01193,Potential Location,0.870000005,1,5408.8083328125,,,,,,,,,,,,,5408.8083328125,,1,17,17000008 = 0|17020000 = 20.29|17A01245 = 0,DR MARTIN LUTHER KING JR WAY|INDIAN BEACH DR|N TAMIAMI TRL,20150,17020000,17000008,Y,-82.54910927,27.3598879,10,,On-System / On-System,17020000,856,LPI-01193,1,0,0,0.01,DR MARTIN LUTHER KING JR WAY,Off Corridor,,0,0,0,0,76,5.9,No Match - Angle Mismatch,,0
42229,84096,17020000,URBAN GENERAL,215,URBAN PRIN ART OTHER,DIVIDED,US   41,SR   45,1,SARASOTA,27500,4,40,1,LPI,Implement a Leading Pedestrian Interval (LPI),,LPI-01193,Potential Location,0.870000005,1,5408.8083328125,,,,,,,,,,,,,5408.8083328125,,1,17,17000008 = 0|17020000 = 20.29|17A01245 = 0,DR MARTIN LUTHER KING JR WAY|INDIAN BEACH DR|N TAMIAMI TRL,20150,17020000,17000008,Y,-82.54910927,27.3598879,10,,On-System / On-System,17020000,856,LPI-01193,2,20.29,20.279999999999998,20.3,INDIAN BEACH DR,On Corridor,"456052-1, 451010-1, 413659-1",4,106,0.02,100,0.1,1,Verified Match,"456052-1, 451010-1, 413659-1",4
42709,84650,17000007,URBAN GENERAL,215,URBAN PRIN ART OTHER,DIVIDED,US   41,SR   45,1,SARASOTA,35000,4,45,1,LPI,Implement a Leading Pedestrian Interval (LPI),,LPI-00559,Potential Location,0.870000005,1,5408.8083328125,,,,,,,,,,,,,5408.8083328125,,1,17,17000007 = .201|17020000 = 20.813|17A00104 = .207,MYRTLE ST|N TAMIAMI TRL,19950,17020000,17000007,Y,-82.55164137,27.36714,10,,On-System / On-System,17020000,857,LPI-00559,1,0.201,0.191,0.21100000000000002,MYRTLE ST,Off Corridor,,0,0,0,0,72.7,5,No Match - Angle Mismatch,,0
42709,84650,17020000,URBAN GENERAL,215,URBAN PRIN ART OTHER,DIVIDED,US   41,SR   45,1,SARASOTA,35000,4,45,1,LPI,Implement a Leading Pedestrian Interval (LPI),,LPI-00559,Potential Location,0.870000005,1,5408.8083328125,,,,,,,,,,,,,5408.8083328125,,1,17,17000007 = .201|17020000 = 20.813|17A00104 = .207,MYRTLE ST|N TAMIAMI TRL,19950,17020000,17000007,Y,-82.55164137,27.36714,10,,On-System / On-System,17020000,857,LPI-00559,2,20.813,20.802999999999997,20.823,N TAMIAMI TRL,On Corridor,"456052-1, 413659-1",3,106,0.02,100,0,1,Verified Match,"456052-1, 413659-1",3
43468,85303,17000016,URBAN GENERAL,215,URBAN PRIN ART OTHER,DIVIDED,US   41,SR   45,1,SARASOTA,19700,4,35,0,LPI,Implement a Leading Pedestrian Interval (LPI),,LPI-01190,Potential Location,0.870000005,1,5408.8083328125,,,,,,,,,,,,,5408.8083328125,,1,17,17000016 = .313|17020000 = 18.289|17A04648 = .035|17A12033 = .382,BAYFRONT DR|ISLAND PARK DR|RINGLING BLVD,18150,17020000,17000016,N,,,10,,On-System / On-System,17020000,858,LPI-01190,1,0.313,0.303,0.323,BAYFRONT DR,Off Corridor,,0,0,0,0,68.5,2.6,No Match - Angle Mismatch,,0
43468,85303,17020000,URBAN GENERAL,215,URBAN PRIN ART OTHER,DIVIDED,US   41,SR   45,1,SARASOTA,19700,4,35,0,LPI,Implement a Leading Pedestrian Interval (LPI),,LPI-01190,Potential Location,0.870000005,1,5408.8083328125,,,,,,,,,,,,,5408.8083328125,,1,17,17000016 = .313|17020000 = 18.289|17A04648 = .035|17A12033 = .382,BAYFRONT DR|ISLAND PARK DR|RINGLING BLVD,18150,17020000,17000016,N,,,10,,On-System / On-System,17020000,858,LPI-01190,2,18.289,18.279,18.299000000000003,ISLAND PARK DR,On Corridor,"456052-1, 413659-1",3,106,0.02,100,0.1,0.8,Verified Match,"456052-1, 413659-1",3
43679,85420,17008000,URBAN GENERAL,215,URBAN PRIN ART OTHER,DIVIDED,US   41,SR   45,1,SARASOTA,51000,6,45,1,LPI,Implement a Leading Pedestrian Interval (LPI),,LPI-01189,Potential Location,0.870000005,1,5408.8083328125,,,,,,,,,,,,,5408.8083328125,,1,17,17008000 = 0|17020000 = 15.256|17080000 = 5.77,BAY RD|BEE RIDGE RD|S TAMIAMI TRL,68100,17020000,17008000,Y,-82.530569,27.29886,10,,On-System / On-System,17020000,859,LPI-01189,1,0,0,0.01,BAY RD,On Corridor,457243-1,1,53,0.01,100,0,0,Verified Parallel Fallback,457243-1,1
43679,85420,17020000,URBAN GENERAL,215,URBAN PRIN ART OTHER,DIVIDED,US   41,SR   45,1,SARASOTA,51000,6,45,1,LPI,Implement a Leading Pedestrian Interval (LPI),,LPI-01189,Potential Location,0.870000005,1,5408.8083328125,,,,,,,,,,,,,5408.8083328125,,1,17,17008000 = 0|17020000 = 15.256|17080000 = 5.77,BAY RD|BEE RIDGE RD|S TAMIAMI TRL,68100,17020000,17008000,Y,-82.530569,27.29886,10,,On-System / On-System,17020000,859,LPI-01189,2,15.256,15.246,15.266,BEE RIDGE RD,On Corridor,"452784-1, 456052-1, 451009-1, 453537-1",5,106,0.02,100,0.6,1,Verified Match,"452784-1, 456052-1, 451009-1, 453537-1",5
43679,85420,17080000,URBAN GENERAL,215,URBAN PRIN ART OTHER,DIVIDED,US   41,SR   45,1,SARASOTA,51000,6,45,1,LPI,Implement a Leading Pedestrian Interval (LPI),,LPI-01189,Potential Location,0.870000005,1,5408.8083328125,,,,,,,,,,,,,5408.8083328125,,1,17,17008000 = 0|17020000 = 15.256|17080000 = 5.77,BAY RD|BEE RIDGE RD|S TAMIAMI TRL,68100,17020000,17008000,Y,-82.530569,27.29886,10,,On-System / On-System,17020000,859,LPI-01189,3,5.77,5.76,5.779999999999999,S TAMIAMI TRL,Off Corridor,,0,0,0,0,89.1,31.7,No Match - Angle Mismatch,,0
43783,85535,17000030,URBAN GENERAL,215,URBAN PRIN ART OTHER,DIVIDED,US   41,SR   45,1,SARASOTA,19700,5,35,1,LPI,Implement a Leading Pedestrian Interval (LPI),,LPI-00531,Potential Location,0.870000005,1,5408.8083328125,,,,,,,,,,,,,5408.8083328125,,1,17,17000030 = 0|17000032 = 1.3|17020000 = 17.835,MOUND ST|ORANGE AVE,19850,17020000,17000030,Y,-82.53850939,27.32850001,10,,On-System / On-System,17020000,860,LPI-00531,1,0,0,0.01,MOUND ST,Off Corridor,,0,0,0,0,89.8,6.5,No Match - Angle Mismatch,,0
43783,85535,17000032,URBAN GENERAL,215,URBAN PRIN ART OTHER,DIVIDED,US   41,SR   45,1,SARASOTA,19700,5,35,1,LPI,Implement a Leading Pedestrian Interval (LPI),,LPI-00531,Potential Location,0.870000005,1,5408.8083328125,,,,,,,,,,,,,5408.8083328125,,1,17,17000030 = 0|17000032 = 1.3|17020000 = 17.835,MOUND ST|ORANGE AVE,19850,17020000,17000030,Y,-82.53850939,27.32850001,10,,On-System / On-System,17020000,860,LPI-00531,2,1.3,1.29,1.31,ORANGE AVE,Off Corridor,,0,0,0,0,89.1,46.5,No Match - Angle Mismatch,,0
43783,85535,17020000,URBAN GENERAL,215,URBAN PRIN ART OTHER,DIVIDED,US   41,SR   45,1,SARASOTA,19700,5,35,1,LPI,Implement a Leading Pedestrian Interval (LPI),,LPI-00531,Potential Location,0.870000005,1,5408.8083328125,,,,,,,,,,,,,5408.8083328125,,1,17,17000030 = 0|17000032 = 1.3|17020000 = 17.835,MOUND ST|ORANGE AVE,19850,17020000,17000030,Y,-82.53850939,27.32850001,10,,On-System / On-System,17020000,860,LPI-00531,3,17.835,17.825,17.845000000000002,,On Corridor,"456052-1, 413659-1",3,105,0.02,100,0,0.1,Verified Match,"456052-1, 413659-1",3
43969,86200,17000708,URBAN GENERAL,215,URBAN PRIN ART OTHER,DIVIDED,US   41,SR   45,1,SARASOTA,45500,4,45,1,LPI,Implement a Leading Pedestrian Interval (LPI),,LPI-01201,Potential Location,0.870000005,1,5408.8083328125,,,,,,,,,,,,,5408.8083328125,,1,17,17000708 = .004|17020000 = 7.357|17A00529 = .153,E BAY ST|N TAMIAMI TRL|S TAMIAMI TRL|W BAY ST,15500,17020000,17000708,Y,-82.49017086,27.19622951,10,,On-System / On-System,17020000,861,LPI-01201,1,0.004,0,0.014,E BAY ST,Off Corridor,,0,0,0,0,85.6,15.5,No Match - Angle Mismatch,,0
43969,86200,17020000,URBAN GENERAL,215,URBAN PRIN ART OTHER,DIVIDED,US   41,SR   45,1,SARASOTA,45500,4,45,1,LPI,Implement a Leading Pedestrian Interval (LPI),,LPI-01201,Potential Location,0.870000005,1,5408.8083328125,,,,,,,,,,,,,5408.8083328125,,1,17,17000708 = .004|17020000 = 7.357|17A00529 = .153,E BAY ST|N TAMIAMI TRL|S TAMIAMI TRL|W BAY ST,15500,17020000,17000708,Y,-82.49017086,27.19622951,10,,On-System / On-System,17020000,861,LPI-01201,2,7.357,7.347,7.367,N TAMIAMI TRL,On Corridor,456052-1,1,106,0.02,100,1.4,1,Verified Match,456052-1,1
31185,88205,26070000,URBAN GENERAL,GAINESVILLE,URBAN PRIN ART OTHER,DIVIDED,,SR   26,2,ALACHUA,31500,4,35,1,LPI,Implement a Leading Pedestrian Interval (LPI),,LPI-02257,Potential Location,0.870000005,1,5408.8083328125,,,,,,,,,,,,,5408.8083328125,,2,26,26070000 = 17.055|26070068 = .065|26A01736 = .138,SW 2ND AVE|SW 37TH ST|W UNIVERSITY AVE,31000,26070000,26070068,Y,-82.37905964,29.65162383,10,,On-System / On-System,26070000,862,LPI-02257,1,17.055,17.044999999999998,17.065,SW 2ND AVE,On Corridor,"207817-5, 207790-2",3,105,0.02,100,0.4,0.7,Verified Match,"207817-5, 207790-2",3
31185,88205,26070068,URBAN GENERAL,GAINESVILLE,URBAN PRIN ART OTHER,DIVIDED,,SR   26,2,ALACHUA,31500,4,35,1,LPI,Implement a Leading Pedestrian Interval (LPI),,LPI-02257,Potential Location,0.870000005,1,5408.8083328125,,,,,,,,,,,,,5408.8083328125,,2,26,26070000 = 17.055|26070068 = .065|26A01736 = .138,SW 2ND AVE|SW 37TH ST|W UNIVERSITY AVE,31000,26070000,26070068,Y,-82.37905964,29.65162383,10,,On-System / On-System,26070000,862,LPI-02257,2,0.065,0.055,0.075,SW 37TH ST,On Corridor,"207817-5, 207790-2",3,105,0.02,100,0.3,0.6,Verified Match,"207817-5, 207790-2",3
34696,91105,26000033,URBAN GENERAL,GAINESVILLE,URBAN PRIN ART OTHER,DIVIDED,US  441,SR   25,2,ALACHUA,26500,4,35,1,LPI,Implement a Leading Pedestrian Interval (LPI),,LPI-01857,Potential Location,0.870000005,1,5408.8083328125,,,,,,,,,,,,,5408.8083328125,,2,26,26000033 = 0|26010000 = 15.209|26600001 = 3.119,NW 13TH ST|NW 16TH AVE,43350,26010000,26600001,Y,-82.33915,29.66665528,10,,On-System / On-System,26010000,863,LPI-01857,1,0,0,0.01,NW 13TH ST,Off Corridor,,0,0,0,0,,,Unmatched,,0
34696,91105,26010000,URBAN GENERAL,GAINESVILLE,URBAN PRIN ART OTHER,DIVIDED,US  441,SR   25,2,ALACHUA,26500,4,35,1,LPI,Implement a Leading Pedestrian Interval (LPI),,LPI-01857,Potential Location,0.870000005,1,5408.8083328125,,,,,,,,,,,,,5408.8083328125,,2,26,26000033 = 0|26010000 = 15.209|26600001 = 3.119,NW 13TH ST|NW 16TH AVE,43350,26010000,26600001,Y,-82.33915,29.66665528,10,,On-System / On-System,26010000,863,LPI-01857,2,15.209,15.199,15.219,NW 16TH AVE,Off Corridor,,0,0,0,0,,,Unmatched,,0
34696,91105,26600001,URBAN GENERAL,GAINESVILLE,URBAN PRIN ART OTHER,DIVIDED,US  441,SR   25,2,ALACHUA,26500,4,35,1,LPI,Implement a Leading Pedestrian Interval (LPI),,LPI-01857,Potential Location,0.870000005,1,5408.8083328125,,,,,,,,,,,,,5408.8083328125,,2,26,26000033 = 0|26010000 = 15.209|26600001 = 3.119,NW 13TH ST|NW 16TH AVE,43350,26010000,26600001,Y,-82.33915,29.66665528,10,,On-System / On-System,26010000,863,LPI-01857,3,3.119,3.1090000000000004,3.129,,Off Corridor,,0,0,0,0,,,Unmatched,,0
35755,88144,28000004,URBAN GENERAL,STARKE,URBAN MINOR ART,DIVIDED,,SR  100,2,BRADFORD,8900,2,35,1,LPI,Implement a Leading Pedestrian Interval (LPI),,LPI-02292,Potential Location,0.870000005,1,5408.8083328125,,,,,,,,,,,,,5408.8083328125,,2,28,28000004 = .424|28020000 = 11.798,S ORANGE ST|W MADISON ST,4250,28020000,28000004,Y,-82.1149023,29.94471012,10,,On-System / On-System,28020000,864,LPI-02292,1,0.424,0.414,0.434,S ORANGE ST,Off Corridor,,0,0,0,0,,,Unmatched,,0
35755,88144,28020000,URBAN GENERAL,STARKE,URBAN MINOR ART,DIVIDED,,SR  100,2,BRADFORD,8900,2,35,1,LPI,Implement a Leading Pedestrian Interval (LPI),,LPI-02292,Potential Location,0.870000005,1,5408.8083328125,,,,,,,,,,,,,5408.8083328125,,2,28,28000004 = .424|28020000 = 11.798,S ORANGE ST|W MADISON ST,4250,28020000,28000004,Y,-82.1149023,29.94471012,10,,On-System / On-System,28020000,864,LPI-02292,2,11.798,11.788,11.808,W MADISON ST,Off Corridor,,0,0,0,0,,,Unmatched,,0
35829,88360,26010000,URBAN GENERAL,GAINESVILLE,URBAN PRIN ART OTHER,DIVIDED,US  441,SR   25,2,ALACHUA,27500,4,35,1,LPI,Implement a Leading Pedestrian Interval (LPI),,LPI-02293,Potential Location,0.870000005,1,5408.8083328125,,,,,,,,,,,,,5408.8083328125,,2,26,26010000 = 15.458|26900004 = .247|26A01886 = .185,NW 13TH ST|NW 19TH LN,13000,26010000,26900004,Y,-82.33914118,29.67027006,10,,On-System / On-System,26010000,865,LPI-02293,1,15.458,15.448,15.468,NW 13TH ST,On Corridor,435889-1,1,106,0.02,100,0,221.7,Verified Match,435889-1,1
35829,88360,26900004,URBAN GENERAL,GAINESVILLE,URBAN PRIN ART OTHER,DIVIDED,US  441,SR   25,2,ALACHUA,27500,4,35,1,LPI,Implement a Leading Pedestrian Interval (LPI),,LPI-02293,Potential Location,0.870000005,1,5408.8083328125,,,,,,,,,,,,,5408.8083328125,,2,26,26010000 = 15.458|26900004 = .247|26A01886 = .185,NW 13TH ST|NW 19TH LN,13000,26010000,26900004,Y,-82.33914118,29.67027006,10,,On-System / On-System,26010000,865,LPI-02293,2,0.247,0.237,0.257,NW 19TH LN,Off Corridor,,0,0,0,0,89.3,230.3,No Match - Angle Mismatch,,0
35900,88628,26003000,SUBURBAN COMMERCIAL,GAINESVILLE,URBAN PRIN ART OTHER,DIVIDED,US  441,SR   25,2,ALACHUA,27500,4,35,1,LPI,Implement a Leading Pedestrian Interval (LPI),,LPI-00550,Potential Location,0.870000005,1,5408.8083328125,,,,,,,,,,,,,5408.8083328125,,2,26,26003000 = 0|26010000 = 15.713|26710000 = 2.496,NW 13TH ST|NW 23RD AVE|SR-120,38050,26010000,26003000,Y,-82.33914,29.67396812,10,,On-System / On-System,26010000,866,LPI-00550,1,0,0,0.01,NW 13TH ST,On Corridor,"454484-1, 435889-1",2,53,0.01,100,0.6,0.9,Verified Parallel Fallback,"454484-1, 435889-1",2
35900,88628,26010000,SUBURBAN COMMERCIAL,GAINESVILLE,URBAN PRIN ART OTHER,DIVIDED,US  441,SR   25,2,ALACHUA,27500,4,35,1,LPI,Implement a Leading Pedestrian Interval (LPI),,LPI-00550,Potential Location,0.870000005,1,5408.8083328125,,,,,,,,,,,,,5408.8083328125,,2,26,26003000 = 0|26010000 = 15.713|26710000 = 2.496,NW 13TH ST|NW 23RD AVE|SR-120,38050,26010000,26003000,Y,-82.33914,29.67396812,10,,On-System / On-System,26010000,866,LPI-00550,2,15.713,15.703,15.722999999999999,NW 23RD AVE,On Corridor,435889-1,1,106,0.02,100,8.5,0.5,Verified Match,435889-1,1
35900,88628,26710000,SUBURBAN COMMERCIAL,GAINESVILLE,URBAN PRIN ART OTHER,DIVIDED,US  441,SR   25,2,ALACHUA,27500,4,35,1,LPI,Implement a Leading Pedestrian Interval (LPI),,LPI-00550,Potential Location,0.870000005,1,5408.8083328125,,,,,,,,,,,,,5408.8083328125,,2,26,26003000 = 0|26010000 = 15.713|26710000 = 2.496,NW 13TH ST|NW 23RD AVE|SR-120,38050,26010000,26003000,Y,-82.33914,29.67396812,10,,On-System / On-System,26010000,866,LPI-00550,3,2.496,2.486,2.506,SR-120,On Corridor,"454484-1, 435889-1",2,53,0.01,100,0,0.9,Verified Parallel Fallback,"454484-1, 435889-1",2
36207,91159,29002000,URBAN GENERAL,LAKE CITY,URBAN PRIN ART OTHER,DIVIDED,,SR   10A,2,COLUMBIA,15500,4,45,1,LPI,Implement a Leading Pedestrian Interval (LPI),,LPI-02299,Potential Location,0.870000005,1,5408.8083328125,,,,,,,,,,,,,5408.8083328125,,2,29,29002000 = .173|29620101 = 1.925|29A00992 = 0,SR-10A|SW MCFARLANE AVE,9850,29002000,29620101,Y,-82.64871002,30.18733972,10,,On-System / On-System,29002000,867,LPI-02299,1,0.173,0.16299999999999998,0.183,SR-10A,Off Corridor,,0,0,0,0,,,Unmatched,,0
36207,91159,29620101,URBAN GENERAL,LAKE CITY,URBAN PRIN ART OTHER,DIVIDED,,SR   10A,2,COLUMBIA,15500,4,45,1,LPI,Implement a Leading Pedestrian Interval (LPI),,LPI-02299,Potential Location,0.870000005,1,5408.8083328125,,,,,,,,,,,,,5408.8083328125,,2,29,29002000 = .173|29620101 = 1.925|29A00992 = 0,SR-10A|SW MCFARLANE AVE,9850,29002000,29620101,Y,-82.64871002,30.18733972,10,,On-System / On-System,29002000,867,LPI-02299,2,1.925,1.915,1.935,SW MCFARLANE AVE,Off Corridor,,0,0,0,0,,,Unmatched,,0
38404,89748,26080000,URBAN GENERAL,GAINESVILLE,URBAN PRIN ART OTHER,DIVIDED,,SR   20,2,ALACHUA,22500,6,35,1,LPI,Implement a Leading Pedestrian Interval (LPI),,LPI-01235,Potential Location,0.870000005,1,5408.8083328125,,,,,,,,,,,,,5408.8083328125,,2,26,26080000 = .244|26130000 = .001|26A02328 = .423,E UNIVERSITY AVE|NE 14TH ST|SE 14TH ST|SE HAWTHORNE RD,22100,26080000,26130000,Y,-82.30713558,29.6519397,10,,On-System / On-System,26080000,868,LPI-01235,1,0.244,0.23399999999999999,0.254,E UNIVERSITY AVE,On Corridor,"207355-3, 207580-5",3,106,0.02,100,7.5,0.8,Verified Match,"207355-3, 207580-5",3
38404,89748,26130000,URBAN GENERAL,GAINESVILLE,URBAN PRIN ART OTHER,DIVIDED,,SR   20,2,ALACHUA,22500,6,35,1,LPI,Implement a Leading Pedestrian Interval (LPI),,LPI-01235,Potential Location,0.870000005,1,5408.8083328125,,,,,,,,,,,,,5408.8083328125,,2,26,26080000 = .244|26130000 = .001|26A02328 = .423,E UNIVERSITY AVE|NE 14TH ST|SE 14TH ST|SE HAWTHORNE RD,22100,26080000,26130000,Y,-82.30713558,29.6519397,10,,On-System / On-System,26080000,868,LPI-01235,2,0.001,0,0.011,NE 14TH ST,On Corridor,"207355-3, 207580-5",3,58,0.01,100,22.3,1.1,Verified Parallel Fallback,"207355-3, 207580-5",3
41179,86986,26000050,URBAN GENERAL,GAINESVILLE,URBAN PRIN ART OTHER,DIVIDED,,SR   26,2,ALACHUA,20500,3,35,1,LPI,Implement a Leading Pedestrian Interval (LPI),,LPI-01204,Potential Location,0.870000005,1,5408.8083328125,,,,,,,,,,,,,5408.8083328125,,2,26,26000050 = 0|26070000 = 18.622,NW 22ND ST|W UNIVERSITY AVE,12000,26070000,26000050,Y,-82.35364,29.65213301,10,,On-System / On-System,26070000,869,LPI-01204,1,0,0,0.01,NW 22ND ST,Off Corridor,,0,0,0,0,89.9,27.5,No Match - Angle Mismatch,,0
41179,86986,26070000,URBAN GENERAL,GAINESVILLE,URBAN PRIN ART OTHER,DIVIDED,,SR   26,2,ALACHUA,20500,3,35,1,LPI,Implement a Leading Pedestrian Interval (LPI),,LPI-01204,Potential Location,0.870000005,1,5408.8083328125,,,,,,,,,,,,,5408.8083328125,,2,26,26000050 = 0|26070000 = 18.622,NW 22ND ST|W UNIVERSITY AVE,12000,26070000,26000050,Y,-82.35364,29.65213301,10,,On-System / On-System,26070000,869,LPI-01204,2,18.622,18.612,18.632,W UNIVERSITY AVE,On Corridor,207817-5,1,105,0.02,100,0,0.9,Verified Match,207817-5,1
41185,87000,26070000,URBAN GENERAL,GAINESVILLE,URBAN PRIN ART OTHER,DIVIDED,,SR   20,2,ALACHUA,14900,4,35,1,LPI,Implement a Leading Pedestrian Interval (LPI),,LPI-00535,Potential Location,0.870000005,1,5408.8083328125,,,,,,,,,,,,,5408.8083328125,,2,26,26070000 = 20.784|26A00237 = .631|26A02193 = 0,E UNIVERSITY AVE|NE 7TH ST|SE 7TH ST,7850,26070000,26A00237,Y,-82.31769063,29.65195,10,,On-System / Off-System,26070000,870,LPI-00535,1,20.784,20.773999999999997,20.794,E UNIVERSITY AVE,On Corridor,435558-2,1,105,0.02,100,0,1,Verified Match,435558-2,1
41422,87205,29010000,URBAN GENERAL,LAKE CITY,URBAN MINOR ART,DIVIDED,US   90,SR   10,2,COLUMBIA,19900,4,45,1,LPI,Implement a Leading Pedestrian Interval (LPI),,LPI-01205,Potential Location,0.870000005,1,5408.8083328125,,,,,,,,,,,,,5408.8083328125,,2,29,29010000 = 9.163|29A03952 = .035,SR-10A|US-90|W DUVAL ST,26150,29010000,29A03952,Y,-82.65109978,30.18765024,10,,On-System / Off-System,29010000,871,LPI-01205,1,9.163,9.153,9.173,SR-10A,Off Corridor,,0,0,0,0,,,Unmatched,,0
41475,87270,26000031,URBAN GENERAL,GAINESVILLE,URBAN PRIN ART OTHER,DIVIDED,,SR   20,2,ALACHUA,18600,4,35,1,LPI,Implement a Leading Pedestrian Interval (LPI),,LPI-01208,Potential Location,0.870000005,1,5408.8083328125,,,,,,,,,,,,,5408.8083328125,,2,26,26000031 = 0|26070000 = 20.962|26A01755 = .909,E UNIVERSITY AVE|NE 9TH ST|SE 9TH ST,12000,26070000,26000031,Y,-82.31474,29.65195041,10,,On-System / On-System,26070000,872,LPI-01208,1,0,0,0.01,E UNIVERSITY AVE,Off Corridor,,0,0,0,0,89.7,27.4,No Match - Angle Mismatch,,0
41475,87270,26070000,URBAN GENERAL,GAINESVILLE,URBAN PRIN ART OTHER,DIVIDED,,SR   20,2,ALACHUA,18600,4,35,1,LPI,Implement a Leading Pedestrian Interval (LPI),,LPI-01208,Potential Location,0.870000005,1,5408.8083328125,,,,,,,,,,,,,5408.8083328125,,2,26,26000031 = 0|26070000 = 20.962|26A01755 = .909,E UNIVERSITY AVE|NE 9TH ST|SE 9TH ST,12000,26070000,26000031,Y,-82.31474,29.65195041,10,,On-System / On-System,26070000,872,LPI-01208,2,20.962,20.951999999999998,20.972,NE 9TH ST,On Corridor,435558-2,1,105,0.02,100,0,0.9,Verified Match,435558-2,1
41916,86468,29010000,URBAN GENERAL,LAKE CITY,URBAN MINOR ART,DIVIDED,US   90,SR   10,2,COLUMBIA,19900,4,45,1,LPI,Implement a Leading Pedestrian Interval (LPI),,LPI-01202,Potential Location,0.870000005,1,5408.8083328125,,,,,,,,,,,,,5408.8083328125,,2,29,29010000 = 9.488|29140000 = 0|29A00983 = .627,NW LAKE JEFFERY RD|SW LAKEVIEW AVE|W DUVAL ST,22100,29010000,29140000,Y,-82.64653033,30.18924999,10,,On-System / On-System,29010000,873,LPI-01202,1,9.488,9.478,9.498,NW LAKE JEFFERY RD,Off Corridor,,0,0,0,0,,,Unmatched,,0
41916,86468,29140000,URBAN GENERAL,LAKE CITY,URBAN MINOR ART,DIVIDED,US   90,SR   10,2,COLUMBIA,19900,4,45,1,LPI,Implement a Leading Pedestrian Interval (LPI),,LPI-01202,Potential Location,0.870000005,1,5408.8083328125,,,,,,,,,,,,,5408.8083328125,,2,29,29010000 = 9.488|29140000 = 0|29A00983 = .627,NW LAKE JEFFERY RD|SW LAKEVIEW AVE|W DUVAL ST,22100,29010000,29140000,Y,-82.64653033,30.18924999,10,,On-System / On-System,29010000,873,LPI-01202,2,0,0,0.01,SW LAKEVIEW AVE,Off Corridor,,0,0,0,0,,,Unmatched,,0
45935,101396,38000035,SUBURBAN COMMERCIAL,PERRY,URBAN PRIN ART OTHER,DIVIDED,US   19,SR   20,2,TAYLOR,11300,4,40,1,LPI,Implement a Leading Pedestrian Interval (LPI),,LPI-01221,Potential Location,0.870000005,1,5408.8083328125,,,,,,,,,,,,,5408.8083328125,,2,38,38000035 = .018|38020000 = 1.464|38A00225 = .008|38A02451 = 0,N SPRINGFIELD AVE|SR-20|US-19|W MAIN ST,5000,38020000,38000035,Y,-83.58936492,30.11795,10,,On-System / On-System,38020000,874,LPI-01221,1,0.018,0.007999999999999998,0.027999999999999997,N SPRINGFIELD AVE,Off Corridor,,0,0,0,0,67,39.7,No Match - Angle Mismatch,,0
45935,101396,38020000,SUBURBAN COMMERCIAL,PERRY,URBAN PRIN ART OTHER,DIVIDED,US   19,SR   20,2,TAYLOR,11300,4,40,1,LPI,Implement a Leading Pedestrian Interval (LPI),,LPI-01221,Potential Location,0.870000005,1,5408.8083328125,,,,,,,,,,,,,5408.8083328125,,2,38,38000035 = .018|38020000 = 1.464|38A00225 = .008|38A02451 = 0,N SPRINGFIELD AVE|SR-20|US-19|W MAIN ST,5000,38020000,38000035,Y,-83.58936492,30.11795,10,,On-System / On-System,38020000,874,LPI-01221,2,1.464,1.454,1.474,SR-20,On Corridor,210878-4,2,106,0.02,100,2.3,0,Verified Match,210878-4,2
48448,100827,37000020,URBAN GENERAL,LIVE OAK,URBAN MINOR ART,DIVIDED,US   90,SR   10,2,SUWANNEE,9700,2,35,1,LPI,Implement a Leading Pedestrian Interval (LPI),,LPI-01219,Potential Location,0.870000005,1,5408.8083328125,,,,,,,,,,,,,5408.8083328125,,2,37,37000020 = .607|37010000 = 12.655|37510000 = 0,HOUSTON AVE NW|HOUSTON AVE SW|HOWARD ST W,11650,37010000,37510000,Y,-82.9885679,30.29797431,10,,On-System / On-System,37010000,875,LPI-01219,1,0.607,0.597,0.617,HOUSTON AVE NW,Off Corridor,,0,0,0,0,,,Unmatched,,0
48448,100827,37010000,URBAN GENERAL,LIVE OAK,URBAN MINOR ART,DIVIDED,US   90,SR   10,2,SUWANNEE,9700,2,35,1,LPI,Implement a Leading Pedestrian Interval (LPI),,LPI-01219,Potential Location,0.870000005,1,5408.8083328125,,,,,,,,,,,,,5408.8083328125,,2,37,37000020 = .607|37010000 = 12.655|37510000 = 0,HOUSTON AVE NW|HOUSTON AVE SW|HOWARD ST W,11650,37010000,37510000,Y,-82.9885679,30.29797431,10,,On-System / On-System,37010000,875,LPI-01219,2,12.655,12.645,12.665,HOUSTON AVE SW,Off Corridor,,0,0,0,0,,,Unmatched,,0
48448,100827,37510000,URBAN GENERAL,LIVE OAK,URBAN MINOR ART,DIVIDED,US   90,SR   10,2,SUWANNEE,9700,2,35,1,LPI,Implement a Leading Pedestrian Interval (LPI),,LPI-01219,Potential Location,0.870000005,1,5408.8083328125,,,,,,,,,,,,,5408.8083328125,,2,37,37000020 = .607|37010000 = 12.655|37510000 = 0,HOUSTON AVE NW|HOUSTON AVE SW|HOWARD ST W,11650,37010000,37510000,Y,-82.9885679,30.29797431,10,,On-System / On-System,37010000,875,LPI-01219,3,0,0,0.01,HOWARD ST W,Off Corridor,,0,0,0,0,,,Unmatched,,0
62286,137569,72000154,URBAN GENERAL,JACKSONVILLE,URBAN PRIN ART OTHER,NOT DIVIDED,US   17,SR    5,2,DUVAL,11400,4,35,1,LPI,Implement a Leading Pedestrian Interval (LPI),,LPI-00624,Potential Location,0.870000005,1,5408.8083328125,,,,,,,,,,,,,5408.8083328125,,2,72,72000154 = 0|72050000 = 10.515|72A23863 = 1.32,21ST ST W|E 21ST ST|MAIN ST N,9000,72050000,72000154,Y,-81.65388858,30.35706993,10,,On-System / On-System,72050000,876,LPI-00624,1,0,0,0.01,21ST ST W,Off Corridor,,0,0,0,0,,,Unmatched,,0
62286,137569,72050000,URBAN GENERAL,JACKSONVILLE,URBAN PRIN ART OTHER,NOT DIVIDED,US   17,SR    5,2,DUVAL,11400,4,35,1,LPI,Implement a Leading Pedestrian Interval (LPI),,LPI-00624,Potential Location,0.870000005,1,5408.8083328125,,,,,,,,,,,,,5408.8083328125,,2,72,72000154 = 0|72050000 = 10.515|72A23863 = 1.32,21ST ST W|E 21ST ST|MAIN ST N,9000,72050000,72000154,Y,-81.65388858,30.35706993,10,,On-System / On-System,72050000,876,LPI-00624,2,10.515,10.505,10.525,E 21ST ST,Off Corridor,,0,0,0,0,,,Unmatched,,0
64435,137706,72100000,URBAN GENERAL,JACKSONVILLE,URBAN PRIN ART OTHER,DIVIDED,USA  90,SR  A1A,2,DUVAL,36000,4,35,1,LPI,Implement a Leading Pedestrian Interval (LPI),,LPI-02344,Potential Location,0.870000005,1,5408.8083328125,,,,,,,,,,,,,5408.8083328125,,2,72,72100000 = 18.049|72190000 = 14.822|72190001 = .005,3RD ST N|3RD ST S|BEACH BLVD,53700,72100000,72190000,Y,-81.39179122,30.28831,10,,On-System / On-System,72100000,877,LPI-02344,1,18.049,18.038999999999998,18.059,3RD ST N,On Corridor,"449842-1, 436077-2, 430911-2",5,106,0.02,100,0.7,0.7,Verified Match,"449842-1, 436077-2, 430911-2",5
64435,137706,72190000,URBAN GENERAL,JACKSONVILLE,URBAN PRIN ART OTHER,DIVIDED,USA  90,SR  A1A,2,DUVAL,36000,4,35,1,LPI,Implement a Leading Pedestrian Interval (LPI),,LPI-02344,Potential Location,0.870000005,1,5408.8083328125,,,,,,,,,,,,,5408.8083328125,,2,72,72100000 = 18.049|72190000 = 14.822|72190001 = .005,3RD ST N|3RD ST S|BEACH BLVD,53700,72100000,72190000,Y,-81.39179122,30.28831,10,,On-System / On-System,72100000,877,LPI-02344,2,14.822,14.812,14.831999999999999,3RD ST S,On Corridor,447359-1,1,74,0.01,100,4.5,0.7,Verified Parallel Fallback,447359-1,1
64435,137706,72190001,URBAN GENERAL,JACKSONVILLE,URBAN PRIN ART OTHER,DIVIDED,USA  90,SR  A1A,2,DUVAL,36000,4,35,1,LPI,Implement a Leading Pedestrian Interval (LPI),,LPI-02344,Potential Location,0.870000005,1,5408.8083328125,,,,,,,,,,,,,5408.8083328125,,2,72,72100000 = 18.049|72190000 = 14.822|72190001 = .005,3RD ST N|3RD ST S|BEACH BLVD,53700,72100000,72190000,Y,-81.39179122,30.28831,10,,On-System / On-System,72100000,877,LPI-02344,3,0.005,0,0.015,BEACH BLVD,On Corridor,447359-1,1,78,0.01,100,0.8,38.3,Verified Match,447359-1,1
64447,137768,72100000,URBAN GENERAL,JACKSONVILLE,URBAN PRIN ART OTHER,DIVIDED,US   90,SR   10,2,DUVAL,30000,8,40,1,LPI,Implement a Leading Pedestrian Interval (LPI),,LPI-01012,Potential Location,0.870000005,1,5408.8083328125,,,,,,,,,,,,,5408.8083328125,,2,72,72100000 = .856|72190100 = .173|72A08211 = 0|72A08574 = .079,ATLANTIC BLVD|BEACH BLVD|HOLMESDALE RD|RIDGEWOOD PL,17800,72100000,72190100,Y,-81.6372765,30.30583675,10,,On-System / On-System,72100000,878,LPI-01012,1,0.856,0.846,0.866,ATLANTIC BLVD,On Corridor,437387-1,2,106,0.02,100,1.2,0.4,Verified Match,437387-1,2
64447,137768,72190100,URBAN GENERAL,JACKSONVILLE,URBAN PRIN ART OTHER,DIVIDED,US   90,SR   10,2,DUVAL,30000,8,40,1,LPI,Implement a Leading Pedestrian Interval (LPI),,LPI-01012,Potential Location,0.870000005,1,5408.8083328125,,,,,,,,,,,,,5408.8083328125,,2,72,72100000 = .856|72190100 = .173|72A08211 = 0|72A08574 = .079,ATLANTIC BLVD|BEACH BLVD|HOLMESDALE RD|RIDGEWOOD PL,17800,72100000,72190100,Y,-81.6372765,30.30583675,10,,On-System / On-System,72100000,878,LPI-01012,2,0.173,0.16299999999999998,0.183,BEACH BLVD,On Corridor,437387-1,2,97,0.02,100,2.1,64.8,Verified Match,437387-1,2
64669,138482,72100000,URBAN GENERAL,JACKSONVILLE,URBAN PRIN ART OTHER,DIVIDED,USA  90,SR   10,2,DUVAL,30000,4,40,1,LPI,Implement a Leading Pedestrian Interval (LPI),,LPI-02488,Potential Location,0.870000005,1,5408.8083328125,,,,,,,,,,,,,5408.8083328125,,2,72,72100000 = 1.068|72A08361 = 0|72A08592 = .241,ATLANTIC BLVD|SAN MATEO AVE,13500,72100000,72A08361,Y,-81.63399034,30.30539551,10,,On-System / Off-System,72100000,879,LPI-02488,1,1.068,1.058,1.078,ATLANTIC BLVD,On Corridor,437387-1,2,105,0.02,100,0.7,0.9,Verified Match,437387-1,2
65170,143205,72150000,URBAN GENERAL,JACKSONVILLE,URBAN MINOR ART,DIVIDED,,SR  115,2,DUVAL,31500,4,35,1,LPI,Implement a Leading Pedestrian Interval (LPI),,LPI-02610,Potential Location,0.870000005,1,5408.8083328125,,,,,,,,,,,,,5408.8083328125,,2,72,72150000 = 4.129|72630000 = 3.403|72A22412 = .921,LEM TURNER RD|SOUTEL DR,33750,72150000,72630000,Y,-81.68827705,30.40953706,10,,On-System / On-System,72150000,880,LPI-02610,1,4.129,4.119,4.138999999999999,LEM TURNER RD,On Corridor,437320-1,1,106,0.02,100,0.9,0.4,Verified Match,437320-1,1
65170,143205,72630000,URBAN GENERAL,JACKSONVILLE,URBAN MINOR ART,DIVIDED,,SR  115,2,DUVAL,31500,4,35,1,LPI,Implement a Leading Pedestrian Interval (LPI),,LPI-02610,Potential Location,0.870000005,1,5408.8083328125,,,,,,,,,,,,,5408.8083328125,,2,72,72150000 = 4.129|72630000 = 3.403|72A22412 = .921,LEM TURNER RD|SOUTEL DR,33750,72150000,72630000,Y,-81.68827705,30.40953706,10,,On-System / On-System,72150000,880,LPI-02610,2,3.403,3.3930000000000002,3.413,SOUTEL DR,Off Corridor,,0,0,0,0,87,26.8,No Match - Angle Mismatch,,0
65266,143054,72000024,URBAN GENERAL,JACKSONVILLE,URBAN MINOR ART,DIVIDED,,SR  111,2,DUVAL,16400,4,35,1,LPI,Implement a Leading Pedestrian Interval (LPI),,LPI-01434,Potential Location,0.870000005,1,5408.8083328125,,,,,,,,,,,,,5408.8083328125,,2,72,72000024 = 0|72000093 = 1.442|72291000 = 1.093,CASSAT AVE|PARK ST,14000,72291000,72000024,Y,-81.7304,30.29197959,10,,On-System / On-System,72291000,881,LPI-01434,1,0,0,0.01,CASSAT AVE,Off Corridor,,0,0,0,0,89.8,25.6,No Match - Angle Mismatch,,0
65266,143054,72000093,URBAN GENERAL,JACKSONVILLE,URBAN MINOR ART,DIVIDED,,SR  111,2,DUVAL,16400,4,35,1,LPI,Implement a Leading Pedestrian Interval (LPI),,LPI-01434,Potential Location,0.870000005,1,5408.8083328125,,,,,,,,,,,,,5408.8083328125,,2,72,72000024 = 0|72000093 = 1.442|72291000 = 1.093,CASSAT AVE|PARK ST,14000,72291000,72000024,Y,-81.7304,30.29197959,10,,On-System / On-System,72291000,881,LPI-01434,2,1.442,1.432,1.452,PARK ST,Off Corridor,,0,0,0,0,89.8,27.1,No Match - Angle Mismatch,,0
65266,143054,72291000,URBAN GENERAL,JACKSONVILLE,URBAN MINOR ART,DIVIDED,,SR  111,2,DUVAL,16400,4,35,1,LPI,Implement a Leading Pedestrian Interval (LPI),,LPI-01434,Potential Location,0.870000005,1,5408.8083328125,,,,,,,,,,,,,5408.8083328125,,2,72,72000024 = 0|72000093 = 1.442|72291000 = 1.093,CASSAT AVE|PARK ST,14000,72291000,72000024,Y,-81.7304,30.29197959,10,,On-System / On-System,72291000,881,LPI-01434,3,1.093,1.083,1.103,,On Corridor,445146-1,5,106,0.02,100,0,0.8,Verified Match,445146-1,5
65649,137995,72080000,URBAN GENERAL,JACKSONVILLE,URBAN PRIN ART OTHER,NOT DIVIDED,US   23,SR  139,2,DUVAL,15700,4,40,1,LPI,Implement a Leading Pedestrian Interval (LPI),,LPI-01366,Potential Location,0.870000005,1,5408.8083328125,,,,,,,,,,,,,5408.8083328125,,2,72,72080000 = 2.614|72A06153 = 0|72A06349 = .089,FLAG ST|KINGS PARK DR|KINGS RD,6350,72080000,72A06153,Y,-81.6955207,30.34856845,10,,On-System / Off-System,72080000,882,LPI-01366,1,2.614,2.604,2.6239999999999997,FLAG ST,Off Corridor,,0,0,0,0,,,Unmatched,,0
66026,146161,72291000,URBAN GENERAL,JACKSONVILLE,URBAN MINOR ART,DIVIDED,,SR  111,2,DUVAL,23500,4,35,1,LPI,Implement a Leading Pedestrian Interval (LPI),,LPI-02495,Potential Location,0.870000005,1,5408.8083328125,,,,,,,,,,,,,5408.8083328125,,2,72,72291000 = 1.86|72A02711 = 0|72A08728 = .902,CASSAT AVE|PLYMOUTH ST,10500,72291000,72A02711,Y,-81.73053745,30.30309989,10,,On-System / Off-System,72291000,883,LPI-02495,1,1.86,1.85,1.87,CASSAT AVE,On Corridor,445146-1,5,106,0.02,100,0,0.8,Verified Match,445146-1,5
66060,146691,72000049,URBAN GENERAL,JACKSONVILLE,URBAN MINOR ART,DIVIDED,,SR  111,2,DUVAL,11000,2,35,1,LPI,Implement a Leading Pedestrian Interval (LPI),,LPI-02223,Potential Location,0.870000005,1,5408.8083328125,,,,,,,,,,,,,5408.8083328125,,2,72,72000049 = 2.033|72291000 = 11.342|72A01229 = .002,PEARL ST N|SR-111|TALLULAH AVE,7800,72291000,72000049,Y,-81.65681536,30.38576529,10,,On-System / On-System,72291000,884,LPI-02223,1,2.033,2.023,2.0429999999999997,PEARL ST N,Off Corridor,,0,0,0,0,48.1,21.2,No Match - Angle Mismatch,,0
66060,146691,72291000,URBAN GENERAL,JACKSONVILLE,URBAN MINOR ART,DIVIDED,,SR  111,2,DUVAL,11000,2,35,1,LPI,Implement a Leading Pedestrian Interval (LPI),,LPI-02223,Potential Location,0.870000005,1,5408.8083328125,,,,,,,,,,,,,5408.8083328125,,2,72,72000049 = 2.033|72291000 = 11.342|72A01229 = .002,PEARL ST N|SR-111|TALLULAH AVE,7800,72291000,72000049,Y,-81.65681536,30.38576529,10,,On-System / On-System,72291000,884,LPI-02223,2,11.342,11.332,11.352,SR-111,On Corridor,209451-6,2,106,0.02,100,0,0,Verified Match,209451-6,2
66405,140877,72040101,URBAN GENERAL,JACKSONVILLE,URBAN PRIN ART OTHER,1WAY,US   17,SR  139,2,DUVAL,27000,4,35,1,LPI,Implement a Leading Pedestrian Interval (LPI),,LPI-01842,Potential Location,0.870000005,1,5408.8083328125,,,,,,,,,,,,,5408.8083328125,,2,72,72040101 = 0|72050443 = .054|72080101 = 1.024,E UNION ST|MAIN ST N|UNION ST W,34550,72080101,72040101,Y,-81.65620176,30.33223037,10,,On-System / On-System,72080101,885,LPI-01842,1,0,0,0.01,E UNION ST,Off Corridor,,0,0,0,0,89.8,25.6,No Match - Angle Mismatch,,0
66405,140877,72050443,URBAN GENERAL,JACKSONVILLE,URBAN PRIN ART OTHER,1WAY,US   17,SR  139,2,DUVAL,27000,4,35,1,LPI,Implement a Leading Pedestrian Interval (LPI),,LPI-01842,Potential Location,0.870000005,1,5408.8083328125,,,,,,,,,,,,,5408.8083328125,,2,72,72040101 = 0|72050443 = .054|72080101 = 1.024,E UNION ST|MAIN ST N|UNION ST W,34550,72080101,72040101,Y,-81.65620176,30.33223037,10,,On-System / On-System,72080101,885,LPI-01842,2,0.054,0.044,0.064,MAIN ST N,On Corridor,208957-2,1,106,0.02,100,0,1,Verified Match,208957-2,1
66405,140877,72080101,URBAN GENERAL,JACKSONVILLE,URBAN PRIN ART OTHER,1WAY,US   17,SR  139,2,DUVAL,27000,4,35,1,LPI,Implement a Leading Pedestrian Interval (LPI),,LPI-01842,Potential Location,0.870000005,1,5408.8083328125,,,,,,,,,,,,,5408.8083328125,,2,72,72040101 = 0|72050443 = .054|72080101 = 1.024,E UNION ST|MAIN ST N|UNION ST W,34550,72080101,72040101,Y,-81.65620176,30.33223037,10,,On-System / On-System,72080101,885,LPI-01842,3,1.024,1.014,1.034,UNION ST W,Off Corridor,,0,0,0,0,89.8,27.2,No Match - Angle Mismatch,,0
66614,141146,72000174,URBAN GENERAL,JACKSONVILLE,URBAN PRIN ART OTHER,1WAY,,SR   10A,2,DUVAL,31000,4,35,1,LPI,Implement a Leading Pedestrian Interval (LPI),,LPI-01428,Potential Location,0.870000005,1,5408.8083328125,,,,,,,,,,,,,5408.8083328125,,2,72,72000174 = 0|72040000 = 15.822|72A02093 = .481,E STATE ST|N NEWNAN ST,15000,72040000,72000174,Y,-81.65362061,30.33246014,10,,On-System / On-System,72040000,886,LPI-01428,1,0,0,0.01,E STATE ST,Off Corridor,,0,0,0,0,89.8,26.7,No Match - Angle Mismatch,,0
66614,141146,72040000,URBAN GENERAL,JACKSONVILLE,URBAN PRIN ART OTHER,1WAY,,SR   10A,2,DUVAL,31000,4,35,1,LPI,Implement a Leading Pedestrian Interval (LPI),,LPI-01428,Potential Location,0.870000005,1,5408.8083328125,,,,,,,,,,,,,5408.8083328125,,2,72,72000174 = 0|72040000 = 15.822|72A02093 = .481,E STATE ST|N NEWNAN ST,15000,72040000,72000174,Y,-81.65362061,30.33246014,10,,On-System / On-System,72040000,886,LPI-01428,2,15.822,15.812,15.831999999999999,N NEWNAN ST,On Corridor,"209509-2, 435758-1",5,105,0.02,100,0.1,0.5,Verified Match,"209509-2, 435758-1",5
66626,141146,72040000,URBAN GENERAL,JACKSONVILLE,URBAN PRIN ART OTHER,1WAY,,SR   10A,2,DUVAL,31000,4,35,1,LPI,Implement a Leading Pedestrian Interval (LPI),,LPI-00578,Potential Location,0.870000005,1,5408.8083328125,,,,,,,,,,,,,5408.8083328125,,2,72,72040000 = 15.895|72050000 = 8.773|72A02195 = 0,E STATE ST|N OCEAN ST,18750,72040000,72050000,Y,-81.65481953,30.3327299,10,,On-System / On-System,72040000,887,LPI-00578,1,15.895,15.885,15.905,E STATE ST,Off Corridor,,0,0,0,0,88.8,0.8,No Match - Angle Mismatch,,0
66626,141146,72050000,URBAN GENERAL,JACKSONVILLE,URBAN PRIN ART OTHER,1WAY,,SR   10A,2,DUVAL,31000,4,35,1,LPI,Implement a Leading Pedestrian Interval (LPI),,LPI-00578,Potential Location,0.870000005,1,5408.8083328125,,,,,,,,,,,,,5408.8083328125,,2,72,72040000 = 15.895|72050000 = 8.773|72A02195 = 0,E STATE ST|N OCEAN ST,18750,72040000,72050000,Y,-81.65481953,30.3327299,10,,On-System / On-System,72040000,887,LPI-00578,2,8.773,8.763,8.783,N OCEAN ST,Off Corridor,,0,0,0,0,45.3,2,No Match - Angle Mismatch,,0
67774,142142,72000029,URBAN GENERAL,JACKSONVILLE,URBAN MINOR ART,DIVIDED,US   90,SR   10,2,DUVAL,15200,4,40,1,LPI,Implement a Leading Pedestrian Interval (LPI),,LPI-02623,Potential Location,0.870000005,1,5408.8083328125,,,,,,,,,,,,,5408.8083328125,,2,72,72000029 = 0|72010000 = 17.678,BEAVER ST W|MELSON AVE,8700,72010000,72000029,Y,-81.7224705,30.32896578,10,,On-System / On-System,72010000,888,LPI-02623,1,0,0,0.01,BEAVER ST W,Off Corridor,,0,0,0,0,80.4,27,No Match - Angle Mismatch,,0
67774,142142,72010000,URBAN GENERAL,JACKSONVILLE,URBAN MINOR ART,DIVIDED,US   90,SR   10,2,DUVAL,15200,4,40,1,LPI,Implement a Leading Pedestrian Interval (LPI),,LPI-02623,Potential Location,0.870000005,1,5408.8083328125,,,,,,,,,,,,,5408.8083328125,,2,72,72000029 = 0|72010000 = 17.678,BEAVER ST W|MELSON AVE,8700,72010000,72000029,Y,-81.7224705,30.32896578,10,,On-System / On-System,72010000,888,LPI-02623,2,17.678,17.668,17.688000000000002,MELSON AVE,On Corridor,445354-2,2,105,0.02,100,0,0.9,Verified Match,445354-2,2
67885,144980,72000024,URBAN GENERAL,JACKSONVILLE,URBAN PRIN ART OTHER,DIVIDED,,SR   21,2,DUVAL,27000,4,35,1,LPI,Implement a Leading Pedestrian Interval (LPI),,LPI-02364,Potential Location,0.870000005,1,5408.8083328125,,,,,,,,,,,,,5408.8083328125,,2,72,72000024 = .367|72170000 = 7.431,BLANDING BLVD|PARK ST,29400,72170000,72000024,Y,-81.72416983,30.29203386,10,,On-System / On-System,72170000,889,LPI-02364,1,0.367,0.357,0.377,BLANDING BLVD,Off Corridor,,0,0,0,0,,,Unmatched,,0
67885,144980,72170000,URBAN GENERAL,JACKSONVILLE,URBAN PRIN ART OTHER,DIVIDED,,SR   21,2,DUVAL,27000,4,35,1,LPI,Implement a Leading Pedestrian Interval (LPI),,LPI-02364,Potential Location,0.870000005,1,5408.8083328125,,,,,,,,,,,,,5408.8083328125,,2,72,72000024 = .367|72170000 = 7.431,BLANDING BLVD|PARK ST,29400,72170000,72000024,Y,-81.72416983,30.29203386,10,,On-System / On-System,72170000,889,LPI-02364,2,7.431,7.421,7.441,PARK ST,Off Corridor,,0,0,0,0,,,Unmatched,,0
68244,140528,72030000,SUBURBAN COMMERCIAL,JACKSONVILLE,URBAN PRIN ART OTHER,DIVIDED,US   17,SR   15,2,DUVAL,39500,6,45,1,LPI,Implement a Leading Pedestrian Interval (LPI),,LPI-02226,Potential Location,0.870000005,1,5408.8083328125,,,,,,,,,,,,,5408.8083328125,,2,72,72030000 = 8.016|72170000 = 7.808|72A20619 = .034,BLANDING BLVD|PARK ST|ROOSEVELT BLVD,57250,72030000,72170000,Y,,,10,,On-System / On-System,72030000,890,LPI-02226,1,8.016,8.006,8.026,BLANDING BLVD,Off Corridor,,0,0,0,0,,,Unmatched,,0
68244,140528,72170000,SUBURBAN COMMERCIAL,JACKSONVILLE,URBAN PRIN ART OTHER,DIVIDED,US   17,SR   15,2,DUVAL,39500,6,45,1,LPI,Implement a Leading Pedestrian Interval (LPI),,LPI-02226,Potential Location,0.870000005,1,5408.8083328125,,,,,,,,,,,,,5408.8083328125,,2,72,72030000 = 8.016|72170000 = 7.808|72A20619 = .034,BLANDING BLVD|PARK ST|ROOSEVELT BLVD,57250,72030000,72170000,Y,,,10,,On-System / On-System,72030000,890,LPI-02226,2,7.808,7.798,7.818,PARK ST,On Corridor,209407-2,3,105,0.02,100,17.3,168.7,Verified Match,209407-2,3
69378,141710,72030000,URBAN GENERAL,JACKSONVILLE,URBAN PRIN ART OTHER,DIVIDED,US   17,SR   15,2,DUVAL,39500,6,45,1,LPI,Implement a Leading Pedestrian Interval (LPI),,LPI-02186,Potential Location,0.870000005,1,5408.8083328125,,,,,,,,,,,,,5408.8083328125,,2,72,72030000 = 7.391|72A02939 = .44|72A02941 = .013,ROOSEVELT BLVD|ST JOHNS AVE,20000,72030000,72A02939,Y,-81.72028752,30.28839413,10,,On-System / Off-System,72030000,891,LPI-02186,1,7.391,7.381,7.401,ROOSEVELT BLVD,Off Corridor,,0,0,0,0,,,Unmatched,,0
69853,141514,72100000,URBAN GENERAL,JACKSONVILLE,URBAN PRIN ART OTHER,DIVIDED,USA  90,SR   10,2,DUVAL,28000,4,40,1,LPI,Implement a Leading Pedestrian Interval (LPI),,LPI-01429,Potential Location,0.870000005,1,5408.8083328125,,,,,,,,,,,,,5408.8083328125,,2,72,72100000 = 4.465|72500002 = 2.358|72A08268 = 1.122,ARLINGTON RD N|ATLANTIC BLVD|S ARLINGTON RD,35100,72100000,72500002,Y,-81.57906055,30.31341996,10,,On-System / On-System,72100000,892,LPI-01429,1,4.465,4.455,4.475,ARLINGTON RD N,On Corridor,"208819-3, 447211-2",3,106,0.02,100,0,0.8,Verified Match,"208819-3, 447211-2",3
69853,141514,72500002,URBAN GENERAL,JACKSONVILLE,URBAN PRIN ART OTHER,DIVIDED,USA  90,SR   10,2,DUVAL,28000,4,40,1,LPI,Implement a Leading Pedestrian Interval (LPI),,LPI-01429,Potential Location,0.870000005,1,5408.8083328125,,,,,,,,,,,,,5408.8083328125,,2,72,72100000 = 4.465|72500002 = 2.358|72A08268 = 1.122,ARLINGTON RD N|ATLANTIC BLVD|S ARLINGTON RD,35100,72100000,72500002,Y,-81.57906055,30.31341996,10,,On-System / On-System,72100000,892,LPI-01429,2,2.358,2.3480000000000003,2.368,ATLANTIC BLVD,Off Corridor,,0,0,0,0,89.5,27.3,No Match - Angle Mismatch,,0
71491,142470,72230000,URBAN GENERAL,JACKSONVILLE,URBAN MINOR ART,DIVIDED,,SR  A1A,2,DUVAL,38000,6,40,1,LPI,Implement a Leading Pedestrian Interval (LPI),,LPI-02609,Potential Location,0.870000005,1,5408.8083328125,,,,,,,,,,,,,5408.8083328125,,2,72,72230000 = .671|72A00379 = .009|72A07067 = .158,MAYPORT RD|PLAZA RD|W PLAZA RD,17250,72230000,72A00379,Y,-81.41588876,30.33308473,10,,On-System / Off-System,72230000,893,LPI-02609,1,0.671,0.661,0.681,MAYPORT RD,On Corridor,208512-3,2,106,0.02,100,0,1,Verified Match,208512-3,2
72013,144638,72000106,SUBURBAN COMMERCIAL,JACKSONVILLE,URBAN MINOR ART,DIVIDED,,SR  228,2,DUVAL,19500,4,45,1,LPI,Implement a Leading Pedestrian Interval (LPI),,LPI-00072,Potential Location,0.870000005,1,5408.8083328125,,,,,,,,,,,,,5408.8083328125,,2,72,72000106 = 0|72120000 = 20.287|72A08429 = .223,NORMANDY BLVD|S ELLIS RD,12500,72120000,72000106,Y,-81.74351561,30.3084588,10,,On-System / On-System,72120000,894,LPI-00072,1,0,0,0.01,NORMANDY BLVD,Off Corridor,,0,0,0,0,,,Unmatched,,0
72013,144638,72120000,SUBURBAN COMMERCIAL,JACKSONVILLE,URBAN MINOR ART,DIVIDED,,SR  228,2,DUVAL,19500,4,45,1,LPI,Implement a Leading Pedestrian Interval (LPI),,LPI-00072,Potential Location,0.870000005,1,5408.8083328125,,,,,,,,,,,,,5408.8083328125,,2,72,72000106 = 0|72120000 = 20.287|72A08429 = .223,NORMANDY BLVD|S ELLIS RD,12500,72120000,72000106,Y,-81.74351561,30.3084588,10,,On-System / On-System,72120000,894,LPI-00072,2,20.287,20.276999999999997,20.297,S ELLIS RD,Off Corridor,,0,0,0,0,,,Unmatched,,0
72691,144243,72120000,URBAN GENERAL,JACKSONVILLE,URBAN MINOR ART,DIVIDED,,SR  228,2,DUVAL,15200,4,35,1,LPI,Implement a Leading Pedestrian Interval (LPI),,LPI-02222,Potential Location,0.870000005,1,5408.8083328125,,,,,,,,,,,,,5408.8083328125,,2,72,72120000 = 20.539|72580000 = 5.111|72A08419 = 4.026,LAKE SHORE BLVD|LENOX AVE|NORMANDY BLVD,27200,72120000,72580000,Y,-81.73934749,30.3089898,10,,On-System / On-System,72120000,895,LPI-02222,1,20.539,20.529,20.549000000000003,LAKE SHORE BLVD,Off Corridor,,0,0,0,0,,,Unmatched,,0
72691,144243,72580000,URBAN GENERAL,JACKSONVILLE,URBAN MINOR ART,DIVIDED,,SR  228,2,DUVAL,15200,4,35,1,LPI,Implement a Leading Pedestrian Interval (LPI),,LPI-02222,Potential Location,0.870000005,1,5408.8083328125,,,,,,,,,,,,,5408.8083328125,,2,72,72120000 = 20.539|72580000 = 5.111|72A08419 = 4.026,LAKE SHORE BLVD|LENOX AVE|NORMANDY BLVD,27200,72120000,72580000,Y,-81.73934749,30.3089898,10,,On-System / On-System,72120000,895,LPI-02222,2,5.111,5.101,5.1209999999999996,LENOX AVE,Off Corridor,,0,0,0,0,,,Unmatched,,0
75829,144895,72000086,URBAN GENERAL,JACKSONVILLE,URBAN PRIN ART OTHER,DIVIDED,US   90,SR  212,2,DUVAL,22000,4,35,1,LPI,Implement a Leading Pedestrian Interval (LPI),,LPI-02363,Potential Location,0.870000005,1,5408.8083328125,,,,,,,,,,,,,5408.8083328125,,2,72,72000086 = 1.653|72190000 = 14.416|72A09137 = 0,9TH ST N|9TH ST S|BEACH BLVD,12650,72190000,72000086,Y,-81.39863697,30.28826,10,,On-System / On-System,72190000,896,LPI-02363,1,1.653,1.643,1.663,9TH ST N,Off Corridor,,0,0,0,0,80.5,25.5,No Match - Angle Mismatch,,0
75829,144895,72190000,URBAN GENERAL,JACKSONVILLE,URBAN PRIN ART OTHER,DIVIDED,US   90,SR  212,2,DUVAL,22000,4,35,1,LPI,Implement a Leading Pedestrian Interval (LPI),,LPI-02363,Potential Location,0.870000005,1,5408.8083328125,,,,,,,,,,,,,5408.8083328125,,2,72,72000086 = 1.653|72190000 = 14.416|72A09137 = 0,9TH ST N|9TH ST S|BEACH BLVD,12650,72190000,72000086,Y,-81.39863697,30.28826,10,,On-System / On-System,72190000,896,LPI-02363,2,14.416,14.406,14.426,9TH ST S,On Corridor,447359-1,1,105,0.02,100,0,0.7,Verified Match,447359-1,1
76436,170456,76050000,URBAN GENERAL,PALATKA,URBAN PRIN ART OTHER,DIVIDED,,SR   20,2,PUTNAM,19700,2,35,1,LPI,Implement a Leading Pedestrian Interval (LPI),,LPI-02016,Potential Location,0.870000005,1,5408.8083328125,,,,,,,,,,,,,5408.8083328125,,2,76,76050000 = 25.077|76511000 = 1.057|76A03217 = 0|76A03261 = 0,CRILL AVE|GEARY AVE|HUSSON AVE,15400,76050000,76511000,Y,-81.65369104,29.64256787,10,,On-System / On-System,76050000,897,LPI-02016,1,25.077,25.067,25.087000000000003,CRILL AVE,Off Corridor,,0,0,0,0,,,Unmatched,,0
76436,170456,76511000,URBAN GENERAL,PALATKA,URBAN PRIN ART OTHER,DIVIDED,,SR   20,2,PUTNAM,19700,2,35,1,LPI,Implement a Leading Pedestrian Interval (LPI),,LPI-02016,Potential Location,0.870000005,1,5408.8083328125,,,,,,,,,,,,,5408.8083328125,,2,76,76050000 = 25.077|76511000 = 1.057|76A03217 = 0|76A03261 = 0,CRILL AVE|GEARY AVE|HUSSON AVE,15400,76050000,76511000,Y,-81.65369104,29.64256787,10,,On-System / On-System,76050000,897,LPI-02016,2,1.057,1.047,1.067,GEARY AVE,Off Corridor,,0,0,0,0,,,Unmatched,,0
80635,164478,76000018,URBAN GENERAL,PALATKA,URBAN PRIN ART OTHER,DIVIDED,US   17,SR   15,2,PUTNAM,27000,4,35,1,LPI,Implement a Leading Pedestrian Interval (LPI),,LPI-01720,Potential Location,0.870000005,1,5408.8083328125,,,,,,,,,,,,,5408.8083328125,,2,76,76000018 = 1.034|76010000 = 29.345|76A03499 = .188,N 11TH ST|REID ST,16100,76010000,76000018,Y,-81.63980461,29.64888205,10,,On-System / On-System,76010000,898,LPI-01720,1,1.034,1.024,1.044,N 11TH ST,Off Corridor,,0,0,0,0,,,Unmatched,,0
80635,164478,76010000,URBAN GENERAL,PALATKA,URBAN PRIN ART OTHER,DIVIDED,US   17,SR   15,2,PUTNAM,27000,4,35,1,LPI,Implement a Leading Pedestrian Interval (LPI),,LPI-01720,Potential Location,0.870000005,1,5408.8083328125,,,,,,,,,,,,,5408.8083328125,,2,76,76000018 = 1.034|76010000 = 29.345|76A03499 = .188,N 11TH ST|REID ST,16100,76010000,76000018,Y,-81.63980461,29.64888205,10,,On-System / On-System,76010000,898,LPI-01720,2,29.345,29.334999999999997,29.355,REID ST,Off Corridor,,0,0,0,0,,,Unmatched,,0
88654,175893,78000013,URBAN GENERAL,ST. AUGUSTINE,URBAN PRIN ART OTHER,DIVIDED,,SR   16,2,ST. JOHNS,25500,4,40,1,LPI,Implement a Leading Pedestrian Interval (LPI),,LPI-01304,Potential Location,0.870000005,1,5408.8083328125,,,,,,,,,,,,,5408.8083328125,,2,78,78000013 = 1.75|78060000 = 20.187,MASTERS DR|SR-16,14450,78060000,78000013,Y,-81.33402733,29.91494629,10,,On-System / On-System,78060000,899,LPI-01304,1,1.75,1.74,1.76,MASTERS DR,Off Corridor,,0,0,0,0,,,Unmatched,,0
88654,175893,78060000,URBAN GENERAL,ST. AUGUSTINE,URBAN PRIN ART OTHER,DIVIDED,,SR   16,2,ST. JOHNS,25500,4,40,1,LPI,Implement a Leading Pedestrian Interval (LPI),,LPI-01304,Potential Location,0.870000005,1,5408.8083328125,,,,,,,,,,,,,5408.8083328125,,2,78,78000013 = 1.75|78060000 = 20.187,MASTERS DR|SR-16,14450,78060000,78000013,Y,-81.33402733,29.91494629,10,,On-System / On-System,78060000,899,LPI-01304,2,20.187,20.177,20.197000000000003,SR-16,Off Corridor,,0,0,0,0,,,Unmatched,,0
37290,97698,46060000,URBAN GENERAL,PANAMA CITY,URBAN PRIN ART OTHER,DIVIDED,,SR   77,3,BAY,29500,4,35,0,LPI,Implement a Leading Pedestrian Interval (LPI),,LPI-01220,Potential Location,0.870000005,1,5408.8083328125,,,,,,,,,,,,,5408.8083328125,,3,46,46060000 = 5.52|46140000 = 7.053|46600000 = 0,E 14TH ST|OHIO AVE|W 14TH ST,45000,46060000,46140000,N,,,10,,On-System / On-System,46060000,900,LPI-01220,1,5.52,5.51,5.529999999999999,E 14TH ST,Off Corridor,,0,0,0,0,89.9,5.9,No Match - Angle Mismatch,,0
37290,97698,46140000,URBAN GENERAL,PANAMA CITY,URBAN PRIN ART OTHER,DIVIDED,,SR   77,3,BAY,29500,4,35,0,LPI,Implement a Leading Pedestrian Interval (LPI),,LPI-01220,Potential Location,0.870000005,1,5408.8083328125,,,,,,,,,,,,,5408.8083328125,,3,46,46060000 = 5.52|46140000 = 7.053|46600000 = 0,E 14TH ST|OHIO AVE|W 14TH ST,45000,46060000,46140000,N,,,10,,On-System / On-System,46060000,900,LPI-01220,2,7.053,7.043,7.063,OHIO AVE,On Corridor,421225-2,1,53,0.01,100,0.1,27.3,Verified Parallel Fallback,421225-2,1
37290,97698,46600000,URBAN GENERAL,PANAMA CITY,URBAN PRIN ART OTHER,DIVIDED,,SR   77,3,BAY,29500,4,35,0,LPI,Implement a Leading Pedestrian Interval (LPI),,LPI-01220,Potential Location,0.870000005,1,5408.8083328125,,,,,,,,,,,,,5408.8083328125,,3,46,46060000 = 5.52|46140000 = 7.053|46600000 = 0,E 14TH ST|OHIO AVE|W 14TH ST,45000,46060000,46140000,N,,,10,,On-System / On-System,46060000,900,LPI-01220,3,0,0,0.01,W 14TH ST,On Corridor,421225-2,1,53,0.01,100,0,1,Verified Parallel Fallback,421225-2,1
41208,97719,46000018,URBAN GENERAL,PANAMA CITY,URBAN MINOR ART,DIVIDED,,SR   30,3,BAY,12500,2,35,0,LPI,Implement a Leading Pedestrian Interval (LPI),,LPI-02464,Potential Location,0.870000005,1,5408.8083328125,,,,,,,,,,,,,5408.8083328125,,3,46,46000018 = 0|46010000 = 10.213,ARGONAUT ST|FRONT BEACH RD,6375,46010000,46000018,N,,,10,,On-System / On-System,46010000,901,LPI-02464,1,0,0,0.01,ARGONAUT ST,Off Corridor,,0,0,0,0,,,Unmatched,,0
41208,97719,46010000,URBAN GENERAL,PANAMA CITY,URBAN MINOR ART,DIVIDED,,SR   30,3,BAY,12500,2,35,0,LPI,Implement a Leading Pedestrian Interval (LPI),,LPI-02464,Potential Location,0.870000005,1,5408.8083328125,,,,,,,,,,,,,5408.8083328125,,3,46,46000018 = 0|46010000 = 10.213,ARGONAUT ST|FRONT BEACH RD,6375,46010000,46000018,N,,,10,,On-System / On-System,46010000,901,LPI-02464,2,10.213,10.203,10.222999999999999,FRONT BEACH RD,Off Corridor,,0,0,0,0,,,Unmatched,,0
44311,97764,46000010,URBAN GENERAL,PANAMA CITY,URBAN MINOR ART,NOT DIVIDED,USB  98,SR   30,3,BAY,19300,4,35,1,LPI,Implement a Leading Pedestrian Interval (LPI),,LPI-00284,Potential Location,0.870000005,1,5408.8083328125,,,,,,,,,,,,,5408.8083328125,,3,46,46000010 = 0|46020000 = 8.031|46532000 = 0,E 5TH ST|SHERMAN AVE,22100,46020000,46000010,Y,-85.63348001,30.15681066,10,,On-System / On-System,46020000,902,LPI-00284,1,0,0,0.01,E 5TH ST,Off Corridor,,0,0,0,0,88.4,27.6,No Match - Angle Mismatch,,0
44311,97764,46020000,URBAN GENERAL,PANAMA CITY,URBAN MINOR ART,NOT DIVIDED,USB  98,SR   30,3,BAY,19300,4,35,1,LPI,Implement a Leading Pedestrian Interval (LPI),,LPI-00284,Potential Location,0.870000005,1,5408.8083328125,,,,,,,,,,,,,5408.8083328125,,3,46,46000010 = 0|46020000 = 8.031|46532000 = 0,E 5TH ST|SHERMAN AVE,22100,46020000,46000010,Y,-85.63348001,30.15681066,10,,On-System / On-System,46020000,902,LPI-00284,2,8.031,8.021,8.041,SHERMAN AVE,On Corridor,454640-1,2,106,0.02,100,0.1,1.1,Verified Match,454640-1,2
44311,97764,46532000,URBAN GENERAL,PANAMA CITY,URBAN MINOR ART,NOT DIVIDED,USB  98,SR   30,3,BAY,19300,4,35,1,LPI,Implement a Leading Pedestrian Interval (LPI),,LPI-00284,Potential Location,0.870000005,1,5408.8083328125,,,,,,,,,,,,,5408.8083328125,,3,46,46000010 = 0|46020000 = 8.031|46532000 = 0,E 5TH ST|SHERMAN AVE,22100,46020000,46000010,Y,-85.63348001,30.15681066,10,,On-System / On-System,46020000,902,LPI-00284,3,0,0,0.01,,Off Corridor,,0,0,0,0,88.3,25.3,No Match - Angle Mismatch,,0
44917,104835,48000066,URBAN GENERAL,PENSACOLA,URBAN PRIN ART OTHER,NOT DIVIDED,USB  98,SR   30,3,ESCAMBIA,14700,4,35,1,LPI,Implement a Leading Pedestrian Interval (LPI),,LPI-01907,Potential Location,0.870000005,1,5408.8083328125,,,,,,,,,,,,,5408.8083328125,,3,48,48000066 = 0|48080060 = 3.034|48A00008 = .403,N E ST|S E ST|W GARDEN ST,8600,48080060,48000066,Y,-87.23061071,30.41139003,10,,On-System / On-System,48080060,903,LPI-01907,1,0,0,0.01,N E ST,Off Corridor,,0,0,0,0,90,28.3,No Match - Angle Mismatch,,0
44917,104835,48080060,URBAN GENERAL,PENSACOLA,URBAN PRIN ART OTHER,NOT DIVIDED,USB  98,SR   30,3,ESCAMBIA,14700,4,35,1,LPI,Implement a Leading Pedestrian Interval (LPI),,LPI-01907,Potential Location,0.870000005,1,5408.8083328125,,,,,,,,,,,,,5408.8083328125,,3,48,48000066 = 0|48080060 = 3.034|48A00008 = .403,N E ST|S E ST|W GARDEN ST,8600,48080060,48000066,Y,-87.23061071,30.41139003,10,,On-System / On-System,48080060,903,LPI-01907,2,3.034,3.024,3.0439999999999996,S E ST,On Corridor,435178-3,1,106,0.02,100,0,1.5,Verified Match,435178-3,1
44947,104868,48000043,URBAN GENERAL,PENSACOLA,URBAN MINOR ART,DIVIDED,,SR  289,3,ESCAMBIA,15900,4,35,1,LPI,Implement a Leading Pedestrian Interval (LPI),,LPI-01327,Potential Location,0.870000005,1,5408.8083328125,,,,,,,,,,,,,5408.8083328125,,3,48,48000043 = .001|48003000 = 2.21|48005000 = 1.182,E TEXAR DR|N 9TH AVE,22550,48003000,48005000,Y,-87.21262488,30.44751953,10,,On-System / On-System,48003000,904,LPI-01327,1,0.001,0,0.011,E TEXAR DR,Off Corridor,,0,0,0,0,88,30.3,No Match - Angle Mismatch,,0
44947,104868,48003000,URBAN GENERAL,PENSACOLA,URBAN MINOR ART,DIVIDED,,SR  289,3,ESCAMBIA,15900,4,35,1,LPI,Implement a Leading Pedestrian Interval (LPI),,LPI-01327,Potential Location,0.870000005,1,5408.8083328125,,,,,,,,,,,,,5408.8083328125,,3,48,48000043 = .001|48003000 = 2.21|48005000 = 1.182,E TEXAR DR|N 9TH AVE,22550,48003000,48005000,Y,-87.21262488,30.44751953,10,,On-System / On-System,48003000,904,LPI-01327,2,2.21,2.2,2.2199999999999998,N 9TH AVE,On Corridor,426934-3,3,106,0.02,100,0,0.1,Verified Match,426934-3,3
44947,104868,48005000,URBAN GENERAL,PENSACOLA,URBAN MINOR ART,DIVIDED,,SR  289,3,ESCAMBIA,15900,4,35,1,LPI,Implement a Leading Pedestrian Interval (LPI),,LPI-01327,Potential Location,0.870000005,1,5408.8083328125,,,,,,,,,,,,,5408.8083328125,,3,48,48000043 = .001|48003000 = 2.21|48005000 = 1.182,E TEXAR DR|N 9TH AVE,22550,48003000,48005000,Y,-87.21262488,30.44751953,10,,On-System / On-System,48003000,904,LPI-01327,3,1.182,1.172,1.192,,Off Corridor,,0,0,0,0,88.8,26.1,No Match - Angle Mismatch,,0
45086,105009,48000030,URBAN GENERAL,PENSACOLA,URBAN PRIN ART OTHER,DIVIDED,USB  98,SR   30,3,ESCAMBIA,14700,4,35,1,LPI,Implement a Leading Pedestrian Interval (LPI),,LPI-01908,Potential Location,0.870000005,1,5408.8083328125,,,,,,,,,,,,,5408.8083328125,,3,48,48000030 = .939|48080060 = 3.099|48A02189 = .596,BARRANCAS AVE|N D ST|S D ST|W GARDEN ST,29950,48080060,48000030,Y,-87.22952003,30.41133757,10,,On-System / On-System,48080060,905,LPI-01908,1,0.939,0.9289999999999999,0.949,BARRANCAS AVE,On Corridor,435178-3,1,43,0.01,100,38.1,11.8,Verified Parallel Fallback,435178-3,1
45086,105009,48080060,URBAN GENERAL,PENSACOLA,URBAN PRIN ART OTHER,DIVIDED,USB  98,SR   30,3,ESCAMBIA,14700,4,35,1,LPI,Implement a Leading Pedestrian Interval (LPI),,LPI-01908,Potential Location,0.870000005,1,5408.8083328125,,,,,,,,,,,,,5408.8083328125,,3,48,48000030 = .939|48080060 = 3.099|48A02189 = .596,BARRANCAS AVE|N D ST|S D ST|W GARDEN ST,29950,48080060,48000030,Y,-87.22952003,30.41133757,10,,On-System / On-System,48080060,905,LPI-01908,2,3.099,3.0890000000000004,3.109,N D ST,On Corridor,435178-3,1,106,0.02,100,0,1.5,Verified Match,435178-3,1
45191,101188,46020000,URBAN GENERAL,PANAMA CITY,URBAN MINOR ART,DIVIDED,,SR   30,3,BAY,12300,2,35,0,LPI,Implement a Leading Pedestrian Interval (LPI),,LPI-02463,Potential Location,0.870000005,1,5408.8083328125,,,,,,,,,,,,,5408.8083328125,,3,46,46020000 = 6.227|46560006 = 0|46A00758 = .226,JENKS AVE|W 6TH ST,8650,46020000,46560006,N,,,10,,On-System / On-System,46020000,906,LPI-02463,1,6.227,6.2170000000000005,6.237,JENKS AVE,Off Corridor,,0,0,0,0,,,Unmatched,,0
45191,101188,46560006,URBAN GENERAL,PANAMA CITY,URBAN MINOR ART,DIVIDED,,SR   30,3,BAY,12300,2,35,0,LPI,Implement a Leading Pedestrian Interval (LPI),,LPI-02463,Potential Location,0.870000005,1,5408.8083328125,,,,,,,,,,,,,5408.8083328125,,3,46,46020000 = 6.227|46560006 = 0|46A00758 = .226,JENKS AVE|W 6TH ST,8650,46020000,46560006,N,,,10,,On-System / On-System,46020000,906,LPI-02463,2,0,0,0.01,W 6TH ST,Off Corridor,,0,0,0,0,,,Unmatched,,0
45399,104022,48000034,URBAN GENERAL,PENSACOLA,URBAN PRIN ART OTHER,DIVIDED,USB  98,SR   30,3,ESCAMBIA,20700,4,35,1,LPI,Implement a Leading Pedestrian Interval (LPI),,LPI-02496,Potential Location,0.870000005,1,5408.8083328125,,,,,,,,,,,,,5408.8083328125,,3,48,48000034 = .393|48080060 = 3.299,N A ST|S A ST|W GARDEN ST,12550,48080060,48000034,Y,-87.22617,30.41119486,10,,On-System / On-System,48080060,907,LPI-02496,1,0.393,0.383,0.403,N A ST,Off Corridor,,0,0,0,0,88.3,7.4,No Match - Angle Mismatch,,0
45399,104022,48080060,URBAN GENERAL,PENSACOLA,URBAN PRIN ART OTHER,DIVIDED,USB  98,SR   30,3,ESCAMBIA,20700,4,35,1,LPI,Implement a Leading Pedestrian Interval (LPI),,LPI-02496,Potential Location,0.870000005,1,5408.8083328125,,,,,,,,,,,,,5408.8083328125,,3,48,48000034 = .393|48080060 = 3.299,N A ST|S A ST|W GARDEN ST,12550,48080060,48000034,Y,-87.22617,30.41119486,10,,On-System / On-System,48080060,907,LPI-02496,2,3.299,3.289,3.3089999999999997,S A ST,On Corridor,435178-3,1,106,0.02,100,3.4,1.5,Verified Match,435178-3,1
45502,104368,48000070,URBAN GENERAL,PENSACOLA,URBAN MINOR ART,DIVIDED,,SR  289,3,ESCAMBIA,15900,4,35,1,LPI,Implement a Leading Pedestrian Interval (LPI),,LPI-01326,Potential Location,0.870000005,1,5408.8083328125,,,,,,,,,,,,,5408.8083328125,,3,48,48000070 = .913|48003000 = 1.358,E JORDAN ST|N 9TH AVE,9600,48003000,48000070,Y,-87.20988951,30.4353601,10,,On-System / On-System,48003000,908,LPI-01326,1,0.913,0.903,0.923,E JORDAN ST,Off Corridor,,0,0,0,0,86.9,0.3,No Match - Angle Mismatch,,0
45502,104368,48003000,URBAN GENERAL,PENSACOLA,URBAN MINOR ART,DIVIDED,,SR  289,3,ESCAMBIA,15900,4,35,1,LPI,Implement a Leading Pedestrian Interval (LPI),,LPI-01326,Potential Location,0.870000005,1,5408.8083328125,,,,,,,,,,,,,5408.8083328125,,3,48,48000070 = .913|48003000 = 1.358,E JORDAN ST|N 9TH AVE,9600,48003000,48000070,Y,-87.20988951,30.4353601,10,,On-System / On-System,48003000,908,LPI-01326,2,1.358,1.348,1.368,N 9TH AVE,On Corridor,426934-3,3,106,0.02,100,0,0.1,Verified Match,426934-3,3
45507,100071,46000009,URBAN GENERAL,PANAMA CITY,URBAN MINOR ART,DIVIDED,,SR   30,3,BAY,12300,2,35,0,LPI,Implement a Leading Pedestrian Interval (LPI),,LPI-01226,Potential Location,0.870000005,1,5408.8083328125,,,,,,,,,,,,,5408.8083328125,,3,46,46000009 = 0|46020000 = 6.005,W 6TH ST|W BEACH DR,14550,46020000,46000009,N,,,10,,On-System / On-System,46020000,909,LPI-01226,1,0,0,0.01,W 6TH ST,Off Corridor,,0,0,0,0,,,Unmatched,,0
45507,100071,46020000,URBAN GENERAL,PANAMA CITY,URBAN MINOR ART,DIVIDED,,SR   30,3,BAY,12300,2,35,0,LPI,Implement a Leading Pedestrian Interval (LPI),,LPI-01226,Potential Location,0.870000005,1,5408.8083328125,,,,,,,,,,,,,5408.8083328125,,3,46,46000009 = 0|46020000 = 6.005,W 6TH ST|W BEACH DR,14550,46020000,46000009,N,,,10,,On-System / On-System,46020000,909,LPI-01226,2,6.005,5.995,6.015,W BEACH DR,Off Corridor,,0,0,0,0,,,Unmatched,,0
45605,105332,48000025,URBAN GENERAL,PENSACOLA,URBAN MINOR ART,DIVIDED,,SR  289,3,ESCAMBIA,15900,4,35,1,LPI,Implement a Leading Pedestrian Interval (LPI),,LPI-02380,Potential Location,0.870000005,1,5408.8083328125,,,,,,,,,,,,,5408.8083328125,,3,48,48000025 = 2.666|48003000 = .959,E BLOUNT ST|N 9TH AVE,9050,48003000,48000025,Y,-87.20856554,30.42969244,10,,On-System / On-System,48003000,910,LPI-02380,1,2.666,2.656,2.6759999999999997,E BLOUNT ST,Off Corridor,,0,0,0,0,89.7,8.9,No Match - Angle Mismatch,,0
45605,105332,48003000,URBAN GENERAL,PENSACOLA,URBAN MINOR ART,DIVIDED,,SR  289,3,ESCAMBIA,15900,4,35,1,LPI,Implement a Leading Pedestrian Interval (LPI),,LPI-02380,Potential Location,0.870000005,1,5408.8083328125,,,,,,,,,,,,,5408.8083328125,,3,48,48000025 = 2.666|48003000 = .959,E BLOUNT ST|N 9TH AVE,9050,48003000,48000025,Y,-87.20856554,30.42969244,10,,On-System / On-System,48003000,910,LPI-02380,2,0.959,0.949,0.969,N 9TH AVE,On Corridor,426934-3,3,106,0.02,100,0,0.1,Verified Match,426934-3,3
45919,100298,46020000,URBAN GENERAL,PANAMA CITY,URBAN MINOR ART,DIVIDED,USB  98,SR   30,3,BAY,13800,2,35,0,LPI,Implement a Leading Pedestrian Interval (LPI),,LPI-02466,Potential Location,0.870000005,1,5408.8083328125,,,,,,,,,,,,,5408.8083328125,,3,46,46020000 = 6.365|46040000 = 0|46A00750 = .456,E 6TH ST|HARRISON AVE|W 6TH ST,15200,46020000,46040000,N,,,10,,On-System / On-System,46020000,911,LPI-02466,1,6.365,6.355,6.375,E 6TH ST,On Corridor,454640-1,2,105,0.02,100,0,1.1,Verified Match,454640-1,2
45919,100298,46040000,URBAN GENERAL,PANAMA CITY,URBAN MINOR ART,DIVIDED,USB  98,SR   30,3,BAY,13800,2,35,0,LPI,Implement a Leading Pedestrian Interval (LPI),,LPI-02466,Potential Location,0.870000005,1,5408.8083328125,,,,,,,,,,,,,5408.8083328125,,3,46,46020000 = 6.365|46040000 = 0|46A00750 = .456,E 6TH ST|HARRISON AVE|W 6TH ST,15200,46020000,46040000,N,,,10,,On-System / On-System,46020000,911,LPI-02466,2,0,0,0.01,HARRISON AVE,Off Corridor,,0,0,0,0,90,27.6,No Match - Angle Mismatch,,0
45998,100484,46020000,URBAN GENERAL,PANAMA CITY,URBAN MINOR ART,DIVIDED,USB  98,SR   30,3,BAY,17200,4,35,0,LPI,Implement a Leading Pedestrian Interval (LPI),,LPI-00556,Potential Location,0.870000005,1,5408.8083328125,,,,,,,,,,,,,5408.8083328125,,3,46,46020000 = 6.983|46060000 = 0|46A00913 = .795,N COVE BLVD|US-98-BR,20850,46020000,46060000,N,,,10,,On-System / On-System,46020000,912,LPI-00556,1,6.983,6.973,6.992999999999999,N COVE BLVD,On Corridor,454640-1,2,106,0.02,100,0,0.4,Verified Match,454640-1,2
45998,100484,46060000,URBAN GENERAL,PANAMA CITY,URBAN MINOR ART,DIVIDED,USB  98,SR   30,3,BAY,17200,4,35,0,LPI,Implement a Leading Pedestrian Interval (LPI),,LPI-00556,Potential Location,0.870000005,1,5408.8083328125,,,,,,,,,,,,,5408.8083328125,,3,46,46020000 = 6.983|46060000 = 0|46A00913 = .795,N COVE BLVD|US-98-BR,20850,46020000,46060000,N,,,10,,On-System / On-System,46020000,912,LPI-00556,2,0,0,0.01,US-98-BR,Off Corridor,,0,0,0,0,21.8,26.7,No Match - Low Overlap,,0
46446,102805,48000032,URBAN GENERAL,PENSACOLA,URBAN MINOR ART,DIVIDED,US   98,SR  292,3,ESCAMBIA,15700,4,40,1,LPI,Implement a Leading Pedestrian Interval (LPI),,LPI-01898,Potential Location,0.870000005,1,5408.8083328125,,,,,,,,,,,,,5408.8083328125,,3,48,48000032 = 0|48050000 = 20.893|48570000 = 4.554,N PACE BLVD|W JACKSON ST,12000,48050000,48570000,Y,-87.24143065,30.41870002,10,,On-System / On-System,48050000,913,LPI-01898,1,0,0,0.01,N PACE BLVD,Off Corridor,,0,0,0,0,,,Unmatched,,0
46446,102805,48050000,URBAN GENERAL,PENSACOLA,URBAN MINOR ART,DIVIDED,US   98,SR  292,3,ESCAMBIA,15700,4,40,1,LPI,Implement a Leading Pedestrian Interval (LPI),,LPI-01898,Potential Location,0.870000005,1,5408.8083328125,,,,,,,,,,,,,5408.8083328125,,3,48,48000032 = 0|48050000 = 20.893|48570000 = 4.554,N PACE BLVD|W JACKSON ST,12000,48050000,48570000,Y,-87.24143065,30.41870002,10,,On-System / On-System,48050000,913,LPI-01898,2,20.893,20.883,20.903000000000002,W JACKSON ST,Off Corridor,,0,0,0,0,,,Unmatched,,0
46446,102805,48570000,URBAN GENERAL,PENSACOLA,URBAN MINOR ART,DIVIDED,US   98,SR  292,3,ESCAMBIA,15700,4,40,1,LPI,Implement a Leading Pedestrian Interval (LPI),,LPI-01898,Potential Location,0.870000005,1,5408.8083328125,,,,,,,,,,,,,5408.8083328125,,3,48,48000032 = 0|48050000 = 20.893|48570000 = 4.554,N PACE BLVD|W JACKSON ST,12000,48050000,48570000,Y,-87.24143065,30.41870002,10,,On-System / On-System,48050000,913,LPI-01898,3,4.554,4.5440000000000005,4.564,,Off Corridor,,0,0,0,0,,,Unmatched,,0
46582,103802,48000036,URBAN GENERAL,PENSACOLA,URBAN PRIN ART OTHER,DIVIDED,US   90,SR   10A,3,ESCAMBIA,30000,4,35,1,LPI,Implement a Leading Pedestrian Interval (LPI),,LPI-02473,Potential Location,0.870000005,1,5408.8083328125,,,,,,,,,,,,,5408.8083328125,,3,48,48000036 = 1.308|48020000 = 14.976|48040000 = 0,E CERVANTES ST|N PALAFOX ST|W CERVANTES ST,23800,48020000,48000036,Y,-87.21733327,30.42129956,10,,On-System / On-System,48020000,914,LPI-02473,1,1.308,1.298,1.318,E CERVANTES ST,On Corridor,"432568-1, 457655-1",3,53,0.01,100,0.1,24.8,Verified Parallel Fallback,"432568-1, 457655-1",3
46582,103802,48020000,URBAN GENERAL,PENSACOLA,URBAN PRIN ART OTHER,DIVIDED,US   90,SR   10A,3,ESCAMBIA,30000,4,35,1,LPI,Implement a Leading Pedestrian Interval (LPI),,LPI-02473,Potential Location,0.870000005,1,5408.8083328125,,,,,,,,,,,,,5408.8083328125,,3,48,48000036 = 1.308|48020000 = 14.976|48040000 = 0,E CERVANTES ST|N PALAFOX ST|W CERVANTES ST,23800,48020000,48000036,Y,-87.21733327,30.42129956,10,,On-System / On-System,48020000,914,LPI-02473,2,14.976,14.966000000000001,14.986,N PALAFOX ST,On Corridor,"457655-2, 456593-2",4,106,0.02,100,0.4,1.5,Verified Match,"457655-2, 456593-2",4
46582,103802,48040000,URBAN GENERAL,PENSACOLA,URBAN PRIN ART OTHER,DIVIDED,US   90,SR   10A,3,ESCAMBIA,30000,4,35,1,LPI,Implement a Leading Pedestrian Interval (LPI),,LPI-02473,Potential Location,0.870000005,1,5408.8083328125,,,,,,,,,,,,,5408.8083328125,,3,48,48000036 = 1.308|48020000 = 14.976|48040000 = 0,E CERVANTES ST|N PALAFOX ST|W CERVANTES ST,23800,48020000,48000036,Y,-87.21733327,30.42129956,10,,On-System / On-System,48020000,914,LPI-02473,3,0,0,0.01,W CERVANTES ST,On Corridor,"432568-1, 457655-1",3,53,0.01,100,0,0.1,Verified Parallel Fallback,"432568-1, 457655-1",3
46621,103037,48004000,URBAN GENERAL,PENSACOLA,URBAN PRIN ART OTHER,DIVIDED,,SR  292,3,ESCAMBIA,27000,2,45,1,LPI,Implement a Leading Pedestrian Interval (LPI),,LPI-01903,Potential Location,0.870000005,1,5408.8083328125,,,,,,,,,,,,,5408.8083328125,,3,48,48004000 = 0|48050000 = 15.355|48A02969 = .44,GULF BEACH HWY|S FAIRFIELD DR,26050,48050000,48004000,Y,-87.30857941,30.3807702,10,,On-System / On-System,48050000,915,LPI-01903,1,0,0,0.01,GULF BEACH HWY,Off Corridor,,0,0,0,0,61.9,24.4,No Match - Angle Mismatch,,0
46621,103037,48050000,URBAN GENERAL,PENSACOLA,URBAN PRIN ART OTHER,DIVIDED,,SR  292,3,ESCAMBIA,27000,2,45,1,LPI,Implement a Leading Pedestrian Interval (LPI),,LPI-01903,Potential Location,0.870000005,1,5408.8083328125,,,,,,,,,,,,,5408.8083328125,,3,48,48004000 = 0|48050000 = 15.355|48A02969 = .44,GULF BEACH HWY|S FAIRFIELD DR,26050,48050000,48004000,Y,-87.30857941,30.3807702,10,,On-System / On-System,48050000,915,LPI-01903,2,15.355,15.345,15.365,S FAIRFIELD DR,On Corridor,218337-2,1,106,0.02,100,0,0.9,Verified Match,218337-2,1
46660,103075,48000113,URBAN GENERAL,PENSACOLA,URBAN PRIN ART OTHER,DIVIDED,US   90,SR   10A,3,ESCAMBIA,32000,4,35,1,LPI,Implement a Leading Pedestrian Interval (LPI),,LPI-02474,Potential Location,0.870000005,1,5408.8083328125,,,,,,,,,,,,,5408.8083328125,,3,48,48000113 = 0|48020000 = 14.808|48A02208 = 0,N SPRING ST|W CERVANTES ST,16525,48020000,48000113,Y,-87.22011938,30.4208801,10,,On-System / On-System,48020000,916,LPI-02474,1,0,0,0.01,N SPRING ST,Off Corridor,,0,0,0,0,90,24.9,No Match - Angle Mismatch,,0
46660,103075,48020000,URBAN GENERAL,PENSACOLA,URBAN PRIN ART OTHER,DIVIDED,US   90,SR   10A,3,ESCAMBIA,32000,4,35,1,LPI,Implement a Leading Pedestrian Interval (LPI),,LPI-02474,Potential Location,0.870000005,1,5408.8083328125,,,,,,,,,,,,,5408.8083328125,,3,48,48000113 = 0|48020000 = 14.808|48A02208 = 0,N SPRING ST|W CERVANTES ST,16525,48020000,48000113,Y,-87.22011938,30.4208801,10,,On-System / On-System,48020000,916,LPI-02474,2,14.808,14.798,14.818,W CERVANTES ST,On Corridor,"457655-2, 456593-2",4,106,0.02,100,0.3,1.5,Verified Match,"457655-2, 456593-2",4
46663,103075,48000114,URBAN GENERAL,PENSACOLA,URBAN PRIN ART OTHER,DIVIDED,US   90,SR   10A,3,ESCAMBIA,32000,4,35,1,LPI,Implement a Leading Pedestrian Interval (LPI),,LPI-02475,Potential Location,0.870000005,1,5408.8083328125,,,,,,,,,,,,,5408.8083328125,,3,48,48000114 = .969|48020000 = 14.888|48A02227 = 0,N BAYLEN ST|W CERVANTES ST,33100,48020000,48000114,Y,-87.21879986,30.42109931,10,,On-System / On-System,48020000,917,LPI-02475,1,0.969,0.959,0.979,N BAYLEN ST,Off Corridor,,0,0,0,0,89.5,24.8,No Match - Angle Mismatch,,0
46663,103075,48020000,URBAN GENERAL,PENSACOLA,URBAN PRIN ART OTHER,DIVIDED,US   90,SR   10A,3,ESCAMBIA,32000,4,35,1,LPI,Implement a Leading Pedestrian Interval (LPI),,LPI-02475,Potential Location,0.870000005,1,5408.8083328125,,,,,,,,,,,,,5408.8083328125,,3,48,48000114 = .969|48020000 = 14.888|48A02227 = 0,N BAYLEN ST|W CERVANTES ST,33100,48020000,48000114,Y,-87.21879986,30.42109931,10,,On-System / On-System,48020000,917,LPI-02475,2,14.888,14.878,14.898,W CERVANTES ST,On Corridor,"457655-2, 456593-2",4,105,0.02,100,0.3,1.5,Verified Match,"457655-2, 456593-2",4
46682,104075,48000033,URBAN GENERAL,PENSACOLA,URBAN PRIN ART OTHER,DIVIDED,US   29,SR   95,3,ESCAMBIA,7200,4,40,1,LPI,Implement a Leading Pedestrian Interval (LPI),,LPI-01905,Potential Location,0.870000005,1,5408.8083328125,,,,,,,,,,,,,5408.8083328125,,3,48,48000033 = 0|48040000 = 1.226|48500003 = 1.179,E CROSS ST|N PALAFOX ST|W LEONARD ST,12450,48040000,48500003,Y,-87.22167087,30.43865942,10,,On-System / On-System,48040000,918,LPI-01905,1,0,0,0.01,E CROSS ST,Off Corridor,,0,0,0,0,86.7,27.3,No Match - Angle Mismatch,,0
46682,104075,48040000,URBAN GENERAL,PENSACOLA,URBAN PRIN ART OTHER,DIVIDED,US   29,SR   95,3,ESCAMBIA,7200,4,40,1,LPI,Implement a Leading Pedestrian Interval (LPI),,LPI-01905,Potential Location,0.870000005,1,5408.8083328125,,,,,,,,,,,,,5408.8083328125,,3,48,48000033 = 0|48040000 = 1.226|48500003 = 1.179,E CROSS ST|N PALAFOX ST|W LEONARD ST,12450,48040000,48500003,Y,-87.22167087,30.43865942,10,,On-System / On-System,48040000,918,LPI-01905,2,1.226,1.216,1.236,N PALAFOX ST,On Corridor,"432568-1, 457655-1",3,106,0.02,100,2.8,0.8,Verified Match,"432568-1, 457655-1",3
46682,104075,48500003,URBAN GENERAL,PENSACOLA,URBAN PRIN ART OTHER,DIVIDED,US   29,SR   95,3,ESCAMBIA,7200,4,40,1,LPI,Implement a Leading Pedestrian Interval (LPI),,LPI-01905,Potential Location,0.870000005,1,5408.8083328125,,,,,,,,,,,,,5408.8083328125,,3,48,48000033 = 0|48040000 = 1.226|48500003 = 1.179,E CROSS ST|N PALAFOX ST|W LEONARD ST,12450,48040000,48500003,Y,-87.22167087,30.43865942,10,,On-System / On-System,48040000,918,LPI-01905,3,1.179,1.169,1.189,W LEONARD ST,Off Corridor,,0,0,0,0,89,25.6,No Match - Angle Mismatch,,0
46725,101954,48000047,URBAN GENERAL,PENSACOLA,URBAN PRIN ART OTHER,DIVIDED,US   90,SR   10A,3,ESCAMBIA,16700,4,35,1,LPI,Implement a Leading Pedestrian Interval (LPI),,LPI-02330,Potential Location,0.870000005,1,5408.8083328125,,,,,,,,,,,,,5408.8083328125,,3,48,48000047 = 0|48020000 = 15.875|48A02344 = .266,E CERVANTES ST|N 12TH AVE,11950,48020000,48000047,Y,-87.20264951,30.42385008,10,,On-System / On-System,48020000,919,LPI-02330,1,0,0,0.01,E CERVANTES ST,Off Corridor,,0,0,0,0,89.8,28,No Match - Angle Mismatch,,0
46725,101954,48020000,URBAN GENERAL,PENSACOLA,URBAN PRIN ART OTHER,DIVIDED,US   90,SR   10A,3,ESCAMBIA,16700,4,35,1,LPI,Implement a Leading Pedestrian Interval (LPI),,LPI-02330,Potential Location,0.870000005,1,5408.8083328125,,,,,,,,,,,,,5408.8083328125,,3,48,48000047 = 0|48020000 = 15.875|48A02344 = .266,E CERVANTES ST|N 12TH AVE,11950,48020000,48000047,Y,-87.20264951,30.42385008,10,,On-System / On-System,48020000,919,LPI-02330,2,15.875,15.865,15.885,N 12TH AVE,On Corridor,"457655-2, 456593-2",4,106,0.02,100,0,1.6,Verified Match,"457655-2, 456593-2",4
47493,100347,46000016,SUBURBAN COMMERCIAL,PANAMA CITY,URBAN PRIN ART OTHER,DIVIDED,US   98,SR   30A,3,BAY,35000,4,45,1,LPI,Implement a Leading Pedestrian Interval (LPI),,LPI-00287,Potential Location,0.870000005,1,5408.8083328125,,,,,,,,,,,,,5408.8083328125,,3,46,46000016 = .647|46002000 = 0|46020003 = 1.14,LISENBY AVE|W 15TH ST,43400,46020003,46002000,Y,-85.68375997,30.17531129,10,,On-System / On-System,46020003,920,LPI-00287,1,0.647,0.637,0.657,LISENBY AVE,Off Corridor,,0,0,0,0,89.9,5.3,No Match - Angle Mismatch,,0
47493,100347,46002000,SUBURBAN COMMERCIAL,PANAMA CITY,URBAN PRIN ART OTHER,DIVIDED,US   98,SR   30A,3,BAY,35000,4,45,1,LPI,Implement a Leading Pedestrian Interval (LPI),,LPI-00287,Potential Location,0.870000005,1,5408.8083328125,,,,,,,,,,,,,5408.8083328125,,3,46,46000016 = .647|46002000 = 0|46020003 = 1.14,LISENBY AVE|W 15TH ST,43400,46020003,46002000,Y,-85.68375997,30.17531129,10,,On-System / On-System,46020003,920,LPI-00287,2,0,0,0.01,W 15TH ST,Off Corridor,,0,0,0,0,89.8,47.4,No Match - Angle Mismatch,,0
47493,100347,46020003,SUBURBAN COMMERCIAL,PANAMA CITY,URBAN PRIN ART OTHER,DIVIDED,US   98,SR   30A,3,BAY,35000,4,45,1,LPI,Implement a Leading Pedestrian Interval (LPI),,LPI-00287,Potential Location,0.870000005,1,5408.8083328125,,,,,,,,,,,,,5408.8083328125,,3,46,46000016 = .647|46002000 = 0|46020003 = 1.14,LISENBY AVE|W 15TH ST,43400,46020003,46002000,Y,-85.68375997,30.17531129,10,,On-System / On-System,46020003,920,LPI-00287,3,1.14,1.13,1.15,,On Corridor,447594-1,1,105,0.02,100,0,1.1,Verified Match,447594-1,1
47616,98251,46020000,URBAN GENERAL,PANAMA CITY,URBAN MINOR ART,DIVIDED,USB  98,SR   30,3,BAY,18500,4,35,1,LPI,Implement a Leading Pedestrian Interval (LPI),,LPI-01212,Potential Location,0.870000005,1,5408.8083328125,,,,,,,,,,,,,5408.8083328125,,3,46,46020000 = 8.531|46130000 = 0|46523000 = .936,E 5TH ST|N EAST AVE,23750,46020000,46130000,N,,,10,,On-System / On-System,46020000,921,LPI-01212,1,8.531,8.521,8.541,E 5TH ST,On Corridor,454640-1,2,105,0.02,100,0.8,1,Verified Match,454640-1,2
47616,98251,46130000,URBAN GENERAL,PANAMA CITY,URBAN MINOR ART,DIVIDED,USB  98,SR   30,3,BAY,18500,4,35,1,LPI,Implement a Leading Pedestrian Interval (LPI),,LPI-01212,Potential Location,0.870000005,1,5408.8083328125,,,,,,,,,,,,,5408.8083328125,,3,46,46020000 = 8.531|46130000 = 0|46523000 = .936,E 5TH ST|N EAST AVE,23750,46020000,46130000,N,,,10,,On-System / On-System,46020000,921,LPI-01212,2,0,0,0.01,N EAST AVE,Off Corridor,,0,0,0,0,88.9,27.5,No Match - Angle Mismatch,,0
47616,98251,46523000,URBAN GENERAL,PANAMA CITY,URBAN MINOR ART,DIVIDED,USB  98,SR   30,3,BAY,18500,4,35,1,LPI,Implement a Leading Pedestrian Interval (LPI),,LPI-01212,Potential Location,0.870000005,1,5408.8083328125,,,,,,,,,,,,,5408.8083328125,,3,46,46020000 = 8.531|46130000 = 0|46523000 = .936,E 5TH ST|N EAST AVE,23750,46020000,46130000,N,,,10,,On-System / On-System,46020000,921,LPI-01212,3,0.936,0.926,0.9460000000000001,,Off Corridor,,0,0,0,0,89.6,25.1,No Match - Angle Mismatch,,0
47618,98251,46020000,URBAN GENERAL,PANAMA CITY,URBAN MINOR ART,DIVIDED,USB  98,SR   30,3,BAY,18500,4,35,1,LPI,Implement a Leading Pedestrian Interval (LPI),,LPI-01224,Potential Location,0.870000005,1,5408.8083328125,,,,,,,,,,,,,5408.8083328125,,3,46,46020000 = 8.792|46020004 = 0|46A01115 = 0,N EVERITT AVE|US-98-BR,9850,46020000,46020004,Y,-85.62090927,30.15595219,10,,On-System / On-System,46020000,922,LPI-01224,1,8.792,8.782,8.802,N EVERITT AVE,On Corridor,454640-1,2,106,0.02,100,0.9,0.5,Verified Match,454640-1,2
47618,98251,46020004,URBAN GENERAL,PANAMA CITY,URBAN MINOR ART,DIVIDED,USB  98,SR   30,3,BAY,18500,4,35,1,LPI,Implement a Leading Pedestrian Interval (LPI),,LPI-01224,Potential Location,0.870000005,1,5408.8083328125,,,,,,,,,,,,,5408.8083328125,,3,46,46020000 = 8.792|46020004 = 0|46A01115 = 0,N EVERITT AVE|US-98-BR,9850,46020000,46020004,Y,-85.62090927,30.15595219,10,,On-System / On-System,46020000,922,LPI-01224,2,0,0,0.01,US-98-BR,Off Corridor,,0,0,0,0,72.7,25.1,No Match - Angle Mismatch,,0
47839,100663,46140000,URBAN GENERAL,PANAMA CITY,URBAN MINOR ART,DIVIDED,,SR  390,3,BAY,20400,2,45,0,LPI,Implement a Leading Pedestrian Interval (LPI),,LPI-01218,Potential Location,0.870000005,1,5408.8083328125,,,,,,,,,,,,,5408.8083328125,,3,46,46140000 = 6.134|46650002 = .004|46A04892 = 0,KENTUCKY AVE|MOWAT SCHOOL RD|W HWY 390,9250,46140000,46650002,N,,,10,,On-System / On-System,46140000,923,LPI-01218,1,6.134,6.1240000000000006,6.144,KENTUCKY AVE,Off Corridor,,0,0,0,0,,,Unmatched,,0
47839,100663,46650002,URBAN GENERAL,PANAMA CITY,URBAN MINOR ART,DIVIDED,,SR  390,3,BAY,20400,2,45,0,LPI,Implement a Leading Pedestrian Interval (LPI),,LPI-01218,Potential Location,0.870000005,1,5408.8083328125,,,,,,,,,,,,,5408.8083328125,,3,46,46140000 = 6.134|46650002 = .004|46A04892 = 0,KENTUCKY AVE|MOWAT SCHOOL RD|W HWY 390,9250,46140000,46650002,N,,,10,,On-System / On-System,46140000,923,LPI-01218,2,0.004,0,0.014,MOWAT SCHOOL RD,Off Corridor,,0,0,0,0,,,Unmatched,,0
48108,99427,46000003,URBAN GENERAL,PANAMA CITY,URBAN PRIN ART OTHER,DIVIDED,,SR   77,3,BAY,34500,4,35,0,LPI,Implement a Leading Pedestrian Interval (LPI),,LPI-00972,Potential Location,0.870000005,1,5408.8083328125,,,,,,,,,,,,,5408.8083328125,,3,46,46000003 = .398|46060000 = 5.734|46500000 = 3.952,E 12TH ST|OHIO AVE|W 12TH ST,38650,46060000,46500000,N,,,10,,On-System / On-System,46060000,924,LPI-00972,1,0.398,0.388,0.40800000000000003,E 12TH ST,Off Corridor,,0,0,0,0,,,Unmatched,,0
48108,99427,46060000,URBAN GENERAL,PANAMA CITY,URBAN PRIN ART OTHER,DIVIDED,,SR   77,3,BAY,34500,4,35,0,LPI,Implement a Leading Pedestrian Interval (LPI),,LPI-00972,Potential Location,0.870000005,1,5408.8083328125,,,,,,,,,,,,,5408.8083328125,,3,46,46000003 = .398|46060000 = 5.734|46500000 = 3.952,E 12TH ST|OHIO AVE|W 12TH ST,38650,46060000,46500000,N,,,10,,On-System / On-System,46060000,924,LPI-00972,2,5.734,5.724,5.744,OHIO AVE,Off Corridor,,0,0,0,0,,,Unmatched,,0
48108,99427,46500000,URBAN GENERAL,PANAMA CITY,URBAN PRIN ART OTHER,DIVIDED,,SR   77,3,BAY,34500,4,35,0,LPI,Implement a Leading Pedestrian Interval (LPI),,LPI-00972,Potential Location,0.870000005,1,5408.8083328125,,,,,,,,,,,,,5408.8083328125,,3,46,46000003 = .398|46060000 = 5.734|46500000 = 3.952,E 12TH ST|OHIO AVE|W 12TH ST,38650,46060000,46500000,N,,,10,,On-System / On-System,46060000,924,LPI-00972,3,3.952,3.942,3.9619999999999997,W 12TH ST,Off Corridor,,0,0,0,0,,,Unmatched,,0
48410,102088,48000045,URBAN GENERAL,PENSACOLA,URBAN PRIN ART OTHER,DIVIDED,US   90,SR   10A,3,ESCAMBIA,25500,4,35,1,LPI,Implement a Leading Pedestrian Interval (LPI),,LPI-02377,Potential Location,0.870000005,1,5408.8083328125,,,,,,,,,,,,,5408.8083328125,,3,48,48000045 = .519|48020000 = 16.327,E CERVANTES ST|N 17TH AVE,22550,48020000,48000045,Y,-87.19524983,30.42510921,10,,On-System / On-System,48020000,925,LPI-02377,1,0.519,0.509,0.529,E CERVANTES ST,Off Corridor,,0,0,0,0,89.9,2.1,No Match - Angle Mismatch,,0
48410,102088,48020000,URBAN GENERAL,PENSACOLA,URBAN PRIN ART OTHER,DIVIDED,US   90,SR   10A,3,ESCAMBIA,25500,4,35,1,LPI,Implement a Leading Pedestrian Interval (LPI),,LPI-02377,Potential Location,0.870000005,1,5408.8083328125,,,,,,,,,,,,,5408.8083328125,,3,48,48000045 = .519|48020000 = 16.327,E CERVANTES ST|N 17TH AVE,22550,48020000,48000045,Y,-87.19524983,30.42510921,10,,On-System / On-System,48020000,925,LPI-02377,2,16.327,16.317,16.337000000000003,N 17TH AVE,On Corridor,"453016-1, 457655-2, 456593-2",5,106,0.02,100,0,1.6,Verified Match,"453016-1, 457655-2, 456593-2",5
48832,112578,55000020,URBAN GENERAL,TALLAHASSEE,URBAN PRIN ART OTHER,DIVIDED,US   90,SR   10,3,LEON,47000,6,35,1,LPI,Implement a Leading Pedestrian Interval (LPI),,LPI-02503,Potential Location,0.870000005,1,5408.8083328125,,,,,,,,,,,,,5408.8083328125,,3,55,55000020 = .005|55060000 = 6.427,HIGH RD|W TENNESSEE ST,46250,55060000,55000020,Y,-84.3135,30.44911364,10,,On-System / On-System,55060000,926,LPI-02503,1,0.005,0,0.015,HIGH RD,Off Corridor,,0,0,0,0,89.6,61.9,No Match - Angle Mismatch,,0
48832,112578,55060000,URBAN GENERAL,TALLAHASSEE,URBAN PRIN ART OTHER,DIVIDED,US   90,SR   10,3,LEON,47000,6,35,1,LPI,Implement a Leading Pedestrian Interval (LPI),,LPI-02503,Potential Location,0.870000005,1,5408.8083328125,,,,,,,,,,,,,5408.8083328125,,3,55,55000020 = .005|55060000 = 6.427,HIGH RD|W TENNESSEE ST,46250,55060000,55000020,Y,-84.3135,30.44911364,10,,On-System / On-System,55060000,926,LPI-02503,2,6.427,6.417,6.436999999999999,W TENNESSEE ST,On Corridor,458097-1,1,105,0.02,100,0.1,0.9,Verified Match,458097-1,1
49066,112841,55000017,URBAN GENERAL,TALLAHASSEE,URBAN PRIN ART OTHER,DIVIDED,US   27,SR   63,3,LEON,28000,4,35,1,LPI,Implement a Leading Pedestrian Interval (LPI),,LPI-01493,Potential Location,0.870000005,1,5408.8083328125,,,,,,,,,,,,,5408.8083328125,,3,55,55000017 = 0|55010000 = 8.598|55350501 = 2.254,N MARTIN LUTHER KING JR BLVD|N MONROE ST|W BRADFORD RD,27250,55010000,55350501,Y,-84.28513132,30.46731916,10,,On-System / On-System,55010000,927,LPI-01493,1,0,0,0.01,N MARTIN LUTHER KING JR BLVD,Off Corridor,,0,0,0,0,,,Unmatched,,0
49066,112841,55010000,URBAN GENERAL,TALLAHASSEE,URBAN PRIN ART OTHER,DIVIDED,US   27,SR   63,3,LEON,28000,4,35,1,LPI,Implement a Leading Pedestrian Interval (LPI),,LPI-01493,Potential Location,0.870000005,1,5408.8083328125,,,,,,,,,,,,,5408.8083328125,,3,55,55000017 = 0|55010000 = 8.598|55350501 = 2.254,N MARTIN LUTHER KING JR BLVD|N MONROE ST|W BRADFORD RD,27250,55010000,55350501,Y,-84.28513132,30.46731916,10,,On-System / On-System,55010000,927,LPI-01493,2,8.598,8.588000000000001,8.608,N MONROE ST,Off Corridor,,0,0,0,0,,,Unmatched,,0
49066,112841,55350501,URBAN GENERAL,TALLAHASSEE,URBAN PRIN ART OTHER,DIVIDED,US   27,SR   63,3,LEON,28000,4,35,1,LPI,Implement a Leading Pedestrian Interval (LPI),,LPI-01493,Potential Location,0.870000005,1,5408.8083328125,,,,,,,,,,,,,5408.8083328125,,3,55,55000017 = 0|55010000 = 8.598|55350501 = 2.254,N MARTIN LUTHER KING JR BLVD|N MONROE ST|W BRADFORD RD,27250,55010000,55350501,Y,-84.28513132,30.46731916,10,,On-System / On-System,55010000,927,LPI-01493,3,2.254,2.244,2.264,W BRADFORD RD,Off Corridor,,0,0,0,0,,,Unmatched,,0
49339,104722,48000066,URBAN GENERAL,PENSACOLA,URBAN PRIN ART OTHER,DIVIDED,US   90,SR   10A,3,ESCAMBIA,15900,4,35,1,LPI,Implement a Leading Pedestrian Interval (LPI),,LPI-01322,Potential Location,0.870000005,1,5408.8083328125,,,,,,,,,,,,,5408.8083328125,,3,48,48000066 = .6|48020000 = 14.203|48500001 = 0,N E ST|W CERVANTES ST,14100,48020000,48500001,Y,-87.23008998,30.42019033,10,,On-System / On-System,48020000,928,LPI-01322,1,0.6,0.59,0.61,N E ST,Off Corridor,,0,0,0,0,89.9,25.3,No Match - Angle Mismatch,,0
49339,104722,48020000,URBAN GENERAL,PENSACOLA,URBAN PRIN ART OTHER,DIVIDED,US   90,SR   10A,3,ESCAMBIA,15900,4,35,1,LPI,Implement a Leading Pedestrian Interval (LPI),,LPI-01322,Potential Location,0.870000005,1,5408.8083328125,,,,,,,,,,,,,5408.8083328125,,3,48,48000066 = .6|48020000 = 14.203|48500001 = 0,N E ST|W CERVANTES ST,14100,48020000,48500001,Y,-87.23008998,30.42019033,10,,On-System / On-System,48020000,928,LPI-01322,2,14.203,14.193,14.213,W CERVANTES ST,On Corridor,"457655-2, 456593-2",4,105,0.02,100,0.1,1.5,Verified Match,"457655-2, 456593-2",4
49339,104722,48500001,URBAN GENERAL,PENSACOLA,URBAN PRIN ART OTHER,DIVIDED,US   90,SR   10A,3,ESCAMBIA,15900,4,35,1,LPI,Implement a Leading Pedestrian Interval (LPI),,LPI-01322,Potential Location,0.870000005,1,5408.8083328125,,,,,,,,,,,,,5408.8083328125,,3,48,48000066 = .6|48020000 = 14.203|48500001 = 0,N E ST|W CERVANTES ST,14100,48020000,48500001,Y,-87.23008998,30.42019033,10,,On-System / On-System,48020000,928,LPI-01322,3,0,0,0.01,,Off Corridor,,0,0,0,0,89.8,28.6,No Match - Angle Mismatch,,0
49381,102322,48050000,URBAN GENERAL,PENSACOLA,URBAN MINOR ART,DIVIDED,,SR  292,3,ESCAMBIA,28500,4,40,1,LPI,Implement a Leading Pedestrian Interval (LPI),,LPI-01896,Potential Location,0.870000005,1,5408.8083328125,,,,,,,,,,,,,5408.8083328125,,3,48,48050000 = 17.594|48560000 = .003|48A02931 = .808,BARRANCAS AVE|LIVE OAK AVE|S OLD CORRY FIELD RD,27950,48050000,48560000,Y,-87.27267917,30.38889523,10,,On-System / On-System,48050000,929,LPI-01896,1,17.594,17.584,17.604000000000003,BARRANCAS AVE,Off Corridor,,0,0,0,0,,,Unmatched,,0
49381,102322,48560000,URBAN GENERAL,PENSACOLA,URBAN MINOR ART,DIVIDED,,SR  292,3,ESCAMBIA,28500,4,40,1,LPI,Implement a Leading Pedestrian Interval (LPI),,LPI-01896,Potential Location,0.870000005,1,5408.8083328125,,,,,,,,,,,,,5408.8083328125,,3,48,48050000 = 17.594|48560000 = .003|48A02931 = .808,BARRANCAS AVE|LIVE OAK AVE|S OLD CORRY FIELD RD,27950,48050000,48560000,Y,-87.27267917,30.38889523,10,,On-System / On-System,48050000,929,LPI-01896,2,0.003,0,0.013000000000000001,LIVE OAK AVE,Off Corridor,,0,0,0,0,,,Unmatched,,0
49541,105251,48020000,URBAN GENERAL,PENSACOLA,URBAN PRIN ART OTHER,DIVIDED,US   90,SR   10A,3,ESCAMBIA,15900,4,35,1,LPI,Implement a Leading Pedestrian Interval (LPI),,LPI-01378,Potential Location,0.870000005,1,5408.8083328125,,,,,,,,,,,,,5408.8083328125,,3,48,48020000 = 13.868|48A02274 = 0|48A02535 = .207,N J ST|W CERVANTES ST,9350,48020000,48A02274,N,,,10,,On-System / Off-System,48020000,930,LPI-01378,1,13.868,13.858,13.878,N J ST,On Corridor,"457655-2, 456593-2",4,106,0.02,100,0,1.5,Verified Match,"457655-2, 456593-2",4
49543,105251,48020000,URBAN GENERAL,PENSACOLA,URBAN PRIN ART OTHER,DIVIDED,US   90,SR   10A,3,ESCAMBIA,15900,4,35,1,LPI,Implement a Leading Pedestrian Interval (LPI),,LPI-01377,Potential Location,0.870000005,1,5408.8083328125,,,,,,,,,,,,,5408.8083328125,,3,48,48020000 = 13.735|48900019 = .429|48A02354 = 0,N L ST|W CERVANTES ST,9350,48020000,48900019,N,,,10,,On-System / On-System,48020000,931,LPI-01377,1,13.735,13.725,13.745,N L ST,On Corridor,"457655-2, 456593-2",4,106,0.02,100,0,1.5,Verified Match,"457655-2, 456593-2",4
49543,105251,48900019,URBAN GENERAL,PENSACOLA,URBAN PRIN ART OTHER,DIVIDED,US   90,SR   10A,3,ESCAMBIA,15900,4,35,1,LPI,Implement a Leading Pedestrian Interval (LPI),,LPI-01377,Potential Location,0.870000005,1,5408.8083328125,,,,,,,,,,,,,5408.8083328125,,3,48,48020000 = 13.735|48900019 = .429|48A02354 = 0,N L ST|W CERVANTES ST,9350,48020000,48900019,N,,,10,,On-System / On-System,48020000,931,LPI-01377,2,0.429,0.419,0.439,W CERVANTES ST,Off Corridor,,0,0,0,0,89.9,25,No Match - Angle Mismatch,,0
49693,103488,48000026,URBAN GENERAL,PENSACOLA,URBAN MINOR ART,DIVIDED,,SR  292,3,ESCAMBIA,20500,4,40,1,LPI,Implement a Leading Pedestrian Interval (LPI),,LPI-01900,Potential Location,0.870000005,1,5408.8083328125,,,,,,,,,,,,,5408.8083328125,,3,48,48000026 = .549|48050000 = 22.47|48500003 = 0,N PACE BLVD|ST MARY AVE|W ST MARY AVE,12400,48050000,48500003,Y,-87.24002924,30.44155998,10,,On-System / On-System,48050000,932,LPI-01900,1,0.549,0.539,0.559,N PACE BLVD,Off Corridor,,0,0,0,0,,,Unmatched,,0
49693,103488,48050000,URBAN GENERAL,PENSACOLA,URBAN MINOR ART,DIVIDED,,SR  292,3,ESCAMBIA,20500,4,40,1,LPI,Implement a Leading Pedestrian Interval (LPI),,LPI-01900,Potential Location,0.870000005,1,5408.8083328125,,,,,,,,,,,,,5408.8083328125,,3,48,48000026 = .549|48050000 = 22.47|48500003 = 0,N PACE BLVD|ST MARY AVE|W ST MARY AVE,12400,48050000,48500003,Y,-87.24002924,30.44155998,10,,On-System / On-System,48050000,932,LPI-01900,2,22.47,22.459999999999997,22.48,ST MARY AVE,Off Corridor,,0,0,0,0,,,Unmatched,,0
49693,103488,48500003,URBAN GENERAL,PENSACOLA,URBAN MINOR ART,DIVIDED,,SR  292,3,ESCAMBIA,20500,4,40,1,LPI,Implement a Leading Pedestrian Interval (LPI),,LPI-01900,Potential Location,0.870000005,1,5408.8083328125,,,,,,,,,,,,,5408.8083328125,,3,48,48000026 = .549|48050000 = 22.47|48500003 = 0,N PACE BLVD|ST MARY AVE|W ST MARY AVE,12400,48050000,48500003,Y,-87.24002924,30.44155998,10,,On-System / On-System,48050000,932,LPI-01900,3,0,0,0.01,W ST MARY AVE,Off Corridor,,0,0,0,0,,,Unmatched,,0
49703,103488,48000027,URBAN GENERAL,PENSACOLA,URBAN MINOR ART,DIVIDED,,SR  292,3,ESCAMBIA,20500,4,40,1,LPI,Implement a Leading Pedestrian Interval (LPI),,LPI-01902,Potential Location,0.870000005,1,5408.8083328125,,,,,,,,,,,,,5408.8083328125,,3,48,48000027 = .516|48050000 = 21.953,N PACE BLVD|W JORDAN ST,12300,48050000,48000027,Y,-87.24048001,30.43406987,10,,On-System / On-System,48050000,933,LPI-01902,1,0.516,0.506,0.526,N PACE BLVD,Off Corridor,,0,0,0,0,,,Unmatched,,0
49703,103488,48050000,URBAN GENERAL,PENSACOLA,URBAN MINOR ART,DIVIDED,,SR  292,3,ESCAMBIA,20500,4,40,1,LPI,Implement a Leading Pedestrian Interval (LPI),,LPI-01902,Potential Location,0.870000005,1,5408.8083328125,,,,,,,,,,,,,5408.8083328125,,3,48,48000027 = .516|48050000 = 21.953,N PACE BLVD|W JORDAN ST,12300,48050000,48000027,Y,-87.24048001,30.43406987,10,,On-System / On-System,48050000,933,LPI-01902,2,21.953,21.942999999999998,21.963,W JORDAN ST,Off Corridor,,0,0,0,0,,,Unmatched,,0
49798,103575,48020000,URBAN GENERAL,PENSACOLA,URBAN PRIN ART OTHER,NOT DIVIDED,US   90,SR   10A,3,ESCAMBIA,16700,4,35,1,LPI,Implement a Leading Pedestrian Interval (LPI),,LPI-01252,Potential Location,0.870000005,1,5408.8083328125,,,,,,,,,,,,,5408.8083328125,,3,48,48020000 = 13.197|48500100 = .115|48A02364 = .345,N T ST|W CERVANTES ST,10600,48020000,48500100,Y,-87.24684958,30.42093998,10,,On-System / On-System,48020000,934,LPI-01252,1,13.197,13.187,13.206999999999999,N T ST,On Corridor,456593-2,2,106,0.02,100,0,1.5,Verified Match,456593-2,2
49798,103575,48500100,URBAN GENERAL,PENSACOLA,URBAN PRIN ART OTHER,NOT DIVIDED,US   90,SR   10A,3,ESCAMBIA,16700,4,35,1,LPI,Implement a Leading Pedestrian Interval (LPI),,LPI-01252,Potential Location,0.870000005,1,5408.8083328125,,,,,,,,,,,,,5408.8083328125,,3,48,48020000 = 13.197|48500100 = .115|48A02364 = .345,N T ST|W CERVANTES ST,10600,48020000,48500100,Y,-87.24684958,30.42093998,10,,On-System / On-System,48020000,934,LPI-01252,2,0.115,0.10500000000000001,0.125,W CERVANTES ST,Off Corridor,,0,0,0,0,89.8,30.7,No Match - Angle Mismatch,,0
49830,105847,48000034,URBAN GENERAL,PENSACOLA,URBAN PRIN ART OTHER,DIVIDED,US   90,SR   10A,3,ESCAMBIA,32000,4,35,1,LPI,Implement a Leading Pedestrian Interval (LPI),,LPI-01897,Potential Location,0.870000005,1,5408.8083328125,,,,,,,,,,,,,5408.8083328125,,3,48,48000034 = .987|48020000 = 14.476,N A ST|W CERVANTES ST,17700,48020000,48000034,Y,-87.22554975,30.42001,10,,On-System / On-System,48020000,935,LPI-01897,1,0.987,0.977,0.997,N A ST,Off Corridor,,0,0,0,0,84.9,8,No Match - Angle Mismatch,,0
49830,105847,48020000,URBAN GENERAL,PENSACOLA,URBAN PRIN ART OTHER,DIVIDED,US   90,SR   10A,3,ESCAMBIA,32000,4,35,1,LPI,Implement a Leading Pedestrian Interval (LPI),,LPI-01897,Potential Location,0.870000005,1,5408.8083328125,,,,,,,,,,,,,5408.8083328125,,3,48,48000034 = .987|48020000 = 14.476,N A ST|W CERVANTES ST,17700,48020000,48000034,Y,-87.22554975,30.42001,10,,On-System / On-System,48020000,935,LPI-01897,2,14.476,14.466000000000001,14.486,W CERVANTES ST,On Corridor,"457655-2, 456593-2",4,106,0.02,100,0.5,1.5,Verified Match,"457655-2, 456593-2",4
50102,114286,55000026,URBAN GENERAL,TALLAHASSEE,URBAN PRIN ART OTHER,DIVIDED,US   90,SR   10,3,LEON,38500,6,35,1,LPI,Implement a Leading Pedestrian Interval (LPI),,LPI-01974,Potential Location,0.870000005,1,5408.8083328125,,,,,,,,,,,,,5408.8083328125,,3,55,55000026 = .036|55060000 = 6.977,W BREVARD ST|W TENNESSEE ST,21850,55060000,55000026,Y,-84.30409602,30.44883515,10,,On-System / On-System,55060000,936,LPI-01974,1,0.036,0.025999999999999995,0.046,W BREVARD ST,On Corridor,"445605-1, 458097-1",2,105,0.02,100,7.9,116,Verified Match,"445605-1, 458097-1",2
50102,114286,55060000,URBAN GENERAL,TALLAHASSEE,URBAN PRIN ART OTHER,DIVIDED,US   90,SR   10,3,LEON,38500,6,35,1,LPI,Implement a Leading Pedestrian Interval (LPI),,LPI-01974,Potential Location,0.870000005,1,5408.8083328125,,,,,,,,,,,,,5408.8083328125,,3,55,55000026 = .036|55060000 = 6.977,W BREVARD ST|W TENNESSEE ST,21850,55060000,55000026,Y,-84.30409602,30.44883515,10,,On-System / On-System,55060000,936,LPI-01974,2,6.977,6.9670000000000005,6.987,W TENNESSEE ST,On Corridor,"445605-1, 458097-1",2,105,0.02,100,5.2,0.8,Verified Match,"445605-1, 458097-1",2
50233,114592,55000025,URBAN GENERAL,TALLAHASSEE,URBAN PRIN ART OTHER,DIVIDED,US   27,SR   63,3,LEON,38000,5,35,1,LPI,Implement a Leading Pedestrian Interval (LPI),,LPI-00087,Potential Location,0.870000005,1,5408.8083328125,,,,,,,,,,,,,5408.8083328125,,3,55,55000025 = .632|55010000 = 8.121|55525500 = 0,JOHN KNOX RD|MONTICELLO DR|N MONROE ST,46150,55010000,55525500,Y,-84.2910887,30.47190137,10,,On-System / On-System,55010000,937,LPI-00087,1,0.632,0.622,0.642,JOHN KNOX RD,Off Corridor,,0,0,0,0,89.5,72.7,No Match - Angle Mismatch,,0
50233,114592,55010000,URBAN GENERAL,TALLAHASSEE,URBAN PRIN ART OTHER,DIVIDED,US   27,SR   63,3,LEON,38000,5,35,1,LPI,Implement a Leading Pedestrian Interval (LPI),,LPI-00087,Potential Location,0.870000005,1,5408.8083328125,,,,,,,,,,,,,5408.8083328125,,3,55,55000025 = .632|55010000 = 8.121|55525500 = 0,JOHN KNOX RD|MONTICELLO DR|N MONROE ST,46150,55010000,55525500,Y,-84.2910887,30.47190137,10,,On-System / On-System,55010000,937,LPI-00087,2,8.121,8.111,8.131,MONTICELLO DR,On Corridor,"452939-1, 445053-1",2,105,0.02,100,0.3,67.6,Verified Match,"452939-1, 445053-1",2
50233,114592,55525500,URBAN GENERAL,TALLAHASSEE,URBAN PRIN ART OTHER,DIVIDED,US   27,SR   63,3,LEON,38000,5,35,1,LPI,Implement a Leading Pedestrian Interval (LPI),,LPI-00087,Potential Location,0.870000005,1,5408.8083328125,,,,,,,,,,,,,5408.8083328125,,3,55,55000025 = .632|55010000 = 8.121|55525500 = 0,JOHN KNOX RD|MONTICELLO DR|N MONROE ST,46150,55010000,55525500,Y,-84.2910887,30.47190137,10,,On-System / On-System,55010000,937,LPI-00087,3,0,0,0.01,N MONROE ST,Off Corridor,,0,0,0,0,89.9,72.3,No Match - Angle Mismatch,,0
50310,114775,55000019,URBAN GENERAL,TALLAHASSEE,URBAN PRIN ART OTHER,DIVIDED,US   27,SR   63,3,LEON,40500,7,45,1,LPI,Implement a Leading Pedestrian Interval (LPI),,LPI-01977,Potential Location,0.870000005,1,5408.8083328125,,,,,,,,,,,,,5408.8083328125,,3,55,55000019 = .76|55010000 = 7.231|55501000 = .024,LAKESHORE DR|N MONROE ST,43000,55010000,55000019,Y,-84.30257008,30.48007929,10,,On-System / On-System,55010000,938,LPI-01977,1,0.76,0.75,0.77,LAKESHORE DR,Off Corridor,,0,0,0,0,57.9,97.9,No Match - Angle Mismatch,,0
50310,114775,55010000,URBAN GENERAL,TALLAHASSEE,URBAN PRIN ART OTHER,DIVIDED,US   27,SR   63,3,LEON,40500,7,45,1,LPI,Implement a Leading Pedestrian Interval (LPI),,LPI-01977,Potential Location,0.870000005,1,5408.8083328125,,,,,,,,,,,,,5408.8083328125,,3,55,55000019 = .76|55010000 = 7.231|55501000 = .024,LAKESHORE DR|N MONROE ST,43000,55010000,55000019,Y,-84.30257008,30.48007929,10,,On-System / On-System,55010000,938,LPI-01977,2,7.231,7.221,7.241,N MONROE ST,On Corridor,"452939-1, 445053-1",2,105,0.02,100,0.5,0.6,Verified Match,"452939-1, 445053-1",2
50310,114775,55501000,URBAN GENERAL,TALLAHASSEE,URBAN PRIN ART OTHER,DIVIDED,US   27,SR   63,3,LEON,40500,7,45,1,LPI,Implement a Leading Pedestrian Interval (LPI),,LPI-01977,Potential Location,0.870000005,1,5408.8083328125,,,,,,,,,,,,,5408.8083328125,,3,55,55000019 = .76|55010000 = 7.231|55501000 = .024,LAKESHORE DR|N MONROE ST,43000,55010000,55000019,Y,-84.30257008,30.48007929,10,,On-System / On-System,55010000,938,LPI-01977,3,0.024,0.014,0.034,,Off Corridor,,0,0,0,0,58.8,128.9,No Match - Angle Mismatch,,0
50369,114996,55090000,URBAN GENERAL,TALLAHASSEE,URBAN MINOR ART,DIVIDED,,SR  366,3,LEON,29500,4,40,1,LPI,Implement a Leading Pedestrian Interval (LPI),,LPI-00091,Potential Location,0.870000005,1,5408.8083328125,,,,,,,,,,,,,5408.8083328125,,3,55,55090000 = 2.18|55514001 = 0|55A05201 = .186,N OCALA RD|S OCALA RD|W PENSACOLA ST,24250,55090000,55514001,Y,-84.31718993,30.44058219,10,,On-System / On-System,55090000,939,LPI-00091,1,2.18,2.1700000000000004,2.19,N OCALA RD,On Corridor,219485-2,1,104,0.02,100,0,0.8,Verified Match,219485-2,1
50369,114996,55514001,URBAN GENERAL,TALLAHASSEE,URBAN MINOR ART,DIVIDED,,SR  366,3,LEON,29500,4,40,1,LPI,Implement a Leading Pedestrian Interval (LPI),,LPI-00091,Potential Location,0.870000005,1,5408.8083328125,,,,,,,,,,,,,5408.8083328125,,3,55,55090000 = 2.18|55514001 = 0|55A05201 = .186,N OCALA RD|S OCALA RD|W PENSACOLA ST,24250,55090000,55514001,Y,-84.31718993,30.44058219,10,,On-System / On-System,55090000,939,LPI-00091,2,0,0,0.01,S OCALA RD,Off Corridor,,0,0,0,0,87.4,27.3,No Match - Angle Mismatch,,0
50970,103678,48000030,URBAN GENERAL,PENSACOLA,URBAN MINOR ART,DIVIDED,,SR  292,3,ESCAMBIA,27000,6,45,1,LPI,Implement a Leading Pedestrian Interval (LPI),,LPI-01251,Potential Location,0.870000005,1,5408.8083328125,,,,,,,,,,,,,5408.8083328125,,3,48,48000030 = .001|48050000 = 19.865|48050001 = .986,BARRANCAS AVE|S PACE BLVD,28350,48050001,48000030,Y,-87.2422,30.40361489,10,,On-System / On-System,48050001,940,LPI-01251,1,0.001,0,0.011,BARRANCAS AVE,Off Corridor,,0,0,0,0,,,Unmatched,,0
50970,103678,48050000,URBAN GENERAL,PENSACOLA,URBAN MINOR ART,DIVIDED,,SR  292,3,ESCAMBIA,27000,6,45,1,LPI,Implement a Leading Pedestrian Interval (LPI),,LPI-01251,Potential Location,0.870000005,1,5408.8083328125,,,,,,,,,,,,,5408.8083328125,,3,48,48000030 = .001|48050000 = 19.865|48050001 = .986,BARRANCAS AVE|S PACE BLVD,28350,48050001,48000030,Y,-87.2422,30.40361489,10,,On-System / On-System,48050001,940,LPI-01251,2,19.865,19.854999999999997,19.875,S PACE BLVD,Off Corridor,,0,0,0,0,,,Unmatched,,0
50970,103678,48050001,URBAN GENERAL,PENSACOLA,URBAN MINOR ART,DIVIDED,,SR  292,3,ESCAMBIA,27000,6,45,1,LPI,Implement a Leading Pedestrian Interval (LPI),,LPI-01251,Potential Location,0.870000005,1,5408.8083328125,,,,,,,,,,,,,5408.8083328125,,3,48,48000030 = .001|48050000 = 19.865|48050001 = .986,BARRANCAS AVE|S PACE BLVD,28350,48050001,48000030,Y,-87.2422,30.40361489,10,,On-System / On-System,48050001,940,LPI-01251,3,0.986,0.976,0.996,,Off Corridor,,0,0,0,0,,,Unmatched,,0
52451,114560,55040000,URBAN GENERAL,TALLAHASSEE,URBAN PRIN ART OTHER,DIVIDED,,SR   61,3,LEON,19500,4,35,1,LPI,Implement a Leading Pedestrian Interval (LPI),,LPI-02483,Potential Location,0.870000005,1,5408.8083328125,,,,,,,,,,,,,5408.8083328125,,3,55,55040000 = 10.953|55A05678 = 0|55A07095 = .078,E PALMER AVE|PALMER AVE E|S MONROE ST,9450,55040000,55A05678,Y,-84.28062,30.4272603,10,,On-System / Off-System,55040000,941,LPI-02483,1,10.953,10.943,10.963,E PALMER AVE,On Corridor,421635-4,3,106,0.02,100,0,0.4,Verified Match,421635-4,3
52505,113277,55040000,URBAN GENERAL,TALLAHASSEE,URBAN PRIN ART OTHER,DIVIDED,,SR   61,3,LEON,19500,4,35,1,LPI,Implement a Leading Pedestrian Interval (LPI),,LPI-00083,Potential Location,0.870000005,1,5408.8083328125,,,,,,,,,,,,,5408.8083328125,,3,55,55040000 = 10.448|55550000 = .001|55A00425 = .086,E MAGNOLIA DR|S MONROE ST,24000,55040000,55550000,Y,-84.28063,30.41992141,10,,On-System / On-System,55040000,942,LPI-00083,1,10.448,10.438,10.458,E MAGNOLIA DR,Off Corridor,,0,0,0,0,,,Unmatched,,0
52505,113277,55550000,URBAN GENERAL,TALLAHASSEE,URBAN PRIN ART OTHER,DIVIDED,,SR   61,3,LEON,19500,4,35,1,LPI,Implement a Leading Pedestrian Interval (LPI),,LPI-00083,Potential Location,0.870000005,1,5408.8083328125,,,,,,,,,,,,,5408.8083328125,,3,55,55040000 = 10.448|55550000 = .001|55A00425 = .086,E MAGNOLIA DR|S MONROE ST,24000,55040000,55550000,Y,-84.28063,30.41992141,10,,On-System / On-System,55040000,942,LPI-00083,2,0.001,0,0.011,S MONROE ST,Off Corridor,,0,0,0,0,,,Unmatched,,0
52531,114804,53000008,SUBURBAN COMMERCIAL,MARIANNA,URBAN MINOR ART,DIVIDED,US   90,SR   10,3,JACKSON,20300,4,45,1,LPI,Implement a Leading Pedestrian Interval (LPI),,LPI-02303,Potential Location,0.870000005,1,5408.8083328125,,,,,,,,,,,,,5408.8083328125,,3,53,53000008 = 0|53020000 = .343|53A00286 = .055,LAFAYETTE ST|NOLAND ST,11700,53020000,53000008,Y,-85.22107195,30.77388008,10,,On-System / On-System,53020000,943,LPI-02303,1,0,0,0.01,LAFAYETTE ST,Off Corridor,,0,0,0,0,,,Unmatched,,0
52531,114804,53020000,SUBURBAN COMMERCIAL,MARIANNA,URBAN MINOR ART,DIVIDED,US   90,SR   10,3,JACKSON,20300,4,45,1,LPI,Implement a Leading Pedestrian Interval (LPI),,LPI-02303,Potential Location,0.870000005,1,5408.8083328125,,,,,,,,,,,,,5408.8083328125,,3,53,53000008 = 0|53020000 = .343|53A00286 = .055,LAFAYETTE ST|NOLAND ST,11700,53020000,53000008,Y,-85.22107195,30.77388008,10,,On-System / On-System,53020000,943,LPI-02303,2,0.343,0.333,0.35300000000000004,NOLAND ST,Off Corridor,,0,0,0,0,,,Unmatched,,0
52535,105851,48050000,URBAN GENERAL,PENSACOLA,URBAN MINOR ART,DIVIDED,,SR  292,3,ESCAMBIA,25500,4,40,1,LPI,Implement a Leading Pedestrian Interval (LPI),,LPI-01229,Potential Location,0.870000005,1,5408.8083328125,,,,,,,,,,,,,5408.8083328125,,3,48,48050000 = 17.378|48080057 = .085|48A02943 = .838,BARRANCAS AVE|S 2ND ST,13000,48050000,48080057,Y,-87.27631,30.38775008,10,,On-System / On-System,48050000,944,LPI-01229,1,17.378,17.368,17.388,BARRANCAS AVE,On Corridor,218337-2,1,105,0.02,100,1.7,1.2,Verified Match,218337-2,1
52535,105851,48080057,URBAN GENERAL,PENSACOLA,URBAN MINOR ART,DIVIDED,,SR  292,3,ESCAMBIA,25500,4,40,1,LPI,Implement a Leading Pedestrian Interval (LPI),,LPI-01229,Potential Location,0.870000005,1,5408.8083328125,,,,,,,,,,,,,5408.8083328125,,3,48,48050000 = 17.378|48080057 = .085|48A02943 = .838,BARRANCAS AVE|S 2ND ST,13000,48050000,48080057,Y,-87.27631,30.38775008,10,,On-System / On-System,48050000,944,LPI-01229,2,0.085,0.07500000000000001,0.095,S 2ND ST,On Corridor,218337-2,1,104,0.02,100,14.4,79.2,Verified Match,218337-2,1
53029,105995,48020000,URBAN GENERAL,PENSACOLA,URBAN PRIN ART OTHER,DIVIDED,US   90,SR   10A,3,ESCAMBIA,19000,4,35,1,LPI,Implement a Leading Pedestrian Interval (LPI),,LPI-01242,Potential Location,0.870000005,1,5408.8083328125,,,,,,,,,,,,,5408.8083328125,,3,48,48020000 = 12.99|48511000 = .618|48A02356 = .791,MOBILE HWY|N W ST|W CERVANTES ST,24200,48020000,48511000,Y,-87.25028,30.42115975,10,,On-System / On-System,48020000,945,LPI-01242,1,12.99,12.98,13,MOBILE HWY,On Corridor,"457655-2, 456593-2",4,106,0.02,100,0.6,1.4,Verified Match,"457655-2, 456593-2",4
53029,105995,48511000,URBAN GENERAL,PENSACOLA,URBAN PRIN ART OTHER,DIVIDED,US   90,SR   10A,3,ESCAMBIA,19000,4,35,1,LPI,Implement a Leading Pedestrian Interval (LPI),,LPI-01242,Potential Location,0.870000005,1,5408.8083328125,,,,,,,,,,,,,5408.8083328125,,3,48,48020000 = 12.99|48511000 = .618|48A02356 = .791,MOBILE HWY|N W ST|W CERVANTES ST,24200,48020000,48511000,Y,-87.25028,30.42115975,10,,On-System / On-System,48020000,945,LPI-01242,2,0.618,0.608,0.628,N W ST,Off Corridor,,0,0,0,0,75.3,33.5,No Match - Angle Mismatch,,0
53917,111826,55000032,URBAN GENERAL,TALLAHASSEE,URBAN PRIN ART OTHER,DIVIDED,US   90,SR   10,3,LEON,36000,4,35,1,LPI,Implement a Leading Pedestrian Interval (LPI),,LPI-02497,Potential Location,0.870000005,1,5408.8083328125,,,,,,,,,,,,,5408.8083328125,,3,55,55000032 = .635|55020000 = .142,E TENNESSEE ST|N GADSDEN ST,23250,55020000,55000032,Y,-84.27831,30.4447118,10,,On-System / On-System,55020000,946,LPI-02497,1,0.635,0.625,0.645,E TENNESSEE ST,Off Corridor,,0,0,0,0,88.6,0.9,No Match - Angle Mismatch,,0
53917,111826,55020000,URBAN GENERAL,TALLAHASSEE,URBAN PRIN ART OTHER,DIVIDED,US   90,SR   10,3,LEON,36000,4,35,1,LPI,Implement a Leading Pedestrian Interval (LPI),,LPI-02497,Potential Location,0.870000005,1,5408.8083328125,,,,,,,,,,,,,5408.8083328125,,3,55,55000032 = .635|55020000 = .142,E TENNESSEE ST|N GADSDEN ST,23250,55020000,55000032,Y,-84.27831,30.4447118,10,,On-System / On-System,55020000,946,LPI-02497,2,0.142,0.13199999999999998,0.152,N GADSDEN ST,On Corridor,403942-3,3,105,0.02,100,1,0.9,Verified Match,403942-3,3
53923,111826,55000059,URBAN GENERAL,TALLAHASSEE,URBAN PRIN ART OTHER,DIVIDED,US   90,SR   10,3,LEON,36000,4,35,1,LPI,Implement a Leading Pedestrian Interval (LPI),,LPI-02505,Potential Location,0.870000005,1,5408.8083328125,,,,,,,,,,,,,5408.8083328125,,3,55,55000059 = .455|55020000 = .215,E TENNESSEE ST|N MERIDIAN ST,37150,55020000,55000059,Y,-84.27706934,30.44468822,10,,On-System / On-System,55020000,947,LPI-02505,1,0.455,0.445,0.465,E TENNESSEE ST,Off Corridor,,0,0,0,0,87.9,0.2,No Match - Angle Mismatch,,0
53923,111826,55020000,URBAN GENERAL,TALLAHASSEE,URBAN PRIN ART OTHER,DIVIDED,US   90,SR   10,3,LEON,36000,4,35,1,LPI,Implement a Leading Pedestrian Interval (LPI),,LPI-02505,Potential Location,0.870000005,1,5408.8083328125,,,,,,,,,,,,,5408.8083328125,,3,55,55000059 = .455|55020000 = .215,E TENNESSEE ST|N MERIDIAN ST,37150,55020000,55000059,Y,-84.27706934,30.44468822,10,,On-System / On-System,55020000,947,LPI-02505,2,0.215,0.205,0.225,N MERIDIAN ST,On Corridor,403942-3,3,106,0.02,100,1.5,0.9,Verified Match,403942-3,3
55687,112919,53060000,SUBURBAN COMMERCIAL,,RURAL PRIN ART OTHER,NOT DIVIDED,,SR   77,3,JACKSON,4000,2,35,1,LPI,Implement a Leading Pedestrian Interval (LPI),,LPI-00349,Potential Location,0.870000005,1,5408.8083328125,,,,,,,,,,,,,5408.8083328125,,3,53,53060000 = 9.247|53070000 = .959|53A01989 = 0,COTTON ST|WHITE AVE,7800,53060000,53070000,Y,-85.51671631,30.96252905,10,,On-System / On-System,53060000,948,LPI-00349,1,9.247,9.237,9.257,COTTON ST,Off Corridor,,0,0,0,0,,,Unmatched,,0
55687,112919,53070000,SUBURBAN COMMERCIAL,,RURAL PRIN ART OTHER,NOT DIVIDED,,SR   77,3,JACKSON,4000,2,35,1,LPI,Implement a Leading Pedestrian Interval (LPI),,LPI-00349,Potential Location,0.870000005,1,5408.8083328125,,,,,,,,,,,,,5408.8083328125,,3,53,53060000 = 9.247|53070000 = .959|53A01989 = 0,COTTON ST|WHITE AVE,7800,53060000,53070000,Y,-85.51671631,30.96252905,10,,On-System / On-System,53060000,948,LPI-00349,2,0.959,0.949,0.969,WHITE AVE,Off Corridor,,0,0,0,0,,,Unmatched,,0
55710,98722,46020000,URBAN GENERAL,PANAMA CITY,URBAN MINOR ART,DIVIDED,USB  98,SR   30,3,BAY,13400,4,35,1,LPI,Implement a Leading Pedestrian Interval (LPI),,LPI-01213,Potential Location,0.870000005,1,5408.8083328125,,,,,,,,,,,,,5408.8083328125,,3,46,46020000 = 9.094|46080000 = 0|46532000 = 1.23,E 3RD ST|US-98-BR,22050,46020000,46080000,Y,-85.61717811,30.15309703,10,,On-System / On-System,46020000,949,LPI-01213,1,9.094,9.084,9.104,E 3RD ST,On Corridor,454640-1,2,106,0.02,100,0.1,0.3,Verified Match,454640-1,2
55710,98722,46080000,URBAN GENERAL,PANAMA CITY,URBAN MINOR ART,DIVIDED,USB  98,SR   30,3,BAY,13400,4,35,1,LPI,Implement a Leading Pedestrian Interval (LPI),,LPI-01213,Potential Location,0.870000005,1,5408.8083328125,,,,,,,,,,,,,5408.8083328125,,3,46,46020000 = 9.094|46080000 = 0|46532000 = 1.23,E 3RD ST|US-98-BR,22050,46020000,46080000,Y,-85.61717811,30.15309703,10,,On-System / On-System,46020000,949,LPI-01213,2,0,0,0.01,US-98-BR,Off Corridor,,0,0,0,0,56.2,22.2,No Match - Angle Mismatch,,0
55710,98722,46532000,URBAN GENERAL,PANAMA CITY,URBAN MINOR ART,DIVIDED,USB  98,SR   30,3,BAY,13400,4,35,1,LPI,Implement a Leading Pedestrian Interval (LPI),,LPI-01213,Potential Location,0.870000005,1,5408.8083328125,,,,,,,,,,,,,5408.8083328125,,3,46,46020000 = 9.094|46080000 = 0|46532000 = 1.23,E 3RD ST|US-98-BR,22050,46020000,46080000,Y,-85.61717811,30.15309703,10,,On-System / On-System,46020000,949,LPI-01213,3,1.23,1.22,1.24,,Off Corridor,,0,0,0,0,56.2,21.7,No Match - Angle Mismatch,,0
57674,114994,55100000,URBAN GENERAL,TALLAHASSEE,URBAN MAJOR COLLECTOR,DIVIDED,,SR  363,3,LEON,15900,2,40,1,LPI,Implement a Leading Pedestrian Interval (LPI),,LPI-01462,Potential Location,0.870000005,1,5408.8083328125,,,,,,,,,,,,,5408.8083328125,,3,55,55100000 = 1.455|55A00425 = 0|55A00426 = .212,E MAGNOLIA DR|PALMETTO ST|S ADAMS ST,7250,55100000,55A00425,Y,-84.28206003,30.41994972,10,,On-System / Off-System,55100000,950,LPI-01462,1,1.455,1.445,1.465,E MAGNOLIA DR,On Corridor,450811-1,1,106,0.02,100,0.1,0.5,Verified Match,450811-1,1
58652,116119,55005501,URBAN GENERAL,TALLAHASSEE,URBAN PRIN ART OTHER,DIVIDED,US   27,SR   63,3,LEON,24000,4,35,1,LPI,Implement a Leading Pedestrian Interval (LPI),,LPI-02615,Potential Location,0.870000005,1,5408.8083328125,,,,,,,,,,,,,5408.8083328125,,3,55,55005501 = .289|55010000 = 9.416,E 6TH AVE|N MONROE ST,15050,55010000,55005501,Y,-84.2806841,30.45638,10,,On-System / On-System,55010000,951,LPI-02615,1,0.289,0.27899999999999997,0.299,E 6TH AVE,Off Corridor,,0,0,0,0,,,Unmatched,,0
58652,116119,55010000,URBAN GENERAL,TALLAHASSEE,URBAN PRIN ART OTHER,DIVIDED,US   27,SR   63,3,LEON,24000,4,35,1,LPI,Implement a Leading Pedestrian Interval (LPI),,LPI-02615,Potential Location,0.870000005,1,5408.8083328125,,,,,,,,,,,,,5408.8083328125,,3,55,55005501 = .289|55010000 = 9.416,E 6TH AVE|N MONROE ST,15050,55010000,55005501,Y,-84.2806841,30.45638,10,,On-System / On-System,55010000,951,LPI-02615,2,9.416,9.406,9.426,N MONROE ST,Off Corridor,,0,0,0,0,,,Unmatched,,0
58888,115578,55090000,URBAN GENERAL,TALLAHASSEE,URBAN MINOR ART,DIVIDED,,SR  366,3,LEON,29500,4,40,1,LPI,Implement a Leading Pedestrian Interval (LPI),,LPI-02611,Potential Location,0.870000005,1,5408.8083328125,,,,,,,,,,,,,5408.8083328125,,3,55,55090000 = 2.347|55A00392 = 0|55A05120 = .801,N LIPONA RD|S LIPONA RD|W PENSACOLA ST,14250,55090000,55A00392,Y,-84.31441,30.44047018,10,,On-System / Off-System,55090000,952,LPI-02611,1,2.347,2.337,2.3569999999999998,N LIPONA RD,On Corridor,219485-2,1,104,0.02,100,0,0.9,Verified Match,219485-2,1
58933,112413,55005500,URBAN GENERAL,TALLAHASSEE,URBAN PRIN ART OTHER,DIVIDED,US   27,SR   63,3,LEON,24000,4,35,1,LPI,Implement a Leading Pedestrian Interval (LPI),,LPI-00974,Potential Location,0.870000005,1,5408.8083328125,,,,,,,,,,,,,5408.8083328125,,3,55,55005500 = 1.082|55010000 = 9.314,E 7TH AVE|N MONROE ST,22700,55010000,55005500,Y,-84.28074909,30.45785519,10,,On-System / On-System,55010000,953,LPI-00974,1,1.082,1.072,1.092,E 7TH AVE,Off Corridor,,0,0,0,0,,,Unmatched,,0
58933,112413,55010000,URBAN GENERAL,TALLAHASSEE,URBAN PRIN ART OTHER,DIVIDED,US   27,SR   63,3,LEON,24000,4,35,1,LPI,Implement a Leading Pedestrian Interval (LPI),,LPI-00974,Potential Location,0.870000005,1,5408.8083328125,,,,,,,,,,,,,5408.8083328125,,3,55,55005500 = 1.082|55010000 = 9.314,E 7TH AVE|N MONROE ST,22700,55010000,55005500,Y,-84.28074909,30.45785519,10,,On-System / On-System,55010000,953,LPI-00974,2,9.314,9.304,9.324,N MONROE ST,Off Corridor,,0,0,0,0,,,Unmatched,,0
58946,112426,55010000,URBAN GENERAL,TALLAHASSEE,URBAN PRIN ART OTHER,DIVIDED,US   27,SR   63,3,LEON,29500,4,35,1,LPI,Implement a Leading Pedestrian Interval (LPI),,LPI-02502,Potential Location,0.870000005,1,5408.8083328125,,,,,,,,,,,,,5408.8083328125,,3,55,55010000 = 8.899|55580000 = 4.453|55580500 = 0,E THARPE ST|N MONROE ST|W THARPE ST,36200,55010000,55580000,Y,-84.28240955,30.46365908,10,,On-System / On-System,55010000,954,LPI-02502,1,8.899,8.889,8.908999999999999,E THARPE ST,Off Corridor,,0,0,0,0,,,Unmatched,,0
58946,112426,55580000,URBAN GENERAL,TALLAHASSEE,URBAN PRIN ART OTHER,DIVIDED,US   27,SR   63,3,LEON,29500,4,35,1,LPI,Implement a Leading Pedestrian Interval (LPI),,LPI-02502,Potential Location,0.870000005,1,5408.8083328125,,,,,,,,,,,,,5408.8083328125,,3,55,55010000 = 8.899|55580000 = 4.453|55580500 = 0,E THARPE ST|N MONROE ST|W THARPE ST,36200,55010000,55580000,Y,-84.28240955,30.46365908,10,,On-System / On-System,55010000,954,LPI-02502,2,4.453,4.4430000000000005,4.463,N MONROE ST,Off Corridor,,0,0,0,0,,,Unmatched,,0
58946,112426,55580500,URBAN GENERAL,TALLAHASSEE,URBAN PRIN ART OTHER,DIVIDED,US   27,SR   63,3,LEON,29500,4,35,1,LPI,Implement a Leading Pedestrian Interval (LPI),,LPI-02502,Potential Location,0.870000005,1,5408.8083328125,,,,,,,,,,,,,5408.8083328125,,3,55,55010000 = 8.899|55580000 = 4.453|55580500 = 0,E THARPE ST|N MONROE ST|W THARPE ST,36200,55010000,55580000,Y,-84.28240955,30.46365908,10,,On-System / On-System,55010000,954,LPI-02502,3,0,0,0.01,W THARPE ST,Off Corridor,,0,0,0,0,,,Unmatched,,0
59654,113511,55000114,URBAN GENERAL,TALLAHASSEE,URBAN PRIN ART OTHER,DIVIDED,US   27,SR   63,3,LEON,40500,5,45,1,LPI,Implement a Leading Pedestrian Interval (LPI),,LPI-00350,Potential Location,0.870000005,1,5408.8083328125,,,,,,,,,,,,,5408.8083328125,,3,55,55000114 = .005|55010000 = 7.553|55A03760 = .256,BALSAM TER|N MONROE ST|SHARER RD,18500,55010000,55000114,Y,-84.29837035,30.47712311,10,,On-System / On-System,55010000,955,LPI-00350,1,0.005,0,0.015,BALSAM TER,Off Corridor,,0,0,0,0,81,40.3,No Match - Angle Mismatch,,0
59654,113511,55010000,URBAN GENERAL,TALLAHASSEE,URBAN PRIN ART OTHER,DIVIDED,US   27,SR   63,3,LEON,40500,5,45,1,LPI,Implement a Leading Pedestrian Interval (LPI),,LPI-00350,Potential Location,0.870000005,1,5408.8083328125,,,,,,,,,,,,,5408.8083328125,,3,55,55000114 = .005|55010000 = 7.553|55A03760 = .256,BALSAM TER|N MONROE ST|SHARER RD,18500,55010000,55000114,Y,-84.29837035,30.47712311,10,,On-System / On-System,55010000,955,LPI-00350,2,7.553,7.543,7.563,N MONROE ST,On Corridor,"452939-1, 445053-1",2,105,0.02,100,0,0.4,Verified Match,"452939-1, 445053-1",2
59707,115782,53010000,URBAN GENERAL,MARIANNA,URBAN MINOR ART,NOT DIVIDED,US   90,SR   10,3,JACKSON,14346,4,35,1,LPI,Implement a Leading Pedestrian Interval (LPI),,LPI-02614,Potential Location,0.870000005,1,5408.8083328125,,,,,,,,,,,,,5408.8083328125,,3,53,53010000 = 13.921|53110001 = 10.47|53A00028 = .018|53A02030 = 0,CALEDONIA ST|LAFAYETTE ST|MARKET ST,8726,53010000,53110001,Y,-85.2291307,30.77467793,10,,On-System / On-System,53010000,956,LPI-02614,1,13.921,13.911,13.931,CALEDONIA ST,Off Corridor,,0,0,0,0,,,Unmatched,,0
59748,119394,57000110,URBAN GENERAL,1460,URBAN PRIN ART OTHER,DIVIDED,US   98,SR   30,3,OKALOOSA,49000,4,35,1,LPI,Implement a Leading Pedestrian Interval (LPI),,LPI-01238,Potential Location,0.870000005,1,5408.8083328125,,,,,,,,,,,,,5408.8083328125,,3,57,57000110 = 2.171|57030000 = 12.238|57A04105 = 0,MIRACLE STRIP PKWY SE|SANTA ROSA BLVD,32750,57030000,57000110,Y,-86.59794507,30.39798505,10,,On-System / On-System,57030000,957,LPI-01238,1,2.171,2.161,2.1809999999999996,MIRACLE STRIP PKWY SE,Off Corridor,,0,0,0,0,87.8,25.5,No Match - Angle Mismatch,,0
59748,119394,57030000,URBAN GENERAL,1460,URBAN PRIN ART OTHER,DIVIDED,US   98,SR   30,3,OKALOOSA,49000,4,35,1,LPI,Implement a Leading Pedestrian Interval (LPI),,LPI-01238,Potential Location,0.870000005,1,5408.8083328125,,,,,,,,,,,,,5408.8083328125,,3,57,57000110 = 2.171|57030000 = 12.238|57A04105 = 0,MIRACLE STRIP PKWY SE|SANTA ROSA BLVD,32750,57030000,57000110,Y,-86.59794507,30.39798505,10,,On-System / On-System,57030000,957,LPI-01238,2,12.238,12.228,12.248,SANTA ROSA BLVD,On Corridor,415474-2,3,106,0.02,100,0.3,1,Verified Match,415474-2,3
59862,116017,53010000,URBAN GENERAL,MARIANNA,URBAN MINOR ART,DIVIDED,US   90,SR   10,3,JACKSON,14346,4,35,1,LPI,Implement a Leading Pedestrian Interval (LPI),,LPI-01610,Potential Location,0.870000005,1,5408.8083328125,,,,,,,,,,,,,5408.8083328125,,3,53,53010000 = 14.024|53900012 = 0|53A00279 = .177|53A02033 = .085,CONSTITUTION LN|GREEN ST|LAFAYETTE ST,7476,53010000,53900012,Y,-85.2277,30.77415068,10,,On-System / On-System,53010000,958,LPI-01610,1,14.024,14.014,14.033999999999999,CONSTITUTION LN,Off Corridor,,0,0,0,0,,,Unmatched,,0
59862,116017,53900012,URBAN GENERAL,MARIANNA,URBAN MINOR ART,DIVIDED,US   90,SR   10,3,JACKSON,14346,4,35,1,LPI,Implement a Leading Pedestrian Interval (LPI),,LPI-01610,Potential Location,0.870000005,1,5408.8083328125,,,,,,,,,,,,,5408.8083328125,,3,53,53010000 = 14.024|53900012 = 0|53A00279 = .177|53A02033 = .085,CONSTITUTION LN|GREEN ST|LAFAYETTE ST,7476,53010000,53900012,Y,-85.2277,30.77415068,10,,On-System / On-System,53010000,958,LPI-01610,2,0,0,0.01,GREEN ST,Off Corridor,,0,0,0,0,,,Unmatched,,0
60009,120351,57010000,URBAN GENERAL,CRESTVIEW,URBAN MINOR ART,DIVIDED,US   90,SR   10,3,OKALOOSA,17600,4,35,1,LPI,Implement a Leading Pedestrian Interval (LPI),,LPI-00783,Potential Location,0.870000005,1,5408.8083328125,,,,,,,,,,,,,5408.8083328125,,3,57,57010000 = 14.625|57A02063 = 0|57A03935 = .068|57A03959 = .926,HWY 90|N MAIN ST|N WILSON ST|W HICKORY AVE,21550,57010000,57A02063,Y,-86.5743946,30.76192152,10,,On-System / Off-System,57010000,959,LPI-00783,1,14.625,14.615,14.635,HWY 90,Off Corridor,,0,0,0,0,,,Unmatched,,0
61237,120180,57030000,URBAN GENERAL,1460,URBAN PRIN ART OTHER,DIVIDED,US   98,SR   30,3,OKALOOSA,48000,4,35,1,LPI,Implement a Leading Pedestrian Interval (LPI),,LPI-01239,Potential Location,0.870000005,1,5408.8083328125,,,,,,,,,,,,,5408.8083328125,,3,57,57030000 = 19.48|57A04499 = 1.529,GULF SHORE DR|HARBOR BLVD|US-98,52250,57030000,57A03057,Y,-86.48050986,30.38889043,10,,On-System / Off-System,57030000,960,LPI-01239,1,19.48,19.47,19.490000000000002,GULF SHORE DR,On Corridor,414132-7,1,105,0.02,100,0,1.6,Verified Match,414132-7,1
61648,119817,57000113,URBAN GENERAL,1460,URBAN PRIN ART OTHER,DIVIDED,US   98,SR   30,3,OKALOOSA,42500,4,35,1,LPI,Implement a Leading Pedestrian Interval (LPI),,LPI-02118,Potential Location,0.870000005,1,5408.8083328125,,,,,,,,,,,,,5408.8083328125,,3,57,57000113 = .005|57030000 = 17.64,HARBOR BLVD|STAHLMAN AVE|US-98,45950,57030000,57000113,Y,-86.51044428,30.39531645,10,,On-System / On-System,57030000,961,LPI-02118,1,0.005,0,0.015,HARBOR BLVD,Off Corridor,,0,0,0,0,75.1,68.6,No Match - Angle Mismatch,,0
61648,119817,57030000,URBAN GENERAL,1460,URBAN PRIN ART OTHER,DIVIDED,US   98,SR   30,3,OKALOOSA,42500,4,35,1,LPI,Implement a Leading Pedestrian Interval (LPI),,LPI-02118,Potential Location,0.870000005,1,5408.8083328125,,,,,,,,,,,,,5408.8083328125,,3,57,57000113 = .005|57030000 = 17.64,HARBOR BLVD|STAHLMAN AVE|US-98,45950,57030000,57000113,Y,-86.51044428,30.39531645,10,,On-System / On-System,57030000,961,LPI-02118,2,17.64,17.63,17.650000000000002,STAHLMAN AVE,On Corridor,414132-7,1,105,0.02,100,0.8,1.7,Verified Match,414132-7,1
62966,120667,57000018,URBAN GENERAL,1460,URBAN MINOR ART,DIVIDED,,SR  189,3,OKALOOSA,15500,4,35,0,LPI,Implement a Leading Pedestrian Interval (LPI),,LPI-01614,Potential Location,0.870000005,1,5408.8083328125,,,,,,,,,,,,,5408.8083328125,,3,57,57000018 = 2.49|57110000 = .581,BEAL PKWY NE|BEAL PKWY SE|HOLLYWOOD BLVD NE|HOLLYWOOD BLVD NW,30850,57110000,57000018,N,,,10,,On-System / On-System,57110000,962,LPI-01614,1,2.49,2.4800000000000004,2.5,BEAL PKWY NE,Off Corridor,,0,0,0,0,84.8,8.8,No Match - Angle Mismatch,,0
62966,120667,57110000,URBAN GENERAL,1460,URBAN MINOR ART,DIVIDED,,SR  189,3,OKALOOSA,15500,4,35,0,LPI,Implement a Leading Pedestrian Interval (LPI),,LPI-01614,Potential Location,0.870000005,1,5408.8083328125,,,,,,,,,,,,,5408.8083328125,,3,57,57000018 = 2.49|57110000 = .581,BEAL PKWY NE|BEAL PKWY SE|HOLLYWOOD BLVD NE|HOLLYWOOD BLVD NW,30850,57110000,57000018,N,,,10,,On-System / On-System,57110000,962,LPI-01614,2,0.581,0.571,0.591,BEAL PKWY SE,On Corridor,411403-2,1,106,0.02,100,0.1,0.1,Verified Match,411403-2,1
63209,117518,57000039,URBAN GENERAL,1460,URBAN MINOR ART,DIVIDED,,SR  189,3,OKALOOSA,21000,4,35,0,LPI,Implement a Leading Pedestrian Interval (LPI),,LPI-01613,Potential Location,0.870000005,1,5408.8083328125,,,,,,,,,,,,,5408.8083328125,,3,57,57000039 = 0|57110000 = .781,BEAL PKWY NE|WALTER MARTIN RD NE,14850,57110000,57000039,N,,,10,,On-System / On-System,57110000,963,LPI-01613,1,0,0,0.01,BEAL PKWY NE,Off Corridor,,0,0,0,0,78.7,25.7,No Match - Angle Mismatch,,0
63209,117518,57110000,URBAN GENERAL,1460,URBAN MINOR ART,DIVIDED,,SR  189,3,OKALOOSA,21000,4,35,0,LPI,Implement a Leading Pedestrian Interval (LPI),,LPI-01613,Potential Location,0.870000005,1,5408.8083328125,,,,,,,,,,,,,5408.8083328125,,3,57,57000039 = 0|57110000 = .781,BEAL PKWY NE|WALTER MARTIN RD NE,14850,57110000,57000039,N,,,10,,On-System / On-System,57110000,963,LPI-01613,2,0.781,0.771,0.791,WALTER MARTIN RD NE,On Corridor,411403-2,1,106,0.02,100,0.8,0,Verified Match,411403-2,1
64166,117885,57050000,URBAN GENERAL,CRESTVIEW,URBAN PRIN ART OTHER,DIVIDED,,SR   85,3,OKALOOSA,48000,4,35,1,LPI,Implement a Leading Pedestrian Interval (LPI),,LPI-00353,Potential Location,0.870000005,1,5408.8083328125,,,,,,,,,,,,,5408.8083328125,,3,57,57050000 = 17.598|57A03959 = 0|57A04307 = 0,E CANE AVE|S FERDON BLVD|S MAIN ST,41500,57050000,57A03959,Y,-86.56386132,30.75230764,10,,On-System / Off-System,57050000,964,LPI-00353,1,17.598,17.587999999999997,17.608,E CANE AVE,Off Corridor,,0,0,0,0,,,Unmatched,,0
64988,118961,57110000,URBAN GENERAL,1460,URBAN MINOR ART,DIVIDED,,SR  189,3,OKALOOSA,21000,4,35,0,LPI,Implement a Leading Pedestrian Interval (LPI),,LPI-02634,Potential Location,0.870000005,1,5408.8083328125,,,,,,,,,,,,,5408.8083328125,,3,57,57110000 = 1.318|57610001 = 0|57A03891 = .25,ALABAMA AVE NW|BEAL PKWY NE|BEAL PKWY NW|YACHT CLUB DR NE,30250,57110000,57610001,N,,,10,,On-System / On-System,57110000,965,LPI-02634,1,1.318,1.308,1.328,ALABAMA AVE NW,On Corridor,411403-2,1,106,0.02,100,0.3,1,Verified Match,411403-2,1
64988,118961,57610001,URBAN GENERAL,1460,URBAN MINOR ART,DIVIDED,,SR  189,3,OKALOOSA,21000,4,35,0,LPI,Implement a Leading Pedestrian Interval (LPI),,LPI-02634,Potential Location,0.870000005,1,5408.8083328125,,,,,,,,,,,,,5408.8083328125,,3,57,57110000 = 1.318|57610001 = 0|57A03891 = .25,ALABAMA AVE NW|BEAL PKWY NE|BEAL PKWY NW|YACHT CLUB DR NE,30250,57110000,57610001,N,,,10,,On-System / On-System,57110000,965,LPI-02634,2,0,0,0.01,BEAL PKWY NE,Off Corridor,,0,0,0,0,68.5,26,No Match - Angle Mismatch,,0
78058,197826,86028000,URBAN GENERAL,MIAMI,URBAN PRIN ART OTHER,DIVIDED,,SR  834,4,BROWARD,39000,6,45,1,LPI,Implement a Leading Pedestrian Interval (LPI),,LPI-00720,Potential Location,0.870000005,1,5408.8083328125,,,,,,,,,,,,,5408.8083328125,,4,86,86028000 = 8.887|86A11764 = .274,E SAMPLE RD|NE 12TH AVE,26250,86028000,86A06278,Y,-80.10717,26.27536999,10,,On-System / Off-System,86028000,966,LPI-00720,1,8.887,8.877,8.897,E SAMPLE RD,On Corridor,439891-5,1,106,0.02,100,0,0.5,Verified Match,439891-5,1
78101,198482,86000021,URBAN GENERAL,MIAMI,URBAN PRIN ART OTHER,DIVIDED,,SR  834,4,BROWARD,45500,6,45,1,LPI,Implement a Leading Pedestrian Interval (LPI),,LPI-00031,Potential Location,0.870000005,1,5408.8083328125,,,,,,,,,,,,,5408.8083328125,,4,86,86000021 = 1.009|86028000 = .953,RIVERSIDE DR|W SAMPLE RD,54200,86028000,86000021,Y,-80.23487466,26.27220007,10,,On-System / On-System,86028000,967,LPI-00031,1,1.009,0.9989999999999999,1.019,RIVERSIDE DR,Off Corridor,,0,0,0,0,,,Unmatched,,0
78101,198482,86028000,URBAN GENERAL,MIAMI,URBAN PRIN ART OTHER,DIVIDED,,SR  834,4,BROWARD,45500,6,45,1,LPI,Implement a Leading Pedestrian Interval (LPI),,LPI-00031,Potential Location,0.870000005,1,5408.8083328125,,,,,,,,,,,,,5408.8083328125,,4,86,86000021 = 1.009|86028000 = .953,RIVERSIDE DR|W SAMPLE RD,54200,86028000,86000021,Y,-80.23487466,26.27220007,10,,On-System / On-System,86028000,967,LPI-00031,2,0.953,0.943,0.963,W SAMPLE RD,Off Corridor,,0,0,0,0,,,Unmatched,,0
78265,199324,86016000,URBAN GENERAL,MIAMI,URBAN MINOR ART,DIVIDED,,SR  848,4,BROWARD,23500,6,45,1,LPI,Implement a Leading Pedestrian Interval (LPI),,LPI-00860,Potential Location,0.870000005,1,5408.8083328125,,,,,,,,,,,,,5408.8083328125,,4,86,86016000 = 6.527|86A09470 = 0|86A19496 = .886,STIRLING RD|SW 3RD AVE|SW 4TH AVE,9500,86016000,86A09470,Y,-80.14675645,26.04869941,10,,On-System / Off-System,86016000,968,LPI-00860,1,6.527,6.517,6.537,STIRLING RD,On Corridor,446370-1,1,105,0.02,100,0.9,0.4,Verified Match,446370-1,1
78269,199374,86016000,URBAN GENERAL,MIAMI,URBAN MINOR ART,DIVIDED,,SR  848,4,BROWARD,23500,6,45,1,LPI,Implement a Leading Pedestrian Interval (LPI),,LPI-00861,Potential Location,0.870000005,1,5408.8083328125,,,,,,,,,,,,,5408.8083328125,,4,86,86016000 = 6.209|86900325 = 1.031|86A01158 = 0,JA ELY BLVD|STIRLING RD,9500,86016000,86900325,Y,-80.15184988,26.04843849,10,,On-System / On-System,86016000,969,LPI-00861,1,6.209,6.199,6.218999999999999,JA ELY BLVD,On Corridor,446370-1,1,105,0.02,100,0.1,0.4,Verified Match,446370-1,1
78269,199374,86900325,URBAN GENERAL,MIAMI,URBAN MINOR ART,DIVIDED,,SR  848,4,BROWARD,23500,6,45,1,LPI,Implement a Leading Pedestrian Interval (LPI),,LPI-00861,Potential Location,0.870000005,1,5408.8083328125,,,,,,,,,,,,,5408.8083328125,,4,86,86016000 = 6.209|86900325 = 1.031|86A01158 = 0,JA ELY BLVD|STIRLING RD,9500,86016000,86900325,Y,-80.15184988,26.04843849,10,,On-System / On-System,86016000,969,LPI-00861,2,1.031,1.021,1.041,STIRLING RD,On Corridor,"445534-1, 445526-1",2,53,0.01,100,0.8,0.4,Verified Parallel Fallback,"445534-1, 445526-1",2
78271,199379,86000118,URBAN GENERAL,MIAMI,URBAN MINOR ART,DIVIDED,,SR  848,4,BROWARD,46000,6,45,1,LPI,Implement a Leading Pedestrian Interval (LPI),,LPI-00037,Potential Location,0.870000005,1,5408.8083328125,,,,,,,,,,,,,5408.8083328125,,4,86,86000118 = 0|86016000 = 5.196,ANGLERS AVE|STIRLING RD,29200,86016000,86000118,Y,-80.16813101,26.04793054,10,,On-System / On-System,86016000,970,LPI-00037,1,0,0,0.01,ANGLERS AVE,Off Corridor,,0,0,0,0,89.5,45.3,No Match - Angle Mismatch,,0
78271,199379,86016000,URBAN GENERAL,MIAMI,URBAN MINOR ART,DIVIDED,,SR  848,4,BROWARD,46000,6,45,1,LPI,Implement a Leading Pedestrian Interval (LPI),,LPI-00037,Potential Location,0.870000005,1,5408.8083328125,,,,,,,,,,,,,5408.8083328125,,4,86,86000118 = 0|86016000 = 5.196,ANGLERS AVE|STIRLING RD,29200,86016000,86000118,Y,-80.16813101,26.04793054,10,,On-System / On-System,86016000,970,LPI-00037,2,5.196,5.186,5.2059999999999995,STIRLING RD,On Corridor,"446370-1, 439170-1",3,105,0.02,100,0,0.3,Verified Match,"446370-1, 439170-1",3
78328,201502,86000442,URBAN GENERAL,MIAMI,URBAN PRIN ART OTHER,DIVIDED,,SR  834,4,BROWARD,47000,6,45,1,LPI,Implement a Leading Pedestrian Interval (LPI),,LPI-00048,Potential Location,0.870000005,1,5408.8083328125,,,,,,,,,,,,,5408.8083328125,,4,86,86000442 = .653|86028000 = 2.732,NW 62ND AVE|TURTLE CREEK DR|W SAMPLE RD,23350,86028000,86000442,Y,-80.20640056,26.27387094,10,,On-System / On-System,86028000,971,LPI-00048,1,0.653,0.643,0.663,NW 62ND AVE,Off Corridor,,0,0,0,0,,,Unmatched,,0
78328,201502,86028000,URBAN GENERAL,MIAMI,URBAN PRIN ART OTHER,DIVIDED,,SR  834,4,BROWARD,47000,6,45,1,LPI,Implement a Leading Pedestrian Interval (LPI),,LPI-00048,Potential Location,0.870000005,1,5408.8083328125,,,,,,,,,,,,,5408.8083328125,,4,86,86000442 = .653|86028000 = 2.732,NW 62ND AVE|TURTLE CREEK DR|W SAMPLE RD,23350,86028000,86000442,Y,-80.20640056,26.27387094,10,,On-System / On-System,86028000,971,LPI-00048,2,2.732,2.7220000000000004,2.742,TURTLE CREEK DR,Off Corridor,,0,0,0,0,,,Unmatched,,0
78373,201696,86028000,URBAN GENERAL,MIAMI,URBAN PRIN ART OTHER,DIVIDED,,SR  834,4,BROWARD,57500,6,35,1,LPI,Implement a Leading Pedestrian Interval (LPI),,LPI-00872,Potential Location,0.870000005,1,5408.8083328125,,,,,,,,,,,,,5408.8083328125,,4,86,86028000 = 7.446|86A07388 = .206|86A07395 = .013,NW 5TH AVE|W SAMPLE RD,26000,86028000,86A07388,Y,-80.13041993,26.275,10,,On-System / Off-System,86028000,972,LPI-00872,1,7.446,7.436,7.4559999999999995,NW 5TH AVE,On Corridor,"439891-5, 451406-1",2,106,0.02,100,0.5,0.4,Verified Match,"439891-5, 451406-1",2
78404,200094,86050000,URBAN GENERAL,MIAMI,URBAN MINOR ART,DIVIDED,,SR  A1A,4,BROWARD,19300,4,35,1,LPI,Implement a Leading Pedestrian Interval (LPI),,LPI-00055,Potential Location,0.870000005,1,5408.8083328125,,,,,,,,,,,,,5408.8083328125,,4,86,86050000 = 4.716|86A00320 = .106|86A00326 = .012,N OCEAN BLVD|NE 23RD ST,10300,86050000,86A00320,Y,-80.10123872,26.1578452,10,,On-System / Off-System,86050000,973,LPI-00055,1,4.716,4.706,4.726,N OCEAN BLVD,On Corridor,"444120-1, 451576-3",6,106,0.02,100,0,0.5,Verified Match,"444120-1, 451576-3",6
78505,201998,86028000,URBAN GENERAL,MIAMI,URBAN PRIN ART OTHER,DIVIDED,,SR  834,4,BROWARD,59000,6,45,1,LPI,Implement a Leading Pedestrian Interval (LPI),,LPI-00875,Potential Location,0.870000005,1,5408.8083328125,,,,,,,,,,,,,5408.8083328125,,4,86,86028000 = 3.021|86100000 = 20.893,SR-7|W SAMPLE RD,89500,86028000,86100000,Y,,,10,,On-System / On-System,86028000,974,LPI-00875,1,3.021,3.011,3.0309999999999997,SR-7,On Corridor,439891-5,1,106,0.02,100,1.4,5.7,Verified Match,439891-5,1
78505,201998,86100000,URBAN GENERAL,MIAMI,URBAN PRIN ART OTHER,DIVIDED,,SR  834,4,BROWARD,59000,6,45,1,LPI,Implement a Leading Pedestrian Interval (LPI),,LPI-00875,Potential Location,0.870000005,1,5408.8083328125,,,,,,,,,,,,,5408.8083328125,,4,86,86028000 = 3.021|86100000 = 20.893,SR-7|W SAMPLE RD,89500,86028000,86100000,Y,,,10,,On-System / On-System,86028000,974,LPI-00875,2,20.893,20.883,20.903000000000002,W SAMPLE RD,On Corridor,"439891-5, 457381-1",2,106,0.02,100,0.2,0.6,Verified Match,"439891-5, 457381-1",2
78509,200213,86000023,URBAN GENERAL,MIAMI,URBAN PRIN ART OTHER,DIVIDED,,SR  834,4,BROWARD,47000,6,45,1,LPI,Implement a Leading Pedestrian Interval (LPI),,LPI-00042,Potential Location,0.870000005,1,5408.8083328125,,,,,,,,,,,,,5408.8083328125,,4,86,86000023 = 1.35|86028000 = 1.686,N ROCK ISLAND RD|ROCK ISLAND RD|W SAMPLE RD,57300,86028000,86000023,Y,-80.22307397,26.27211258,10,,On-System / On-System,86028000,975,LPI-00042,1,1.35,1.34,1.36,N ROCK ISLAND RD,Off Corridor,,0,0,0,0,,,Unmatched,,0
78509,200213,86028000,URBAN GENERAL,MIAMI,URBAN PRIN ART OTHER,DIVIDED,,SR  834,4,BROWARD,47000,6,45,1,LPI,Implement a Leading Pedestrian Interval (LPI),,LPI-00042,Potential Location,0.870000005,1,5408.8083328125,,,,,,,,,,,,,5408.8083328125,,4,86,86000023 = 1.35|86028000 = 1.686,N ROCK ISLAND RD|ROCK ISLAND RD|W SAMPLE RD,57300,86028000,86000023,Y,-80.22307397,26.27211258,10,,On-System / On-System,86028000,975,LPI-00042,2,1.686,1.676,1.696,ROCK ISLAND RD,Off Corridor,,0,0,0,0,,,Unmatched,,0
84419,195945,86005000,URBAN GENERAL,MIAMI,URBAN MINOR ART,DIVIDED,,SR  838,4,BROWARD,34500,6,35,1,LPI,Implement a Leading Pedestrian Interval (LPI),,LPI-02043,Potential Location,0.870000005,1,5408.8083328125,,,,,,,,,,,,,5408.8083328125,,4,86,86005000 = .173,E SUNRISE BLVD,15750,86005000,86A17354,N,,,10,,On-System / Off-System,86005000,976,LPI-02043,1,0.173,0.16299999999999998,0.183,E SUNRISE BLVD,On Corridor,"441955-1, 441754-1",5,107,0.02,100,1.6,0.5,Verified Match,"441955-1, 441754-1",5
84433,195996,86015000,URBAN GENERAL,MIAMI,URBAN PRIN ART OTHER,DIVIDED,,SR  818,4,BROWARD,34000,6,45,1,LPI,Implement a Leading Pedestrian Interval (LPI),,LPI-00845,Potential Location,0.870000005,1,5408.8083328125,,,,,,,,,,,,,5408.8083328125,,4,86,86015000 = 8.451|86A19054 = 0|86A19103 = .401,GRIFFIN RD|SW 28TH AVE|SW 28TH TER,15000,86015000,86A19054,Y,-80.17904562,26.06244633,10,,On-System / Off-System,86015000,977,LPI-00845,1,8.451,8.441,8.461,GRIFFIN RD,Off Corridor,,0,0,0,0,,,Unmatched,,0
84487,196428,86010000,URBAN GENERAL,MIAMI,URBAN PRIN ART OTHER,DIVIDED,US    1,SR    5,4,BROWARD,50500,6,40,1,LPI,Implement a Leading Pedestrian Interval (LPI),,LPI-02046,Potential Location,0.870000005,1,5408.8083328125,,,,,,,,,,,,,5408.8083328125,,4,86,86010000 = 8.291|86010001 = 2.537|86080000 = 19.719,SE 6TH AVE|SR-84,60300,86010000,86010001,Y,-80.13664,26.09276993,10,,On-System / On-System,86010000,978,LPI-02046,1,8.291,8.281,8.301,SE 6TH AVE,On Corridor,457345-1,1,106,0.02,100,0.1,0.5,Verified Match,457345-1,1
84487,196428,86010001,URBAN GENERAL,MIAMI,URBAN PRIN ART OTHER,DIVIDED,US    1,SR    5,4,BROWARD,50500,6,40,1,LPI,Implement a Leading Pedestrian Interval (LPI),,LPI-02046,Potential Location,0.870000005,1,5408.8083328125,,,,,,,,,,,,,5408.8083328125,,4,86,86010000 = 8.291|86010001 = 2.537|86080000 = 19.719,SE 6TH AVE|SR-84,60300,86010000,86010001,Y,-80.13664,26.09276993,10,,On-System / On-System,86010000,978,LPI-02046,2,2.537,2.527,2.5469999999999997,SR-84,On Corridor,457345-1,1,105,0.02,100,0,0.5,Verified Match,457345-1,1
84487,196428,86080000,URBAN GENERAL,MIAMI,URBAN PRIN ART OTHER,DIVIDED,US    1,SR    5,4,BROWARD,50500,6,40,1,LPI,Implement a Leading Pedestrian Interval (LPI),,LPI-02046,Potential Location,0.870000005,1,5408.8083328125,,,,,,,,,,,,,5408.8083328125,,4,86,86010000 = 8.291|86010001 = 2.537|86080000 = 19.719,SE 6TH AVE|SR-84,60300,86010000,86010001,Y,-80.13664,26.09276993,10,,On-System / On-System,86010000,978,LPI-02046,3,19.719,19.709,19.729000000000003,,On Corridor,"447552-1, 454754-1",4,106,0.02,100,0.4,0.4,Verified Match,"447552-1, 454754-1",4
84567,196961,86000288,SUBURBAN COMMERCIAL,MIAMI,URBAN PRIN ART OTHER,DIVIDED,US    1,SR    5,4,BROWARD,40000,6,35,1,LPI,Implement a Leading Pedestrian Interval (LPI),,LPI-00714,Potential Location,0.870000005,1,5408.8083328125,,,,,,,,,,,,,5408.8083328125,,4,86,86000288 = .028|86010001 = .278|86015000 = 10.708,GRIFFIN RD|N FEDERAL HWY|TAYLOR RD,34300,86010001,86015000,Y,-80.14240139,26.06331229,10,,On-System / On-System,86010001,979,LPI-00714,1,0.028,0.018000000000000002,0.038,GRIFFIN RD,On Corridor,457344-1,1,105,0.02,100,9.9,105.4,Verified Match,457344-1,1
84567,196961,86010001,SUBURBAN COMMERCIAL,MIAMI,URBAN PRIN ART OTHER,DIVIDED,US    1,SR    5,4,BROWARD,40000,6,35,1,LPI,Implement a Leading Pedestrian Interval (LPI),,LPI-00714,Potential Location,0.870000005,1,5408.8083328125,,,,,,,,,,,,,5408.8083328125,,4,86,86000288 = .028|86010001 = .278|86015000 = 10.708,GRIFFIN RD|N FEDERAL HWY|TAYLOR RD,34300,86010001,86015000,Y,-80.14240139,26.06331229,10,,On-System / On-System,86010001,979,LPI-00714,2,0.278,0.268,0.28800000000000003,N FEDERAL HWY,On Corridor,457344-1,1,105,0.02,100,0.5,0.6,Verified Match,457344-1,1
84567,196961,86015000,SUBURBAN COMMERCIAL,MIAMI,URBAN PRIN ART OTHER,DIVIDED,US    1,SR    5,4,BROWARD,40000,6,35,1,LPI,Implement a Leading Pedestrian Interval (LPI),,LPI-00714,Potential Location,0.870000005,1,5408.8083328125,,,,,,,,,,,,,5408.8083328125,,4,86,86000288 = .028|86010001 = .278|86015000 = 10.708,GRIFFIN RD|N FEDERAL HWY|TAYLOR RD,34300,86010001,86015000,Y,-80.14240139,26.06331229,10,,On-System / On-System,86010001,979,LPI-00714,3,10.708,10.698,10.718,TAYLOR RD,On Corridor,457344-1,1,105,0.02,100,0.9,0.4,Verified Match,457344-1,1
84579,197073,86010000,URBAN GENERAL,MIAMI,URBAN PRIN ART OTHER,DIVIDED,US    1,SR    5,4,BROWARD,44500,4,35,1,LPI,Implement a Leading Pedestrian Interval (LPI),,LPI-00024,Potential Location,0.870000005,1,5408.8083328125,,,,,,,,,,,,,5408.8083328125,,4,86,86010000 = 5.562|86900110 = .764|86A01665 = 0,N FEDERAL HWY|NE 1ST ST|NW 1ST ST,19750,86010000,86900110,Y,-80.14372803,26.05409004,10,,On-System / On-System,86010000,980,LPI-00024,1,5.562,5.5520000000000005,5.572,N FEDERAL HWY,On Corridor,"449815-1, 457345-1",3,106,0.02,100,0,0.4,Verified Match,"449815-1, 457345-1",3
84579,197073,86900110,URBAN GENERAL,MIAMI,URBAN PRIN ART OTHER,DIVIDED,US    1,SR    5,4,BROWARD,44500,4,35,1,LPI,Implement a Leading Pedestrian Interval (LPI),,LPI-00024,Potential Location,0.870000005,1,5408.8083328125,,,,,,,,,,,,,5408.8083328125,,4,86,86010000 = 5.562|86900110 = .764|86A01665 = 0,N FEDERAL HWY|NE 1ST ST|NW 1ST ST,19750,86010000,86900110,Y,-80.14372803,26.05409004,10,,On-System / On-System,86010000,980,LPI-00024,2,0.764,0.754,0.774,NE 1ST ST,Off Corridor,,0,0,0,0,85.9,26,No Match - Angle Mismatch,,0
84597,197141,86000106,URBAN GENERAL,MIAMI,URBAN PRIN ART OTHER,DIVIDED,US    1,SR    5,4,BROWARD,30125,4,35,1,LPI,Implement a Leading Pedestrian Interval (LPI),,LPI-00849,Potential Location,0.870000005,1,5408.8083328125,,,,,,,,,,,,,5408.8083328125,,4,86,86000106 = .003|86000109 = 1.83|86010000 = 2.041,S FEDERAL HWY|WASHINGTON ST,18605,86010000,86000109,Y,-80.14284508,26.00415,10,,On-System / On-System,86010000,981,LPI-00849,1,0.003,0,0.013000000000000001,S FEDERAL HWY,Off Corridor,,0,0,0,0,,,Unmatched,,0
84597,197141,86000109,URBAN GENERAL,MIAMI,URBAN PRIN ART OTHER,DIVIDED,US    1,SR    5,4,BROWARD,30125,4,35,1,LPI,Implement a Leading Pedestrian Interval (LPI),,LPI-00849,Potential Location,0.870000005,1,5408.8083328125,,,,,,,,,,,,,5408.8083328125,,4,86,86000106 = .003|86000109 = 1.83|86010000 = 2.041,S FEDERAL HWY|WASHINGTON ST,18605,86010000,86000109,Y,-80.14284508,26.00415,10,,On-System / On-System,86010000,981,LPI-00849,2,1.83,1.82,1.84,WASHINGTON ST,Off Corridor,,0,0,0,0,,,Unmatched,,0
84597,197141,86010000,URBAN GENERAL,MIAMI,URBAN PRIN ART OTHER,DIVIDED,US    1,SR    5,4,BROWARD,30125,4,35,1,LPI,Implement a Leading Pedestrian Interval (LPI),,LPI-00849,Potential Location,0.870000005,1,5408.8083328125,,,,,,,,,,,,,5408.8083328125,,4,86,86000106 = .003|86000109 = 1.83|86010000 = 2.041,S FEDERAL HWY|WASHINGTON ST,18605,86010000,86000109,Y,-80.14284508,26.00415,10,,On-System / On-System,86010000,981,LPI-00849,3,2.041,2.031,2.0509999999999997,,Off Corridor,,0,0,0,0,,,Unmatched,,0
84705,193280,86010000,URBAN GENERAL,MIAMI,URBAN PRIN ART OTHER,DIVIDED,US    1,SR    5,4,BROWARD,33000,4,35,1,LPI,Implement a Leading Pedestrian Interval (LPI),,LPI-00709,Potential Location,0.870000005,1,5408.8083328125,,,,,,,,,,,,,5408.8083328125,,4,86,86010000 = 5.19|86016000 = 6.726|86A19489 = 0|86A34769 = .097,S FEDERAL HWY|SE 2ND ST|STIRLING RD,26000,86010000,86016000,Y,-80.14357515,26.04869637,10,,On-System / On-System,86010000,982,LPI-00709,1,5.19,5.180000000000001,5.2,S FEDERAL HWY,On Corridor,"449815-1, 457345-1",3,106,0.02,100,0,0.4,Verified Match,"449815-1, 457345-1",3
84705,193280,86016000,URBAN GENERAL,MIAMI,URBAN PRIN ART OTHER,DIVIDED,US    1,SR    5,4,BROWARD,33000,4,35,1,LPI,Implement a Leading Pedestrian Interval (LPI),,LPI-00709,Potential Location,0.870000005,1,5408.8083328125,,,,,,,,,,,,,5408.8083328125,,4,86,86010000 = 5.19|86016000 = 6.726|86A19489 = 0|86A34769 = .097,S FEDERAL HWY|SE 2ND ST|STIRLING RD,26000,86010000,86016000,Y,-80.14357515,26.04869637,10,,On-System / On-System,86010000,982,LPI-00709,2,6.726,6.716,6.736,SE 2ND ST,On Corridor,"446370-1, 457345-1",2,53,0.01,100,20.7,0.5,Verified Parallel Fallback,"446370-1, 457345-1",2
84724,193375,86015000,URBAN GENERAL,MIAMI,URBAN PRIN ART OTHER,DIVIDED,,SR  818,4,BROWARD,29500,6,45,1,LPI,Implement a Leading Pedestrian Interval (LPI),,LPI-00710,Potential Location,0.870000005,1,5408.8083328125,,,,,,,,,,,,,5408.8083328125,,4,86,86015000 = 10.525|86A09360 = .018|86A09363 = .803,GRIFFIN RD|NW 10TH ST|S PERIMETER RD,10450,86015000,86A09360,Y,-80.14571,26.06332328,10,,On-System / Off-System,86015000,983,LPI-00710,1,10.525,10.515,10.535,GRIFFIN RD,On Corridor,457344-1,1,105,0.02,100,0.7,0.4,Verified Match,457344-1,1
85531,192786,86005000,URBAN GENERAL,MIAMI,URBAN MINOR ART,DIVIDED,,SR  838,4,BROWARD,23500,6,35,1,LPI,Implement a Leading Pedestrian Interval (LPI),,LPI-00840,Potential Location,0.870000005,1,5408.8083328125,,,,,,,,,,,,,5408.8083328125,,4,86,86005000 = .702|86A01247 = .242|86A01248 = 0,E SUNRISE BLVD|NE 26TH AVE|SEMINOLE DR,24750,86005000,86A01247,Y,-80.11087497,26.13798483,10,,On-System / Off-System,86005000,984,LPI-00840,1,0.702,0.692,0.712,E SUNRISE BLVD,On Corridor,"441754-1, 441456-1",2,106,0.02,100,0,0.4,Verified Match,"441754-1, 441456-1",2
85689,195096,86000117,URBAN GENERAL,MIAMI,URBAN PRIN ART OTHER,DIVIDED,US    1,SR    5,4,BROWARD,44500,4,35,1,LPI,Implement a Leading Pedestrian Interval (LPI),,LPI-00843,Potential Location,0.870000005,1,5408.8083328125,,,,,,,,,,,,,5408.8083328125,,4,86,86000117 = 1.107|86010000 = 5.919,N FEDERAL HWY|OLD GRIFFIN RD,22250,86010000,86000117,Y,-80.14391556,26.05927,10,,On-System / On-System,86010000,985,LPI-00843,1,1.107,1.097,1.117,N FEDERAL HWY,Off Corridor,,0,0,0,0,86.2,26.7,No Match - Angle Mismatch,,0
85689,195096,86010000,URBAN GENERAL,MIAMI,URBAN PRIN ART OTHER,DIVIDED,US    1,SR    5,4,BROWARD,44500,4,35,1,LPI,Implement a Leading Pedestrian Interval (LPI),,LPI-00843,Potential Location,0.870000005,1,5408.8083328125,,,,,,,,,,,,,5408.8083328125,,4,86,86000117 = 1.107|86010000 = 5.919,N FEDERAL HWY|OLD GRIFFIN RD,22250,86010000,86000117,Y,-80.14391556,26.05927,10,,On-System / On-System,86010000,985,LPI-00843,2,5.919,5.909,5.928999999999999,OLD GRIFFIN RD,On Corridor,"449815-1, 449243-1, 457345-1",4,106,0.02,100,0.3,0.5,Verified Match,"449815-1, 449243-1, 457345-1",4
85833,195313,86000212,URBAN GENERAL,MIAMI,URBAN PRIN ART OTHER,DIVIDED,US    1,SR    5,4,BROWARD,35000,4,35,1,LPI,Implement a Leading Pedestrian Interval (LPI),,LPI-00716,Potential Location,0.870000005,1,5408.8083328125,,,,,,,,,,,,,5408.8083328125,,4,86,86000212 = .004|86010000 = 1.403,ATLANTIC SHORES BLVD|N FEDERAL HWY,20900,86010000,86000212,Y,-80.14261765,25.99489,10,,On-System / On-System,86010000,986,LPI-00716,1,0.004,0,0.014,ATLANTIC SHORES BLVD,Off Corridor,,0,0,0,0,,,Unmatched,,0
85833,195313,86010000,URBAN GENERAL,MIAMI,URBAN PRIN ART OTHER,DIVIDED,US    1,SR    5,4,BROWARD,35000,4,35,1,LPI,Implement a Leading Pedestrian Interval (LPI),,LPI-00716,Potential Location,0.870000005,1,5408.8083328125,,,,,,,,,,,,,5408.8083328125,,4,86,86000212 = .004|86010000 = 1.403,ATLANTIC SHORES BLVD|N FEDERAL HWY,20900,86010000,86000212,Y,-80.14261765,25.99489,10,,On-System / On-System,86010000,986,LPI-00716,2,1.403,1.393,1.413,N FEDERAL HWY,Off Corridor,,0,0,0,0,,,Unmatched,,0
85909,195551,86000081,URBAN GENERAL,MIAMI,URBAN PRIN ART OTHER,DIVIDED,,SR  818,4,BROWARD,38000,6,45,1,LPI,Implement a Leading Pedestrian Interval (LPI),,LPI-00019,Potential Location,0.870000005,1,5408.8083328125,,,,,,,,,,,,,5408.8083328125,,4,86,86000081 = 1.328|86015000 = 3.308|86A00856 = .104,GRIFFIN RD|S PINE ISLAND RD,39150,86015000,86000081,Y,-80.2602251,26.06448187,10,,On-System / On-System,86015000,987,LPI-00019,1,1.328,1.318,1.338,GRIFFIN RD,Off Corridor,,0,0,0,0,89.1,30.5,No Match - Angle Mismatch,,0
85909,195551,86015000,URBAN GENERAL,MIAMI,URBAN PRIN ART OTHER,DIVIDED,,SR  818,4,BROWARD,38000,6,45,1,LPI,Implement a Leading Pedestrian Interval (LPI),,LPI-00019,Potential Location,0.870000005,1,5408.8083328125,,,,,,,,,,,,,5408.8083328125,,4,86,86000081 = 1.328|86015000 = 3.308|86A00856 = .104,GRIFFIN RD|S PINE ISLAND RD,39150,86015000,86000081,Y,-80.2602251,26.06448187,10,,On-System / On-System,86015000,987,LPI-00019,2,3.308,3.298,3.3179999999999996,S PINE ISLAND RD,On Corridor,448399-1,1,105,0.02,100,0,0.2,Verified Match,448399-1,1
86033,194180,86010000,URBAN GENERAL,MIAMI,URBAN PRIN ART OTHER,DIVIDED,US    1,SR    5,4,BROWARD,33000,4,35,1,LPI,Implement a Leading Pedestrian Interval (LPI),,LPI-00014,Potential Location,0.870000005,1,5408.8083328125,,,,,,,,,,,,,5408.8083328125,,4,86,86010000 = 5.438|86030000 = 7.469|86A19386 = .174,E DANIA BEACH BLVD|N FEDERAL HWY|S FEDERAL HWY|W DANIA BEACH BLVD,16500,86010000,86030000,Y,-80.14365996,26.05229894,10,,On-System / On-System,86010000,988,LPI-00014,1,5.438,5.428,5.4479999999999995,E DANIA BEACH BLVD,On Corridor,"449815-1, 457345-1",3,106,0.02,100,0,0.4,Verified Match,"449815-1, 457345-1",3
86039,194251,86000107,URBAN GENERAL,MIAMI,URBAN PRIN ART OTHER,DIVIDED,US    1,SR    5,4,BROWARD,35000,4,35,1,LPI,Implement a Leading Pedestrian Interval (LPI),,LPI-00021,Potential Location,0.870000005,1,5408.8083328125,,,,,,,,,,,,,5408.8083328125,,4,86,86000107 = .004|86010000 = 1.529|86018000 = 6.542,E PEMBROKE RD|MOFFETT ST|N FEDERAL HWY|S FEDERAL HWY,45405,86010000,86018000,Y,-80.14269522,25.99673,10,,On-System / On-System,86010000,989,LPI-00021,1,0.004,0,0.014,E PEMBROKE RD,Off Corridor,,0,0,0,0,,,Unmatched,,0
86039,194251,86010000,URBAN GENERAL,MIAMI,URBAN PRIN ART OTHER,DIVIDED,US    1,SR    5,4,BROWARD,35000,4,35,1,LPI,Implement a Leading Pedestrian Interval (LPI),,LPI-00021,Potential Location,0.870000005,1,5408.8083328125,,,,,,,,,,,,,5408.8083328125,,4,86,86000107 = .004|86010000 = 1.529|86018000 = 6.542,E PEMBROKE RD|MOFFETT ST|N FEDERAL HWY|S FEDERAL HWY,45405,86010000,86018000,Y,-80.14269522,25.99673,10,,On-System / On-System,86010000,989,LPI-00021,2,1.529,1.519,1.539,MOFFETT ST,Off Corridor,,0,0,0,0,,,Unmatched,,0
86039,194251,86018000,URBAN GENERAL,MIAMI,URBAN PRIN ART OTHER,DIVIDED,US    1,SR    5,4,BROWARD,35000,4,35,1,LPI,Implement a Leading Pedestrian Interval (LPI),,LPI-00021,Potential Location,0.870000005,1,5408.8083328125,,,,,,,,,,,,,5408.8083328125,,4,86,86000107 = .004|86010000 = 1.529|86018000 = 6.542,E PEMBROKE RD|MOFFETT ST|N FEDERAL HWY|S FEDERAL HWY,45405,86010000,86018000,Y,-80.14269522,25.99673,10,,On-System / On-System,86010000,989,LPI-00021,3,6.542,6.532,6.552,N FEDERAL HWY,Off Corridor,,0,0,0,0,,,Unmatched,,0
86059,194388,86000113,URBAN GENERAL,MIAMI,URBAN PRIN ART OTHER,DIVIDED,US    1,SR    5,4,BROWARD,30000,4,35,1,LPI,Implement a Leading Pedestrian Interval (LPI),,LPI-02041,Potential Location,0.870000005,1,5408.8083328125,,,,,,,,,,,,,5408.8083328125,,4,86,86000113 = 0|86010000 = 3.644|86021501 = 1.455,N FEDERAL HWY|TAFT ST,18450,86010000,86021501,Y,-80.14327,26.02626181,10,,On-System / On-System,86010000,990,LPI-02041,1,0,0,0.01,N FEDERAL HWY,On Corridor,457345-1,2,53,0.01,100,0,0.4,Verified Parallel Fallback,457345-1,2
86059,194388,86010000,URBAN GENERAL,MIAMI,URBAN PRIN ART OTHER,DIVIDED,US    1,SR    5,4,BROWARD,30000,4,35,1,LPI,Implement a Leading Pedestrian Interval (LPI),,LPI-02041,Potential Location,0.870000005,1,5408.8083328125,,,,,,,,,,,,,5408.8083328125,,4,86,86000113 = 0|86010000 = 3.644|86021501 = 1.455,N FEDERAL HWY|TAFT ST,18450,86010000,86021501,Y,-80.14327,26.02626181,10,,On-System / On-System,86010000,990,LPI-02041,2,3.644,3.6340000000000003,3.654,TAFT ST,On Corridor,"457344-1, 457345-1",2,106,0.02,100,0,0.4,Verified Match,"457344-1, 457345-1",2
86059,194388,86021501,URBAN GENERAL,MIAMI,URBAN PRIN ART OTHER,DIVIDED,US    1,SR    5,4,BROWARD,30000,4,35,1,LPI,Implement a Leading Pedestrian Interval (LPI),,LPI-02041,Potential Location,0.870000005,1,5408.8083328125,,,,,,,,,,,,,5408.8083328125,,4,86,86000113 = 0|86010000 = 3.644|86021501 = 1.455,N FEDERAL HWY|TAFT ST,18450,86010000,86021501,Y,-80.14327,26.02626181,10,,On-System / On-System,86010000,990,LPI-02041,3,1.455,1.445,1.465,,On Corridor,457345-1,2,53,0.01,100,0.6,0.4,Verified Parallel Fallback,457345-1,2
87577,196972,86014000,URBAN GENERAL,MIAMI,URBAN PRIN ART OTHER,DIVIDED,,SR  870,4,BROWARD,73000,6,45,1,LPI,Implement a Leading Pedestrian Interval (LPI),,LPI-00023,Potential Location,0.870000005,1,5408.8083328125,,,,,,,,,,,,,5408.8083328125,,4,86,86014000 = 2.144|86A03520 = 0|86A13939 = .451,NW 50TH AVE|NW 50TH TER|W COMMERCIAL BLVD,39000,86014000,86A03520,Y,-80.21754,26.19382997,10,,On-System / Off-System,86014000,991,LPI-00023,1,2.144,2.1340000000000003,2.154,NW 50TH AVE,On Corridor,"441944-1, 452076-1",4,105,0.02,100,1,0.3,Verified Match,"441944-1, 452076-1",4
88328,192819,86006000,URBAN GENERAL,MIAMI,URBAN PRIN ART OTHER,DIVIDED,,SR  842,4,BROWARD,49500,6,35,1,LPI,Implement a Leading Pedestrian Interval (LPI),,LPI-02037,Potential Location,0.870000005,1,5408.8083328125,,,,,,,,,,,,,5408.8083328125,,4,86,86006000 = 6.464|86A01532 = 0|86A06948 = .121,COMMODORE BROOK AVE|NW 5TH AVE|W BROWARD BLVD,23750,86006000,86A01532,Y,-80.14854501,26.12223516,10,,On-System / Off-System,86006000,992,LPI-02037,1,6.464,6.454000000000001,6.474,COMMODORE BROOK AVE,Off Corridor,,0,0,0,0,,,Unmatched,,0
88690,196513,86000260,URBAN GENERAL,MIAMI,URBAN PRIN ART OTHER,DIVIDED,,SR  842,4,BROWARD,44500,6,40,1,LPI,Implement a Leading Pedestrian Interval (LPI),,LPI-00842,Potential Location,0.870000005,1,5408.8083328125,,,,,,,,,,,,,5408.8083328125,,4,86,86000260 = .001|86006000 = 4.965,SW 1ST ST|W BROWARD BLVD,21875,86006000,86000260,Y,-80.1726291,26.12157318,10,,On-System / On-System,86006000,993,LPI-00842,1,0.001,0,0.011,SW 1ST ST,On Corridor,"454279-1, 435513-1",7,52,0.01,100,12.6,0.5,Verified Parallel Fallback,"454279-1, 435513-1",7
88690,196513,86006000,URBAN GENERAL,MIAMI,URBAN PRIN ART OTHER,DIVIDED,,SR  842,4,BROWARD,44500,6,40,1,LPI,Implement a Leading Pedestrian Interval (LPI),,LPI-00842,Potential Location,0.870000005,1,5408.8083328125,,,,,,,,,,,,,5408.8083328125,,4,86,86000260 = .001|86006000 = 4.965,SW 1ST ST|W BROWARD BLVD,21875,86006000,86000260,Y,-80.1726291,26.12157318,10,,On-System / On-System,86006000,993,LPI-00842,2,4.965,4.955,4.975,W BROWARD BLVD,On Corridor,"446999-1, 435513-1",7,105,0.02,100,0,0.4,Verified Match,"446999-1, 435513-1",7
89799,198069,86020000,URBAN GENERAL,MIAMI,URBAN PRIN ART OTHER,DIVIDED,US    1,SR    5,4,BROWARD,44000,6,45,1,LPI,Implement a Leading Pedestrian Interval (LPI),,LPI-02055,Potential Location,0.870000005,1,5408.8083328125,,,,,,,,,,,,,5408.8083328125,,4,86,86020000 = 6.571,N FEDERAL HWY,21750,86020000,86A14922,N,,,10,,On-System / Off-System,86020000,994,LPI-02055,1,6.571,6.561,6.5809999999999995,N FEDERAL HWY,On Corridor,"457344-1, 457345-1",2,106,0.02,100,0,0.7,Verified Match,"457344-1, 457345-1",2
90076,200261,86013501,URBAN GENERAL,MIAMI,URBAN PRIN ART OTHER,DIVIDED,,SR  824,4,BROWARD,23500,4,35,1,LPI,Implement a Leading Pedestrian Interval (LPI),,LPI-01400,Potential Location,0.870000005,1,5408.8083328125,,,,,,,,,,,,,5408.8083328125,,4,86,86013501 = 0|86013502 = 1.508|86018000 = 6.193,E PEMBROKE RD|NE 1ST AVE|S 21ST AVE,15300,86018000,86013501,Y,-80.14836672,25.99659,10,,On-System / On-System,86018000,995,LPI-01400,1,0,0,0.01,E PEMBROKE RD,Off Corridor,,0,0,0,0,,,Unmatched,,0
90076,200261,86013502,URBAN GENERAL,MIAMI,URBAN PRIN ART OTHER,DIVIDED,,SR  824,4,BROWARD,23500,4,35,1,LPI,Implement a Leading Pedestrian Interval (LPI),,LPI-01400,Potential Location,0.870000005,1,5408.8083328125,,,,,,,,,,,,,5408.8083328125,,4,86,86013501 = 0|86013502 = 1.508|86018000 = 6.193,E PEMBROKE RD|NE 1ST AVE|S 21ST AVE,15300,86018000,86013501,Y,-80.14836672,25.99659,10,,On-System / On-System,86018000,995,LPI-01400,2,1.508,1.498,1.518,NE 1ST AVE,Off Corridor,,0,0,0,0,,,Unmatched,,0
90076,200261,86018000,URBAN GENERAL,MIAMI,URBAN PRIN ART OTHER,DIVIDED,,SR  824,4,BROWARD,23500,4,35,1,LPI,Implement a Leading Pedestrian Interval (LPI),,LPI-01400,Potential Location,0.870000005,1,5408.8083328125,,,,,,,,,,,,,5408.8083328125,,4,86,86013501 = 0|86013502 = 1.508|86018000 = 6.193,E PEMBROKE RD|NE 1ST AVE|S 21ST AVE,15300,86018000,86013501,Y,-80.14836672,25.99659,10,,On-System / On-System,86018000,995,LPI-01400,3,6.193,6.183,6.202999999999999,S 21ST AVE,Off Corridor,,0,0,0,0,,,Unmatched,,0
90107,204687,86027500,URBAN GENERAL,MIAMI,URBAN MINOR ART,DIVIDED,,SR  811,4,BROWARD,22000,4,40,1,LPI,Implement a Leading Pedestrian Interval (LPI),,LPI-02542,Potential Location,0.870000005,1,5408.8083328125,,,,,,,,,,,,,5408.8083328125,,4,86,86027500 = 0|86170000 = 11.084|86525501 = .615,N DIXIE HWY|NE 48TH ST,35700,86170000,86525501,Y,-80.1095543,26.28997,10,,On-System / On-System,86170000,996,LPI-02542,1,0,0,0.01,N DIXIE HWY,Off Corridor,,0,0,0,0,74.3,24.9,No Match - Angle Mismatch,,0
90107,204687,86170000,URBAN GENERAL,MIAMI,URBAN MINOR ART,DIVIDED,,SR  811,4,BROWARD,22000,4,40,1,LPI,Implement a Leading Pedestrian Interval (LPI),,LPI-02542,Potential Location,0.870000005,1,5408.8083328125,,,,,,,,,,,,,5408.8083328125,,4,86,86027500 = 0|86170000 = 11.084|86525501 = .615,N DIXIE HWY|NE 48TH ST,35700,86170000,86525501,Y,-80.1095543,26.28997,10,,On-System / On-System,86170000,996,LPI-02542,2,11.084,11.074,11.094,NE 48TH ST,On Corridor,"419059-5, 448174-2, 456807-1, 439891-5, 451407-1, 431148-1, 431148-3",17,106,0.02,100,0,0.7,Verified Match,"419059-5, 448174-2, 456807-1, 439891-5, 451407-1, 431148-1, 431148-3",17
90107,204687,86525501,URBAN GENERAL,MIAMI,URBAN MINOR ART,DIVIDED,,SR  811,4,BROWARD,22000,4,40,1,LPI,Implement a Leading Pedestrian Interval (LPI),,LPI-02542,Potential Location,0.870000005,1,5408.8083328125,,,,,,,,,,,,,5408.8083328125,,4,86,86027500 = 0|86170000 = 11.084|86525501 = .615,N DIXIE HWY|NE 48TH ST,35700,86170000,86525501,Y,-80.1095543,26.28997,10,,On-System / On-System,86170000,996,LPI-02542,3,0.615,0.605,0.625,,Off Corridor,,0,0,0,0,55,22.5,No Match - Angle Mismatch,,0
90154,204756,86000198,URBAN GENERAL,MIAMI,URBAN MINOR ART,DIVIDED,,SR  811,4,BROWARD,23500,4,40,1,LPI,Implement a Leading Pedestrian Interval (LPI),,LPI-02545,Potential Location,0.870000005,1,5408.8083328125,,,,,,,,,,,,,5408.8083328125,,4,86,86000198 = .76|86170000 = 11.614,N DIXIE HWY|S DIXIE HWY|SW 15TH ST,11350,86170000,86000198,Y,-80.10744318,26.29743,10,,On-System / On-System,86170000,997,LPI-02545,1,0.76,0.75,0.77,N DIXIE HWY,Off Corridor,,0,0,0,0,74.9,0.3,No Match - Angle Mismatch,,0
90154,204756,86170000,URBAN GENERAL,MIAMI,URBAN MINOR ART,DIVIDED,,SR  811,4,BROWARD,23500,4,40,1,LPI,Implement a Leading Pedestrian Interval (LPI),,LPI-02545,Potential Location,0.870000005,1,5408.8083328125,,,,,,,,,,,,,5408.8083328125,,4,86,86000198 = .76|86170000 = 11.614,N DIXIE HWY|S DIXIE HWY|SW 15TH ST,11350,86170000,86000198,Y,-80.10744318,26.29743,10,,On-System / On-System,86170000,997,LPI-02545,2,11.614,11.604000000000001,11.624,S DIXIE HWY,On Corridor,"419059-5, 448174-2, 456807-1, 439891-5, 451407-1",7,106,0.02,100,0,0.7,Verified Match,"419059-5, 448174-2, 456807-1, 439891-5, 451407-1",7
90227,205357,86170000,URBAN GENERAL,MIAMI,URBAN MINOR ART,DIVIDED,,SR  811,4,BROWARD,22000,4,40,1,LPI,Implement a Leading Pedestrian Interval (LPI),,LPI-01567,Potential Location,0.870000005,1,5408.8083328125,,,,,,,,,,,,,5408.8083328125,,4,86,86170000 = 10.449|86A37060 = 0,N DIXIE HWY,11000,86170000,86A06389,Y,-80.112077,26.28102584,10,,On-System / Off-System,86170000,998,LPI-01567,1,10.449,10.439,10.459,N DIXIE HWY,On Corridor,"419059-5, 448174-2, 456807-1, 439891-5, 451407-1",7,106,0.02,100,0,0.7,Verified Match,"419059-5, 448174-2, 456807-1, 439891-5, 451407-1",7
90283,207159,86000172,URBAN GENERAL,MIAMI,URBAN MINOR ART,DIVIDED,,SR  811,4,BROWARD,26000,4,40,1,LPI,Implement a Leading Pedestrian Interval (LPI),,LPI-00390,Potential Location,0.870000005,1,5408.8083328125,,,,,,,,,,,,,5408.8083328125,,4,86,86000172 = 0|86170000 = 3.521|86A14325 = .351,N DIXIE HWY|NE 45TH ST,16450,86170000,86000172,Y,-80.13472006,26.18315207,10,,On-System / On-System,86170000,999,LPI-00390,1,0,0,0.01,N DIXIE HWY,On Corridor,441581-1,1,53,0.01,100,0,0.4,Verified Parallel Fallback,441581-1,1
90283,207159,86170000,URBAN GENERAL,MIAMI,URBAN MINOR ART,DIVIDED,,SR  811,4,BROWARD,26000,4,40,1,LPI,Implement a Leading Pedestrian Interval (LPI),,LPI-00390,Potential Location,0.870000005,1,5408.8083328125,,,,,,,,,,,,,5408.8083328125,,4,86,86000172 = 0|86170000 = 3.521|86A14325 = .351,N DIXIE HWY|NE 45TH ST,16450,86170000,86000172,Y,-80.13472006,26.18315207,10,,On-System / On-System,86170000,999,LPI-00390,2,3.521,3.511,3.5309999999999997,NE 45TH ST,On Corridor,446999-1,2,106,0.02,100,0,0.5,Verified Match,446999-1,2
90348,207405,86000170,URBAN GENERAL,MIAMI,URBAN MINOR ART,DIVIDED,,SR  811,4,BROWARD,20000,4,35,1,LPI,Implement a Leading Pedestrian Interval (LPI),,LPI-02550,Potential Location,0.870000005,1,5408.8083328125,,,,,,,,,,,,,5408.8083328125,,4,86,86000170 = 1.432|86170000 = 2.838,N DIXIE HWY|NE 38TH ST,26800,86170000,86000170,Y,-80.13174075,26.17407,10,,On-System / On-System,86170000,1000,LPI-02550,1,1.432,1.422,1.442,N DIXIE HWY,Off Corridor,,0,0,0,0,82.4,24,No Match - Angle Mismatch,,0
90348,207405,86170000,URBAN GENERAL,MIAMI,URBAN MINOR ART,DIVIDED,,SR  811,4,BROWARD,20000,4,35,1,LPI,Implement a Leading Pedestrian Interval (LPI),,LPI-02550,Potential Location,0.870000005,1,5408.8083328125,,,,,,,,,,,,,5408.8083328125,,4,86,86000170 = 1.432|86170000 = 2.838,N DIXIE HWY|NE 38TH ST,26800,86170000,86000170,Y,-80.13174075,26.17407,10,,On-System / On-System,86170000,1000,LPI-02550,2,2.838,2.8280000000000003,2.848,NE 38TH ST,On Corridor,"446999-1, 449331-1",4,106,0.02,100,5.8,0.5,Verified Match,"446999-1, 449331-1",4
90359,203272,86180000,URBAN GENERAL,MIAMI,URBAN MINOR ART,DIVIDED,,SR  A1A,4,BROWARD,35000,4,35,1,LPI,Implement a Leading Pedestrian Interval (LPI),,LPI-01331,Potential Location,0.870000005,1,5408.8083328125,,,,,,,,,,,,,5408.8083328125,,4,86,86180000 = 1.384|86180105 = .309|86A17901 = .217,SE 17TH ST|SE 23RD AVE,15250,86180000,86180105,Y,-80.1145,26.10078146,10,,On-System / On-System,86180000,1001,LPI-01331,1,1.384,1.3739999999999999,1.394,SE 17TH ST,On Corridor,"451576-3, 449825-1, 441754-1",7,106,0.02,100,0.1,0.4,Verified Match,"451576-3, 449825-1, 441754-1",7
90359,203272,86180105,URBAN GENERAL,MIAMI,URBAN MINOR ART,DIVIDED,,SR  A1A,4,BROWARD,35000,4,35,1,LPI,Implement a Leading Pedestrian Interval (LPI),,LPI-01331,Potential Location,0.870000005,1,5408.8083328125,,,,,,,,,,,,,5408.8083328125,,4,86,86180000 = 1.384|86180105 = .309|86A17901 = .217,SE 17TH ST|SE 23RD AVE,15250,86180000,86180105,Y,-80.1145,26.10078146,10,,On-System / On-System,86180000,1001,LPI-01331,2,0.309,0.299,0.319,SE 23RD AVE,Off Corridor,,0,0,0,0,1,109.5,No Match - Low Overlap,,0
90654,201899,86040000,URBAN GENERAL,MIAMI,URBAN PRIN ART OTHER,DIVIDED,,SR  820,4,BROWARD,50000,6,35,1,LPI,Implement a Leading Pedestrian Interval (LPI),,LPI-01452,Potential Location,0.870000005,1,5408.8083328125,,,,,,,,,,,,,5408.8083328125,,4,86,86040000 = 16.181|86A21037 = .249,ENTRADA DR|HOLLYWOOD BLVD|HOLLYWOOD WAY,23000,86040000,86A05315,Y,-80.17348,26.0107223,10,,On-System / Off-System,86040000,1002,LPI-01452,1,16.181,16.171,16.191000000000003,ENTRADA DR,On Corridor,448404-1,1,105,0.02,100,0.5,0.3,Verified Match,448404-1,1
91055,194709,86000062,URBAN GENERAL,MIAMI,URBAN PRIN ART OTHER,DIVIDED,,SR  842,4,BROWARD,48500,6,40,1,LPI,Implement a Leading Pedestrian Interval (LPI),,LPI-00712,Potential Location,0.870000005,1,5408.8083328125,,,,,,,,,,,,,5408.8083328125,,4,86,86000062 = .176|86006000 = 3.301,SW 38TH AVE|W BROWARD BLVD,23000,86006000,86000062,Y,-80.19936308,26.12100328,10,,On-System / On-System,86006000,1003,LPI-00712,1,0.176,0.16599999999999998,0.186,SW 38TH AVE,On Corridor,446999-1,2,105,0.02,100,44.7,0.2,Verified Parallel Fallback,446999-1,2
91055,194709,86006000,URBAN GENERAL,MIAMI,URBAN PRIN ART OTHER,DIVIDED,,SR  842,4,BROWARD,48500,6,40,1,LPI,Implement a Leading Pedestrian Interval (LPI),,LPI-00712,Potential Location,0.870000005,1,5408.8083328125,,,,,,,,,,,,,5408.8083328125,,4,86,86000062 = .176|86006000 = 3.301,SW 38TH AVE|W BROWARD BLVD,23000,86006000,86000062,Y,-80.19936308,26.12100328,10,,On-System / On-System,86006000,1003,LPI-00712,2,3.301,3.2910000000000004,3.311,W BROWARD BLVD,On Corridor,446999-1,2,105,0.02,100,0,0.3,Verified Match,446999-1,2
91122,201569,86040000,URBAN GENERAL,MIAMI,URBAN PRIN ART OTHER,DIVIDED,,SR  820,4,BROWARD,51000,6,40,1,LPI,Implement a Leading Pedestrian Interval (LPI),,LPI-00050,Potential Location,0.870000005,1,5408.8083328125,,,,,,,,,,,,,5408.8083328125,,4,86,86040000 = 13.402|86A21080 = .899,HOLLYWOOD BLVD|SW 64TH WAY,21750,86040000,86A03273,Y,-80.217,26.00985435,10,,On-System / Off-System,86040000,1004,LPI-00050,1,13.402,13.392,13.411999999999999,HOLLYWOOD BLVD,Off Corridor,,0,0,0,0,,,Unmatched,,0
91219,198813,86065000,URBAN GENERAL,MIAMI,URBAN PRIN ART OTHER,DIVIDED,,SR  845,4,BROWARD,45500,6,45,1,LPI,Implement a Leading Pedestrian Interval (LPI),,LPI-00858,Potential Location,0.870000005,1,5408.8083328125,,,,,,,,,,,,,5408.8083328125,,4,86,86065000 = 5.558|86A01578 = 0|86A08398 = 1.238,CYPRESS BEND DR|S PALM AIRE DR|S POWERLINE RD,21000,86065000,86A01578,Y,-80.15627256,26.21731,10,,On-System / Off-System,86065000,1005,LPI-00858,1,5.558,5.548,5.568,CYPRESS BEND DR,On Corridor,451576-3,3,106,0.02,100,0.3,0.6,Verified Match,451576-3,3
91383,199926,86000601,URBAN GENERAL,MIAMI,URBAN PRIN ART OTHER,DIVIDED,,SR  845,4,BROWARD,35500,6,40,0,LPI,Implement a Leading Pedestrian Interval (LPI),,LPI-00866,Potential Location,0.870000005,1,5408.8083328125,,,,,,,,,,,,,5408.8083328125,,4,86,86000601 = .001|86065000 = 4.412,NW 59TH CT|POWERLINE RD,17350,86065000,86000601,N,,,10,,On-System / On-System,86065000,1006,LPI-00866,1,0.001,0,0.011,NW 59TH CT,On Corridor,435808-5,1,58,0.01,100,1.4,0.4,Verified Parallel Fallback,435808-5,1
91383,199926,86065000,URBAN GENERAL,MIAMI,URBAN PRIN ART OTHER,DIVIDED,,SR  845,4,BROWARD,35500,6,40,0,LPI,Implement a Leading Pedestrian Interval (LPI),,LPI-00866,Potential Location,0.870000005,1,5408.8083328125,,,,,,,,,,,,,5408.8083328125,,4,86,86000601 = .001|86065000 = 4.412,NW 59TH CT|POWERLINE RD,17350,86065000,86000601,N,,,10,,On-System / On-System,86065000,1006,LPI-00866,2,4.412,4.402,4.422,POWERLINE RD,On Corridor,"446999-1, 451576-3",5,106,0.02,100,0,0.5,Verified Match,"446999-1, 451576-3",5
91394,202185,86040000,URBAN GENERAL,MIAMI,URBAN PRIN ART OTHER,DIVIDED,,SR  820,4,BROWARD,52500,6,45,1,LPI,Implement a Leading Pedestrian Interval (LPI),,LPI-00052,Potential Location,0.870000005,1,5408.8083328125,,,,,,,,,,,,,5408.8083328125,,4,86,86040000 = 9.887|86A09714 = .721,NW 96TH AVE|PINES BLVD|SW 96TH AVE,22750,86040000,86A09712,Y,-80.2734625,26.00837242,10,,On-System / Off-System,86040000,1007,LPI-00052,1,9.887,9.877,9.897,NW 96TH AVE,Off Corridor,,0,0,0,0,,,Unmatched,,0
91764,198409,86040000,URBAN GENERAL,MIAMI,URBAN PRIN ART OTHER,DIVIDED,,SR  820,4,BROWARD,52000,7,45,1,LPI,Implement a Leading Pedestrian Interval (LPI),,LPI-00030,Potential Location,0.870000005,1,5408.8083328125,,,,,,,,,,,,,5408.8083328125,,4,86,86040000 = 8.219|86A09745 = 1.223,NW 114TH AVE|PINES BLVD|SW 114TH AVE,23250,86040000,86A05016,Y,-80.30026453,26.00770199,10,,On-System / Off-System,86040000,1008,LPI-00030,1,8.219,8.209,8.229,NW 114TH AVE,On Corridor,448403-1,1,105,0.02,100,0,0.2,Verified Match,448403-1,1
91851,200913,86000112,URBAN GENERAL,MIAMI,URBAN PRIN ART OTHER,DIVIDED,,SR  820,4,BROWARD,50000,6,35,1,LPI,Implement a Leading Pedestrian Interval (LPI),,LPI-01439,Potential Location,0.870000005,1,5408.8083328125,,,,,,,,,,,,,5408.8083328125,,4,86,86000112 = .007|86000409 = 1.068|86040000 = 16.048,HOLLYWOOD BLVD|N PARK RD|S PARK RD,36900,86040000,86000409,Y,-80.17565,26.01071508,10,,On-System / On-System,86040000,1009,LPI-01439,1,0.007,0,0.017,HOLLYWOOD BLVD,Off Corridor,,0,0,0,0,89.1,69.1,No Match - Angle Mismatch,,0
91851,200913,86000409,URBAN GENERAL,MIAMI,URBAN PRIN ART OTHER,DIVIDED,,SR  820,4,BROWARD,50000,6,35,1,LPI,Implement a Leading Pedestrian Interval (LPI),,LPI-01439,Potential Location,0.870000005,1,5408.8083328125,,,,,,,,,,,,,5408.8083328125,,4,86,86000112 = .007|86000409 = 1.068|86040000 = 16.048,HOLLYWOOD BLVD|N PARK RD|S PARK RD,36900,86040000,86000409,Y,-80.17565,26.01071508,10,,On-System / On-System,86040000,1009,LPI-01439,2,1.068,1.058,1.078,N PARK RD,Off Corridor,,0,0,0,0,89.6,18.1,No Match - Angle Mismatch,,0
91851,200913,86040000,URBAN GENERAL,MIAMI,URBAN PRIN ART OTHER,DIVIDED,,SR  820,4,BROWARD,50000,6,35,1,LPI,Implement a Leading Pedestrian Interval (LPI),,LPI-01439,Potential Location,0.870000005,1,5408.8083328125,,,,,,,,,,,,,5408.8083328125,,4,86,86000112 = .007|86000409 = 1.068|86040000 = 16.048,HOLLYWOOD BLVD|N PARK RD|S PARK RD,36900,86040000,86000409,Y,-80.17565,26.01071508,10,,On-System / On-System,86040000,1009,LPI-01439,3,16.048,16.037999999999997,16.058,S PARK RD,On Corridor,448404-1,1,106,0.02,100,0.3,0.3,Verified Match,448404-1,1
91920,198540,86018000,URBAN GENERAL,MIAMI,URBAN PRIN ART OTHER,DIVIDED,,SR  824,4,BROWARD,36500,4,35,1,LPI,Implement a Leading Pedestrian Interval (LPI),,LPI-00033,Potential Location,0.870000005,1,5408.8083328125,,,,,,,,,,,,,5408.8083328125,,4,86,86018000 = 6.043|86A01353 = .753|86A01354 = 0,NW 2ND AVE|S 22ND AVE|W PEMBROKE RD,19500,86018000,86A01353,Y,-80.15077056,25.99649998,10,,On-System / Off-System,86018000,1010,LPI-00033,1,6.043,6.033,6.053,NW 2ND AVE,On Corridor,"451083-1, 453339-1",3,105,0.02,100,0,52.3,Verified Match,"451083-1, 453339-1",3
91962,198540,86000099,URBAN GENERAL,MIAMI,URBAN PRIN ART OTHER,DIVIDED,,SR  824,4,BROWARD,36500,4,35,1,LPI,Implement a Leading Pedestrian Interval (LPI),,LPI-00032,Potential Location,0.870000005,1,5408.8083328125,,,,,,,,,,,,,5408.8083328125,,4,86,86000099 = 1.535|86018000 = 5.539,NW 8TH AVE|S 26TH AVE|W PEMBROKE RD,23700,86018000,86000099,Y,-80.15885007,25.99627925,10,,On-System / On-System,86018000,1011,LPI-00032,1,1.535,1.525,1.545,NW 8TH AVE,Off Corridor,,0,0,0,0,81.8,2.8,No Match - Angle Mismatch,,0
91962,198540,86018000,URBAN GENERAL,MIAMI,URBAN PRIN ART OTHER,DIVIDED,,SR  824,4,BROWARD,36500,4,35,1,LPI,Implement a Leading Pedestrian Interval (LPI),,LPI-00032,Potential Location,0.870000005,1,5408.8083328125,,,,,,,,,,,,,5408.8083328125,,4,86,86000099 = 1.535|86018000 = 5.539,NW 8TH AVE|S 26TH AVE|W PEMBROKE RD,23700,86018000,86000099,Y,-80.15885007,25.99627925,10,,On-System / On-System,86018000,1011,LPI-00032,2,5.539,5.529,5.5489999999999995,S 26TH AVE,On Corridor,451083-1,1,105,0.02,100,0,0.3,Verified Match,451083-1,1
92475,207285,86220000,URBAN GENERAL,MIAMI,URBAN PRIN ART OTHER,DIVIDED,,SR  817,4,BROWARD,54500,6,45,1,LPI,Implement a Leading Pedestrian Interval (LPI),,LPI-02541,Potential Location,0.870000005,1,5408.8083328125,,,,,,,,,,,,,5408.8083328125,,4,86,86220000 = 13.862|86A04811 = .01,N UNIVERSITY DR|SPRINGTREE DR,28750,86220000,86A02655,Y,-80.25624465,26.17082425,10,,On-System / Off-System,86220000,1012,LPI-02541,1,13.862,13.852,13.872,N UNIVERSITY DR,On Corridor,"446998-1, 449243-3",2,106,0.02,100,0.8,0.6,Verified Match,"446998-1, 449243-3",2
92550,207313,86000027,URBAN GENERAL,MIAMI,URBAN PRIN ART OTHER,DIVIDED,,SR  817,4,BROWARD,38500,6,40,1,LPI,Implement a Leading Pedestrian Interval (LPI),,LPI-00383,Potential Location,0.870000005,1,5408.8083328125,,,,,,,,,,,,,5408.8083328125,,4,86,86000027 = 2|86000028 = .005|86220000 = 20.101,N UNIVERSITY DR|ROYAL PALM BLVD,44250,86220000,86000028,Y,-80.24998665,26.25931,10,,On-System / On-System,86220000,1013,LPI-00383,1,2,1.99,2.01,N UNIVERSITY DR,Off Corridor,,0,0,0,0,83,78.5,No Match - Angle Mismatch,,0
92550,207313,86000028,URBAN GENERAL,MIAMI,URBAN PRIN ART OTHER,DIVIDED,,SR  817,4,BROWARD,38500,6,40,1,LPI,Implement a Leading Pedestrian Interval (LPI),,LPI-00383,Potential Location,0.870000005,1,5408.8083328125,,,,,,,,,,,,,5408.8083328125,,4,86,86000027 = 2|86000028 = .005|86220000 = 20.101,N UNIVERSITY DR|ROYAL PALM BLVD,44250,86220000,86000028,Y,-80.24998665,26.25931,10,,On-System / On-System,86220000,1013,LPI-00383,2,0.005,0,0.015,ROYAL PALM BLVD,Off Corridor,,0,0,0,0,83,43.2,No Match - Angle Mismatch,,0
92550,207313,86220000,URBAN GENERAL,MIAMI,URBAN PRIN ART OTHER,DIVIDED,,SR  817,4,BROWARD,38500,6,40,1,LPI,Implement a Leading Pedestrian Interval (LPI),,LPI-00383,Potential Location,0.870000005,1,5408.8083328125,,,,,,,,,,,,,5408.8083328125,,4,86,86000027 = 2|86000028 = .005|86220000 = 20.101,N UNIVERSITY DR|ROYAL PALM BLVD,44250,86220000,86000028,Y,-80.24998665,26.25931,10,,On-System / On-System,86220000,1013,LPI-00383,3,20.101,20.090999999999998,20.111,,On Corridor,449562-1,2,106,0.02,100,9.1,58.6,Verified Match,449562-1,2
92561,205744,86000468,URBAN GENERAL,MIAMI,URBAN PRIN ART OTHER,DIVIDED,,SR  817,4,BROWARD,55000,6,45,1,LPI,Implement a Leading Pedestrian Interval (LPI),,LPI-01566,Potential Location,0.870000005,1,5408.8083328125,,,,,,,,,,,,,5408.8083328125,,4,86,86000468 = 2.947|86220000 = 13.256|86A22149 = 0,N UNIVERSITY DR|SUNRISE LAKES BLVD,29400,86220000,86000468,Y,-80.25715455,26.16208995,10,,On-System / On-System,86220000,1014,LPI-01566,1,2.947,2.9370000000000003,2.957,N UNIVERSITY DR,Off Corridor,,0,0,0,0,89.3,37.5,No Match - Angle Mismatch,,0
92561,205744,86220000,URBAN GENERAL,MIAMI,URBAN PRIN ART OTHER,DIVIDED,,SR  817,4,BROWARD,55000,6,45,1,LPI,Implement a Leading Pedestrian Interval (LPI),,LPI-01566,Potential Location,0.870000005,1,5408.8083328125,,,,,,,,,,,,,5408.8083328125,,4,86,86000468 = 2.947|86220000 = 13.256|86A22149 = 0,N UNIVERSITY DR|SUNRISE LAKES BLVD,29400,86220000,86000468,Y,-80.25715455,26.16208995,10,,On-System / On-System,86220000,1014,LPI-01566,2,13.256,13.246,13.266,SUNRISE LAKES BLVD,On Corridor,"446998-1, 449243-3",2,106,0.02,100,0.8,0.6,Verified Match,"446998-1, 449243-3",2
92743,203177,86220000,URBAN GENERAL,MIAMI,URBAN PRIN ART OTHER,DIVIDED,,SR  817,4,BROWARD,47000,6,40,1,LPI,Implement a Leading Pedestrian Interval (LPI),,LPI-01244,Potential Location,0.870000005,1,5408.8083328125,,,,,,,,,,,,,5408.8083328125,,4,86,86220000 = 19.871|86A12356 = 1.099,N UNIVERSITY DR|NW 20TH ST,27500,86220000,86A06912,Y,-80.25125935,26.25616657,10,,On-System / Off-System,86220000,1015,LPI-01244,1,19.871,19.860999999999997,19.881,N UNIVERSITY DR,Off Corridor,,0,0,0,0,,,Unmatched,,0
92805,207503,86000032,URBAN GENERAL,MIAMI,URBAN PRIN ART OTHER,DIVIDED,,SR  817,4,BROWARD,42000,6,45,1,LPI,Implement a Leading Pedestrian Interval (LPI),,LPI-02549,Potential Location,0.870000005,1,5408.8083328125,,,,,,,,,,,,,5408.8083328125,,4,86,86000032 = .009|86000033 = 1.942|86220000 = 18.354,N UNIVERSITY DR|RIVERSIDE DR,37450,86220000,86000032,Y,-80.25394422,26.23483177,10,,On-System / On-System,86220000,1016,LPI-02549,1,0.009,0,0.019,N UNIVERSITY DR,Off Corridor,,0,0,0,0,89.6,26.4,No Match - Angle Mismatch,,0
92805,207503,86000033,URBAN GENERAL,MIAMI,URBAN PRIN ART OTHER,DIVIDED,,SR  817,4,BROWARD,42000,6,45,1,LPI,Implement a Leading Pedestrian Interval (LPI),,LPI-02549,Potential Location,0.870000005,1,5408.8083328125,,,,,,,,,,,,,5408.8083328125,,4,86,86000032 = .009|86000033 = 1.942|86220000 = 18.354,N UNIVERSITY DR|RIVERSIDE DR,37450,86220000,86000032,Y,-80.25394422,26.23483177,10,,On-System / On-System,86220000,1016,LPI-02549,2,1.942,1.932,1.952,RIVERSIDE DR,Off Corridor,,0,0,0,0,89.6,60.5,No Match - Angle Mismatch,,0
92805,207503,86220000,URBAN GENERAL,MIAMI,URBAN PRIN ART OTHER,DIVIDED,,SR  817,4,BROWARD,42000,6,45,1,LPI,Implement a Leading Pedestrian Interval (LPI),,LPI-02549,Potential Location,0.870000005,1,5408.8083328125,,,,,,,,,,,,,5408.8083328125,,4,86,86000032 = .009|86000033 = 1.942|86220000 = 18.354,N UNIVERSITY DR|RIVERSIDE DR,37450,86220000,86000032,Y,-80.25394422,26.23483177,10,,On-System / On-System,86220000,1016,LPI-02549,3,18.354,18.343999999999998,18.364,,On Corridor,"449243-3, 455316-1",2,106,0.02,100,0.2,0.5,Verified Match,"449243-3, 455316-1",2
92982,207031,86019500,URBAN GENERAL,MIAMI,URBAN PRIN ART OTHER,DIVIDED,,SR  817,4,BROWARD,46000,6,45,1,LPI,Implement a Leading Pedestrian Interval (LPI),,LPI-01380,Potential Location,0.870000005,1,5408.8083328125,,,,,,,,,,,,,5408.8083328125,,4,86,86019500 = 1.962|86019501 = .005|86220000 = 3.076,JOHNSON ST|N UNIVERSITY DR,35850,86220000,86019500,Y,-80.24841497,26.016425,10,,On-System / On-System,86220000,1017,LPI-01380,1,1.962,1.952,1.972,JOHNSON ST,Off Corridor,,0,0,0,0,89.7,61,No Match - Angle Mismatch,,0
92982,207031,86019501,URBAN GENERAL,MIAMI,URBAN PRIN ART OTHER,DIVIDED,,SR  817,4,BROWARD,46000,6,45,1,LPI,Implement a Leading Pedestrian Interval (LPI),,LPI-01380,Potential Location,0.870000005,1,5408.8083328125,,,,,,,,,,,,,5408.8083328125,,4,86,86019500 = 1.962|86019501 = .005|86220000 = 3.076,JOHNSON ST|N UNIVERSITY DR,35850,86220000,86019500,Y,-80.24841497,26.016425,10,,On-System / On-System,86220000,1017,LPI-01380,2,0.005,0,0.015,N UNIVERSITY DR,Off Corridor,,0,0,0,0,89.9,20.7,No Match - Angle Mismatch,,0
92982,207031,86220000,URBAN GENERAL,MIAMI,URBAN PRIN ART OTHER,DIVIDED,,SR  817,4,BROWARD,46000,6,45,1,LPI,Implement a Leading Pedestrian Interval (LPI),,LPI-01380,Potential Location,0.870000005,1,5408.8083328125,,,,,,,,,,,,,5408.8083328125,,4,86,86019500 = 1.962|86019501 = .005|86220000 = 3.076,JOHNSON ST|N UNIVERSITY DR,35850,86220000,86019500,Y,-80.24841497,26.016425,10,,On-System / On-System,86220000,1017,LPI-01380,3,3.076,3.0660000000000003,3.086,,On Corridor,"443597-1, 446998-1",3,106,0.02,100,0,0.5,Verified Match,"443597-1, 446998-1",3
93281,204624,86026500,URBAN GENERAL,MIAMI,URBAN PRIN ART OTHER,DIVIDED,,SR  817,4,BROWARD,55000,6,45,1,LPI,Implement a Leading Pedestrian Interval (LPI),,LPI-01329,Potential Location,0.870000005,1,5408.8083328125,,,,,,,,,,,,,5408.8083328125,,4,86,86026500 = 1.729|86220000 = 12.623|86538500 = .005,N UNIVERSITY DR|SUNSET STRIP,37850,86220000,86538500,Y,-80.25716139,26.15283,10,,On-System / On-System,86220000,1018,LPI-01329,1,1.729,1.719,1.739,N UNIVERSITY DR,Off Corridor,,0,0,0,0,89,66.7,No Match - Angle Mismatch,,0
93281,204624,86220000,URBAN GENERAL,MIAMI,URBAN PRIN ART OTHER,DIVIDED,,SR  817,4,BROWARD,55000,6,45,1,LPI,Implement a Leading Pedestrian Interval (LPI),,LPI-01329,Potential Location,0.870000005,1,5408.8083328125,,,,,,,,,,,,,5408.8083328125,,4,86,86026500 = 1.729|86220000 = 12.623|86538500 = .005,N UNIVERSITY DR|SUNSET STRIP,37850,86220000,86538500,Y,-80.25716139,26.15283,10,,On-System / On-System,86220000,1018,LPI-01329,2,12.623,12.613,12.633,SUNSET STRIP,On Corridor,"446998-1, 449243-3",2,106,0.02,100,0.1,0.6,Verified Match,"446998-1, 449243-3",2
93281,204624,86538500,URBAN GENERAL,MIAMI,URBAN PRIN ART OTHER,DIVIDED,,SR  817,4,BROWARD,55000,6,45,1,LPI,Implement a Leading Pedestrian Interval (LPI),,LPI-01329,Potential Location,0.870000005,1,5408.8083328125,,,,,,,,,,,,,5408.8083328125,,4,86,86026500 = 1.729|86220000 = 12.623|86538500 = .005,N UNIVERSITY DR|SUNSET STRIP,37850,86220000,86538500,Y,-80.25716139,26.15283,10,,On-System / On-System,86220000,1018,LPI-01329,3,0.005,0,0.015,,Off Corridor,,0,0,0,0,89.2,14.8,No Match - Angle Mismatch,,0
93311,203123,86000425,URBAN GENERAL,MIAMI,URBAN PRIN ART OTHER,DIVIDED,,SR  817,4,BROWARD,50000,6,45,1,LPI,Implement a Leading Pedestrian Interval (LPI),,LPI-00059,Potential Location,0.870000005,1,5408.8083328125,,,,,,,,,,,,,5408.8083328125,,4,86,86000425 = 1.988|86220000 = 1.077,MIRAMAR BLVD|S UNIVERSITY DR,28100,86220000,86000425,Y,-80.24746635,25.9874,10,,On-System / On-System,86220000,1019,LPI-00059,1,1.988,1.978,1.998,MIRAMAR BLVD,On Corridor,456154-1,1,79,0.01,100,0.1,0.2,Verified Match,456154-1,1
93311,203123,86220000,URBAN GENERAL,MIAMI,URBAN PRIN ART OTHER,DIVIDED,,SR  817,4,BROWARD,50000,6,45,1,LPI,Implement a Leading Pedestrian Interval (LPI),,LPI-00059,Potential Location,0.870000005,1,5408.8083328125,,,,,,,,,,,,,5408.8083328125,,4,86,86000425 = 1.988|86220000 = 1.077,MIRAMAR BLVD|S UNIVERSITY DR,28100,86220000,86000425,Y,-80.24746635,25.9874,10,,On-System / On-System,86220000,1019,LPI-00059,2,1.077,1.067,1.087,S UNIVERSITY DR,On Corridor,445524-1,1,106,0.02,100,0.1,38.3,Verified Match,445524-1,1
93425,204943,86000067,URBAN GENERAL,MIAMI,URBAN PRIN ART OTHER,DIVIDED,,SR  817,4,BROWARD,48500,6,45,1,LPI,Implement a Leading Pedestrian Interval (LPI),,LPI-01330,Potential Location,0.870000005,1,5408.8083328125,,,,,,,,,,,,,5408.8083328125,,4,86,86000067 = .795|86220000 = 9.267|86523500 = .005,PETERS RD|S UNIVERSITY DR,38550,86220000,86523500,Y,-80.2501258,26.10555,10,,On-System / On-System,86220000,1020,LPI-01330,1,0.795,0.785,0.805,PETERS RD,Off Corridor,,0,0,0,0,89.1,66.3,No Match - Angle Mismatch,,0
93425,204943,86220000,URBAN GENERAL,MIAMI,URBAN PRIN ART OTHER,DIVIDED,,SR  817,4,BROWARD,48500,6,45,1,LPI,Implement a Leading Pedestrian Interval (LPI),,LPI-01330,Potential Location,0.870000005,1,5408.8083328125,,,,,,,,,,,,,5408.8083328125,,4,86,86000067 = .795|86220000 = 9.267|86523500 = .005,PETERS RD|S UNIVERSITY DR,38550,86220000,86523500,Y,-80.2501258,26.10555,10,,On-System / On-System,86220000,1020,LPI-01330,2,9.267,9.257,9.277,S UNIVERSITY DR,On Corridor,"446998-1, 449243-3",2,106,0.02,100,0.1,0.5,Verified Match,"446998-1, 449243-3",2
93425,204943,86523500,URBAN GENERAL,MIAMI,URBAN PRIN ART OTHER,DIVIDED,,SR  817,4,BROWARD,48500,6,45,1,LPI,Implement a Leading Pedestrian Interval (LPI),,LPI-01330,Potential Location,0.870000005,1,5408.8083328125,,,,,,,,,,,,,5408.8083328125,,4,86,86000067 = .795|86220000 = 9.267|86523500 = .005,PETERS RD|S UNIVERSITY DR,38550,86220000,86523500,Y,-80.2501258,26.10555,10,,On-System / On-System,86220000,1020,LPI-01330,3,0.005,0,0.015,,Off Corridor,,0,0,0,0,89.4,13.3,No Match - Angle Mismatch,,0
94050,201786,86020000,URBAN GENERAL,MIAMI,URBAN PRIN ART OTHER,DIVIDED,US    1,SR    5,4,BROWARD,42500,6,45,1,LPI,Implement a Leading Pedestrian Interval (LPI),,LPI-00051,Potential Location,0.870000005,1,5408.8083328125,,,,,,,,,,,,,5408.8083328125,,4,86,86020000 = 7.152|86A00873 = .152|86A06056 = 0,N FEDERAL HWY|NE 65TH ST|PORT ROYALE BLVD,22750,86020000,86A00873,Y,-80.1075234,26.20880849,10,,On-System / Off-System,86020000,1021,LPI-00051,1,7.152,7.142,7.162,N FEDERAL HWY,On Corridor,"457344-1, 457345-1",2,106,0.02,100,0,0.6,Verified Match,"457344-1, 457345-1",2
94060,202829,86030000,URBAN GENERAL,MIAMI,URBAN MINOR ART,DIVIDED,,SR  A1A,4,BROWARD,26500,5,35,1,LPI,Implement a Leading Pedestrian Interval (LPI),,LPI-00868,Potential Location,0.870000005,1,5408.8083328125,,,,,,,,,,,,,5408.8083328125,,4,86,86030000 = 2.549|86040000 = 19.794|86A09639 = 0|86A33030 = 0,ARIZONA ST|HARRISON ST|HOLLYWOOD BLVD|N OCEAN DR|S OCEAN DR,29126,86030000,86040000,Y,,,10,,On-System / On-System,86030000,1022,LPI-00868,1,2.549,2.539,2.5589999999999997,ARIZONA ST,On Corridor,453431-2,1,106,0.02,100,0.7,0.4,Verified Match,453431-2,1
94060,202829,86040000,URBAN GENERAL,MIAMI,URBAN MINOR ART,DIVIDED,,SR  A1A,4,BROWARD,26500,5,35,1,LPI,Implement a Leading Pedestrian Interval (LPI),,LPI-00868,Potential Location,0.870000005,1,5408.8083328125,,,,,,,,,,,,,5408.8083328125,,4,86,86030000 = 2.549|86040000 = 19.794|86A09639 = 0|86A33030 = 0,ARIZONA ST|HARRISON ST|HOLLYWOOD BLVD|N OCEAN DR|S OCEAN DR,29126,86030000,86040000,Y,,,10,,On-System / On-System,86030000,1022,LPI-00868,2,19.794,19.784,19.804000000000002,HARRISON ST,Off Corridor,,0,0,0,0,83.4,186.7,No Match - Angle Mismatch,,0
94198,200410,86030000,URBAN GENERAL,MIAMI,URBAN PRIN ART OTHER,DIVIDED,,SR  A1A,4,BROWARD,37000,5,35,1,LPI,Implement a Leading Pedestrian Interval (LPI),,LPI-01453,Potential Location,0.870000005,1,5408.8083328125,,,,,,,,,,,,,5408.8083328125,,4,86,86030000 = .718|86200000 = 5.369|86A07053 = 0|86A33226 = 0,E HALLANDALE BEACH BLVD|S OCEAN DR|S SURF RD,59000,86030000,86200000,Y,,,10,,On-System / On-System,86030000,1023,LPI-01453,1,0.718,0.708,0.728,E HALLANDALE BEACH BLVD,On Corridor,446996-1,1,106,0.02,100,0.3,0.4,Verified Match,446996-1,1
94198,200410,86200000,URBAN GENERAL,MIAMI,URBAN PRIN ART OTHER,DIVIDED,,SR  A1A,4,BROWARD,37000,5,35,1,LPI,Implement a Leading Pedestrian Interval (LPI),,LPI-01453,Potential Location,0.870000005,1,5408.8083328125,,,,,,,,,,,,,5408.8083328125,,4,86,86030000 = .718|86200000 = 5.369|86A07053 = 0|86A33226 = 0,E HALLANDALE BEACH BLVD|S OCEAN DR|S SURF RD,59000,86030000,86200000,Y,,,10,,On-System / On-System,86030000,1023,LPI-01453,2,5.369,5.359,5.379,S OCEAN DR,On Corridor,"448413-1, 444120-1, 453430-2",5,106,0.02,100,2.5,0.3,Verified Match,"448413-1, 444120-1, 453430-2",5
94384,206773,86110000,URBAN GENERAL,MIAMI,URBAN PRIN ART OTHER,DIVIDED,,SR  838,4,BROWARD,45500,6,40,1,LPI,Implement a Leading Pedestrian Interval (LPI),,LPI-02533,Potential Location,0.870000005,1,5408.8083328125,,,,,,,,,,,,,5408.8083328125,,4,86,86110000 = 7.891|86170000 = .004|86170501 = .495,E SUNRISE BLVD|NE 4TH AVE,35600,86110000,86170000,Y,-80.1404,26.13692975,10,,On-System / On-System,86110000,1024,LPI-02533,1,7.891,7.881,7.901,E SUNRISE BLVD,On Corridor,447678-1,2,105,0.02,100,0,0.4,Verified Match,447678-1,2
94384,206773,86170000,URBAN GENERAL,MIAMI,URBAN PRIN ART OTHER,DIVIDED,,SR  838,4,BROWARD,45500,6,40,1,LPI,Implement a Leading Pedestrian Interval (LPI),,LPI-02533,Potential Location,0.870000005,1,5408.8083328125,,,,,,,,,,,,,5408.8083328125,,4,86,86110000 = 7.891|86170000 = .004|86170501 = .495,E SUNRISE BLVD|NE 4TH AVE,35600,86110000,86170000,Y,-80.1404,26.13692975,10,,On-System / On-System,86110000,1024,LPI-02533,2,0.004,0,0.014,NE 4TH AVE,Off Corridor,,0,0,0,0,90,56.9,No Match - Angle Mismatch,,0
94384,206773,86170501,URBAN GENERAL,MIAMI,URBAN PRIN ART OTHER,DIVIDED,,SR  838,4,BROWARD,45500,6,40,1,LPI,Implement a Leading Pedestrian Interval (LPI),,LPI-02533,Potential Location,0.870000005,1,5408.8083328125,,,,,,,,,,,,,5408.8083328125,,4,86,86110000 = 7.891|86170000 = .004|86170501 = .495,E SUNRISE BLVD|NE 4TH AVE,35600,86110000,86170000,Y,-80.1404,26.13692975,10,,On-System / On-System,86110000,1024,LPI-02533,3,0.495,0.485,0.505,,Off Corridor,,0,0,0,0,89.9,20.2,No Match - Angle Mismatch,,0
94764,203234,86110000,URBAN GENERAL,MIAMI,URBAN PRIN ART OTHER,DIVIDED,,SR  838,4,BROWARD,58500,6,40,1,LPI,Implement a Leading Pedestrian Interval (LPI),,LPI-01246,Potential Location,0.870000005,1,5408.8083328125,,,,,,,,,,,,,5408.8083328125,,4,86,86110000 = 6.719,W SUNRISE BLVD,29000,86110000,86A22830,N,,,10,,On-System / Off-System,86110000,1025,LPI-01246,1,6.719,6.7090000000000005,6.729,W SUNRISE BLVD,On Corridor,447678-1,2,105,0.02,100,0,0.4,Verified Match,447678-1,2
95003,198962,86020000,URBAN GENERAL,MIAMI,URBAN PRIN ART OTHER,DIVIDED,US    1,SR    5,4,BROWARD,52500,6,35,1,LPI,Implement a Leading Pedestrian Interval (LPI),,LPI-00726,Potential Location,0.870000005,1,5408.8083328125,,,,,,,,,,,,,5408.8083328125,,4,86,86020000 = 1.798|86900316 = .004|86A15983 = .233,E SUNRISE BLVD|NE 17TH WAY,24500,86020000,86900316,Y,-80.12394,26.13738397,10,,On-System / On-System,86020000,1026,LPI-00726,1,1.798,1.788,1.808,E SUNRISE BLVD,On Corridor,"441955-1, 441754-1",5,105,0.02,100,0,0.4,Verified Match,"441955-1, 441754-1",5
95003,198962,86900316,URBAN GENERAL,MIAMI,URBAN PRIN ART OTHER,DIVIDED,US    1,SR    5,4,BROWARD,52500,6,35,1,LPI,Implement a Leading Pedestrian Interval (LPI),,LPI-00726,Potential Location,0.870000005,1,5408.8083328125,,,,,,,,,,,,,5408.8083328125,,4,86,86020000 = 1.798|86900316 = .004|86A15983 = .233,E SUNRISE BLVD|NE 17TH WAY,24500,86020000,86900316,Y,-80.12394,26.13738397,10,,On-System / On-System,86020000,1026,LPI-00726,2,0.004,0,0.014,NE 17TH WAY,On Corridor,445534-1,1,74,0.01,100,1.2,0.5,Verified Parallel Fallback,445534-1,1
95384,207989,86000036,URBAN GENERAL,MIAMI,URBAN PRIN ART OTHER,DIVIDED,,SR  817,4,BROWARD,42000,6,45,1,LPI,Implement a Leading Pedestrian Interval (LPI),,LPI-02553,Potential Location,0.870000005,1,5408.8083328125,,,,,,,,,,,,,5408.8083328125,,4,86,86000036 = 1.786|86000037 = .001|86220000 = 17.941,N UNIVERSITY DR|SOUTHGATE BLVD,41450,86220000,86000037,Y,-80.25297,26.22893913,10,,On-System / On-System,86220000,1027,LPI-02553,1,1.786,1.776,1.796,N UNIVERSITY DR,Off Corridor,,0,0,0,0,88.9,63.6,No Match - Angle Mismatch,,0
95384,207989,86000037,URBAN GENERAL,MIAMI,URBAN PRIN ART OTHER,DIVIDED,,SR  817,4,BROWARD,42000,6,45,1,LPI,Implement a Leading Pedestrian Interval (LPI),,LPI-02553,Potential Location,0.870000005,1,5408.8083328125,,,,,,,,,,,,,5408.8083328125,,4,86,86000036 = 1.786|86000037 = .001|86220000 = 17.941,N UNIVERSITY DR|SOUTHGATE BLVD,41450,86220000,86000037,Y,-80.25297,26.22893913,10,,On-System / On-System,86220000,1027,LPI-02553,2,0.001,0,0.011,SOUTHGATE BLVD,Off Corridor,,0,0,0,0,88.9,5.1,No Match - Angle Mismatch,,0
95384,207989,86220000,URBAN GENERAL,MIAMI,URBAN PRIN ART OTHER,DIVIDED,,SR  817,4,BROWARD,42000,6,45,1,LPI,Implement a Leading Pedestrian Interval (LPI),,LPI-02553,Potential Location,0.870000005,1,5408.8083328125,,,,,,,,,,,,,5408.8083328125,,4,86,86000036 = 1.786|86000037 = .001|86220000 = 17.941,N UNIVERSITY DR|SOUTHGATE BLVD,41450,86220000,86000037,Y,-80.25297,26.22893913,10,,On-System / On-System,86220000,1027,LPI-02553,3,17.941,17.930999999999997,17.951,,On Corridor,"449243-3, 455316-1",2,106,0.02,100,0.6,0.6,Verified Match,"449243-3, 455316-1",2
95530,199318,86020000,URBAN GENERAL,MIAMI,URBAN PRIN ART OTHER,DIVIDED,US    1,SR    5,4,BROWARD,44000,6,45,1,LPI,Implement a Leading Pedestrian Interval (LPI),,LPI-02058,Potential Location,0.870000005,1,5408.8083328125,,,,,,,,,,,,,5408.8083328125,,4,86,86020000 = 6.126|86A06150 = 0|86A13843 = .513,N FEDERAL HWY|NE 55TH ST,21750,86020000,86A06150,Y,-80.11234092,26.19467123,10,,On-System / Off-System,86020000,1028,LPI-02058,1,6.126,6.1160000000000005,6.136,N FEDERAL HWY,On Corridor,"457344-1, 457345-1",2,106,0.02,100,0,0.7,Verified Match,"457344-1, 457345-1",2
95942,199994,86003500,URBAN GENERAL,MIAMI,URBAN PRIN ART OTHER,DIVIDED,US    1,SR    5,4,BROWARD,53500,6,45,1,LPI,Implement a Leading Pedestrian Interval (LPI),,LPI-00040,Potential Location,0.870000005,1,5408.8083328125,,,,,,,,,,,,,5408.8083328125,,4,86,86003500 = .683|86020000 = 10.652|86A12270 = 0,E COPANS RD|N FEDERAL HWY|NE 23RD ST,58200,86020000,86003500,Y,-80.09976791,26.25889235,10,,On-System / On-System,86020000,1029,LPI-00040,1,0.683,0.673,0.6930000000000001,E COPANS RD,Off Corridor,,0,0,0,0,87.2,48.5,No Match - Angle Mismatch,,0
95942,199994,86020000,URBAN GENERAL,MIAMI,URBAN PRIN ART OTHER,DIVIDED,US    1,SR    5,4,BROWARD,53500,6,45,1,LPI,Implement a Leading Pedestrian Interval (LPI),,LPI-00040,Potential Location,0.870000005,1,5408.8083328125,,,,,,,,,,,,,5408.8083328125,,4,86,86003500 = .683|86020000 = 10.652|86A12270 = 0,E COPANS RD|N FEDERAL HWY|NE 23RD ST,58200,86020000,86003500,Y,-80.09976791,26.25889235,10,,On-System / On-System,86020000,1029,LPI-00040,2,10.652,10.642,10.661999999999999,N FEDERAL HWY,On Corridor,"448401-1, 457345-1",3,106,0.02,100,0.1,0.6,Verified Match,"448401-1, 457345-1",3
96059,206568,86000130,URBAN GENERAL,MIAMI,URBAN MINOR ART,DIVIDED,,SR   84,4,BROWARD,43000,6,40,1,LPI,Implement a Leading Pedestrian Interval (LPI),,LPI-01624,Potential Location,0.870000005,1,5408.8083328125,,,,,,,,,,,,,5408.8083328125,,4,86,86000130 = .768|86025500 = .007|86080000 = 19.085,SR-84|SW 4TH AVE,29150,86080000,86025500,Y,-80.14680752,26.09264096,10,,On-System / On-System,86080000,1030,LPI-01624,1,0.768,0.758,0.778,SR-84,Off Corridor,,0,0,0,0,87.1,20.6,No Match - Angle Mismatch,,0
96059,206568,86025500,URBAN GENERAL,MIAMI,URBAN MINOR ART,DIVIDED,,SR   84,4,BROWARD,43000,6,40,1,LPI,Implement a Leading Pedestrian Interval (LPI),,LPI-01624,Potential Location,0.870000005,1,5408.8083328125,,,,,,,,,,,,,5408.8083328125,,4,86,86000130 = .768|86025500 = .007|86080000 = 19.085,SR-84|SW 4TH AVE,29150,86080000,86025500,Y,-80.14680752,26.09264096,10,,On-System / On-System,86080000,1030,LPI-01624,2,0.007,0,0.017,SW 4TH AVE,Off Corridor,,0,0,0,0,84.3,63.6,No Match - Angle Mismatch,,0
96059,206568,86080000,URBAN GENERAL,MIAMI,URBAN MINOR ART,DIVIDED,,SR   84,4,BROWARD,43000,6,40,1,LPI,Implement a Leading Pedestrian Interval (LPI),,LPI-01624,Potential Location,0.870000005,1,5408.8083328125,,,,,,,,,,,,,5408.8083328125,,4,86,86000130 = .768|86025500 = .007|86080000 = 19.085,SR-84|SW 4TH AVE,29150,86080000,86025500,Y,-80.14680752,26.09264096,10,,On-System / On-System,86080000,1030,LPI-01624,3,19.085,19.075,19.095000000000002,,On Corridor,"447552-1, 454754-1",4,105,0.02,100,0,0.4,Verified Match,"447552-1, 454754-1",4
96255,206815,86000042,URBAN GENERAL,MIAMI,URBAN PRIN ART OTHER,DIVIDED,US  441,SR    7,4,BROWARD,46500,6,45,1,LPI,Implement a Leading Pedestrian Interval (LPI),,LPI-01342,Potential Location,0.870000005,1,5408.8083328125,,,,,,,,,,,,,5408.8083328125,,4,86,86000042 = 3.165|86100000 = 16.107|86A01621 = .079,SR-7|SW 17TH ST|W MCNAB RD,40500,86100000,86000042,Y,,,10,,On-System / On-System,86100000,1031,LPI-01342,1,3.165,3.1550000000000002,3.175,SR-7,On Corridor,452076-1,3,106,0.02,100,0,0.2,Verified Match,452076-1,3
96255,206815,86100000,URBAN GENERAL,MIAMI,URBAN PRIN ART OTHER,DIVIDED,US  441,SR    7,4,BROWARD,46500,6,45,1,LPI,Implement a Leading Pedestrian Interval (LPI),,LPI-01342,Potential Location,0.870000005,1,5408.8083328125,,,,,,,,,,,,,5408.8083328125,,4,86,86000042 = 3.165|86100000 = 16.107|86A01621 = .079,SR-7|SW 17TH ST|W MCNAB RD,40500,86100000,86000042,Y,,,10,,On-System / On-System,86100000,1031,LPI-01342,2,16.107,16.096999999999998,16.117,SW 17TH ST,On Corridor,457381-1,1,106,0.02,100,0.1,0.6,Verified Match,457381-1,1
96260,205111,86000200,URBAN GENERAL,MIAMI,URBAN PRIN ART OTHER,DIVIDED,,SR  810,4,BROWARD,59500,6,40,1,LPI,Implement a Leading Pedestrian Interval (LPI),,LPI-02510,Potential Location,0.870000005,1,5408.8083328125,,,,,,,,,,,,,5408.8083328125,,4,86,86000200 = .948|86120000 = 5.881,NW MARTIN LUTHER KING JR AVE|SW MARTIN LUTHER KING JR AVE|W HILLSBORO BLVD,30750,86120000,86000200,Y,-80.10786,26.31856059,10,,On-System / On-System,86120000,1032,LPI-02510,1,0.948,0.938,0.958,NW MARTIN LUTHER KING JR AVE,Off Corridor,,0,0,0,0,85.2,24.4,No Match - Angle Mismatch,,0
96260,205111,86120000,URBAN GENERAL,MIAMI,URBAN PRIN ART OTHER,DIVIDED,,SR  810,4,BROWARD,59500,6,40,1,LPI,Implement a Leading Pedestrian Interval (LPI),,LPI-02510,Potential Location,0.870000005,1,5408.8083328125,,,,,,,,,,,,,5408.8083328125,,4,86,86000200 = .948|86120000 = 5.881,NW MARTIN LUTHER KING JR AVE|SW MARTIN LUTHER KING JR AVE|W HILLSBORO BLVD,30750,86120000,86000200,Y,-80.10786,26.31856059,10,,On-System / On-System,86120000,1032,LPI-02510,2,5.881,5.871,5.891,SW MARTIN LUTHER KING JR AVE,On Corridor,"447000-1, 439891-5, 436964-1",4,106,0.02,100,0,0.5,Verified Match,"447000-1, 439891-5, 436964-1",4
96266,205143,86120000,URBAN GENERAL,MIAMI,URBAN MINOR ART,DIVIDED,,SR  810,4,BROWARD,23500,4,35,1,LPI,Implement a Leading Pedestrian Interval (LPI),,LPI-01332,Potential Location,0.870000005,1,5408.8083328125,,,,,,,,,,,,,5408.8083328125,,4,86,86120000 = 7.419|86A05452 = .022,E HILLSBORO BLVD|RIVERVIEW RD|SE 15TH TER,13750,86120000,86A02670,Y,-80.08418883,26.31481352,10,,On-System / Off-System,86120000,1033,LPI-01332,1,7.419,7.409,7.428999999999999,E HILLSBORO BLVD,On Corridor,439891-5,1,106,0.02,100,3.6,0.2,Verified Match,439891-5,1
96556,206946,86210000,URBAN GENERAL,MIAMI,URBAN MINOR ART,DIVIDED,,SR  736,4,BROWARD,44000,4,40,1,LPI,Implement a Leading Pedestrian Interval (LPI),,LPI-01338,Potential Location,0.870000005,1,5408.8083328125,,,,,,,,,,,,,5408.8083328125,,4,86,86210000 = 2.357|86900263 = .244|86A22105 = .078,DAVIE BLVD|SW 17TH AVE,19500,86210000,86900263,Y,-80.16369915,26.1070858,10,,On-System / On-System,86210000,1034,LPI-01338,1,2.357,2.3470000000000004,2.367,DAVIE BLVD,On Corridor,"444118-1, 443978-1, 457344-1",3,106,0.02,100,8,0.5,Verified Match,"444118-1, 443978-1, 457344-1",3
96556,206946,86900263,URBAN GENERAL,MIAMI,URBAN MINOR ART,DIVIDED,,SR  736,4,BROWARD,44000,4,40,1,LPI,Implement a Leading Pedestrian Interval (LPI),,LPI-01338,Potential Location,0.870000005,1,5408.8083328125,,,,,,,,,,,,,5408.8083328125,,4,86,86210000 = 2.357|86900263 = .244|86A22105 = .078,DAVIE BLVD|SW 17TH AVE,19500,86210000,86900263,Y,-80.16369915,26.1070858,10,,On-System / On-System,86210000,1034,LPI-01338,2,0.244,0.23399999999999999,0.254,SW 17TH AVE,On Corridor,"443978-1, 457344-1",2,53,0.01,100,15.6,0.6,Verified Parallel Fallback,"443978-1, 457344-1",2
96598,205714,86100000,URBAN GENERAL,MIAMI,URBAN PRIN ART OTHER,DIVIDED,US  441,SR    7,4,BROWARD,55500,6,45,1,LPI,Implement a Leading Pedestrian Interval (LPI),,LPI-01569,Potential Location,0.870000005,1,5408.8083328125,,,,,,,,,,,,,5408.8083328125,,4,86,86100000 = 14.358|86A30685 = .369|86A32992 = 0,NW 44TH CT|NW 44TH ST|SR-7,24500,86100000,86A30685,Y,-80.20354005,26.18021891,10,,On-System / Off-System,86100000,1035,LPI-01569,1,14.358,14.348,14.368,NW 44TH CT,Off Corridor,,0,0,0,0,,,Unmatched,,0
96739,205374,86000229,URBAN GENERAL,MIAMI,URBAN PRIN ART OTHER,DIVIDED,US  441,SR    7,4,BROWARD,53000,6,35,1,LPI,Implement a Leading Pedestrian Interval (LPI),,LPI-02532,Potential Location,0.870000005,1,5408.8083328125,,,,,,,,,,,,,5408.8083328125,,4,86,86000229 = 2.213|86100000 = 18.578,MARGATE BLVD|SR-7,29000,86100000,86000229,Y,-80.20317799,26.24118647,10,,On-System / On-System,86100000,1036,LPI-02532,1,2.213,2.2030000000000003,2.223,MARGATE BLVD,Off Corridor,,0,0,0,0,89.8,53.7,No Match - Angle Mismatch,,0
96739,205374,86100000,URBAN GENERAL,MIAMI,URBAN PRIN ART OTHER,DIVIDED,US  441,SR    7,4,BROWARD,53000,6,35,1,LPI,Implement a Leading Pedestrian Interval (LPI),,LPI-02532,Potential Location,0.870000005,1,5408.8083328125,,,,,,,,,,,,,5408.8083328125,,4,86,86000229 = 2.213|86100000 = 18.578,MARGATE BLVD|SR-7,29000,86100000,86000229,Y,-80.20317799,26.24118647,10,,On-System / On-System,86100000,1036,LPI-02532,2,18.578,18.567999999999998,18.588,SR-7,On Corridor,457381-1,1,106,0.02,100,0.2,0.7,Verified Match,457381-1,1
97056,203039,86000157,URBAN GENERAL,MIAMI,URBAN PRIN ART OTHER,DIVIDED,,SR  816,4,BROWARD,53000,6,45,1,LPI,Implement a Leading Pedestrian Interval (LPI),,LPI-00058,Potential Location,0.870000005,1,5408.8083328125,,,,,,,,,,,,,5408.8083328125,,4,86,86000157 = 2.001|86000163 = 0|86090000 = 4.336,NW 31ST AVE|W OAKLAND PARK BLVD,82750,86090000,86000157,Y,-80.18701872,26.1653748,10,,On-System / On-System,86090000,1037,LPI-00058,1,2.001,1.9909999999999999,2.0109999999999997,NW 31ST AVE,On Corridor,453341-1,2,74,0.01,100,0.2,0.5,Verified Parallel Fallback,453341-1,2
97056,203039,86000163,URBAN GENERAL,MIAMI,URBAN PRIN ART OTHER,DIVIDED,,SR  816,4,BROWARD,53000,6,45,1,LPI,Implement a Leading Pedestrian Interval (LPI),,LPI-00058,Potential Location,0.870000005,1,5408.8083328125,,,,,,,,,,,,,5408.8083328125,,4,86,86000157 = 2.001|86000163 = 0|86090000 = 4.336,NW 31ST AVE|W OAKLAND PARK BLVD,82750,86090000,86000157,Y,-80.18701872,26.1653748,10,,On-System / On-System,86090000,1037,LPI-00058,2,0,0,0.01,W OAKLAND PARK BLVD,On Corridor,453341-1,4,53,0.01,100,0.3,0.5,Verified Parallel Fallback,453341-1,4
97056,203039,86090000,URBAN GENERAL,MIAMI,URBAN PRIN ART OTHER,DIVIDED,,SR  816,4,BROWARD,53000,6,45,1,LPI,Implement a Leading Pedestrian Interval (LPI),,LPI-00058,Potential Location,0.870000005,1,5408.8083328125,,,,,,,,,,,,,5408.8083328125,,4,86,86000157 = 2.001|86000163 = 0|86090000 = 4.336,NW 31ST AVE|W OAKLAND PARK BLVD,82750,86090000,86000157,Y,-80.18701872,26.1653748,10,,On-System / On-System,86090000,1037,LPI-00058,3,4.336,4.3260000000000005,4.346,,On Corridor,"447675-1, 447546-1",2,105,0.02,100,0.2,0.4,Verified Match,"447675-1, 447546-1",2
97399,202360,86050000,URBAN GENERAL,MIAMI,URBAN MINOR ART,DIVIDED,,SR  A1A,4,BROWARD,23500,4,35,1,LPI,Implement a Leading Pedestrian Interval (LPI),,LPI-00862,Potential Location,0.870000005,1,5408.8083328125,,,,,,,,,,,,,5408.8083328125,,4,86,86050000 = 5.45|86600005 = .792|86900178 = .174,GALT OCEAN DR|N OCEAN BLVD|NE 32ND ST|SR-A1A,11500,86050000,86600005,Y,-80.10035713,26.16847656,10,,On-System / On-System,86050000,1038,LPI-00862,1,5.45,5.44,5.46,GALT OCEAN DR,On Corridor,"444120-1, 451576-3",6,106,0.02,100,0,0.6,Verified Match,"444120-1, 451576-3",6
97399,202360,86600005,URBAN GENERAL,MIAMI,URBAN MINOR ART,DIVIDED,,SR  A1A,4,BROWARD,23500,4,35,1,LPI,Implement a Leading Pedestrian Interval (LPI),,LPI-00862,Potential Location,0.870000005,1,5408.8083328125,,,,,,,,,,,,,5408.8083328125,,4,86,86050000 = 5.45|86600005 = .792|86900178 = .174,GALT OCEAN DR|N OCEAN BLVD|NE 32ND ST|SR-A1A,11500,86050000,86600005,Y,-80.10035713,26.16847656,10,,On-System / On-System,86050000,1038,LPI-00862,2,0.792,0.782,0.802,N OCEAN BLVD,Off Corridor,,0,0,0,0,48.5,94.8,No Match - Angle Mismatch,,0
97399,202360,86900178,URBAN GENERAL,MIAMI,URBAN MINOR ART,DIVIDED,,SR  A1A,4,BROWARD,23500,4,35,1,LPI,Implement a Leading Pedestrian Interval (LPI),,LPI-00862,Potential Location,0.870000005,1,5408.8083328125,,,,,,,,,,,,,5408.8083328125,,4,86,86050000 = 5.45|86600005 = .792|86900178 = .174,GALT OCEAN DR|N OCEAN BLVD|NE 32ND ST|SR-A1A,11500,86050000,86600005,Y,-80.10035713,26.16847656,10,,On-System / On-System,86050000,1038,LPI-00862,3,0.174,0.16399999999999998,0.184,NE 32ND ST,Off Corridor,,0,0,0,0,86.4,64.6,No Match - Angle Mismatch,,0
97460,200686,86050000,URBAN GENERAL,MIAMI,URBAN MINOR ART,DIVIDED,,SR  A1A,4,BROWARD,23500,4,35,1,LPI,Implement a Leading Pedestrian Interval (LPI),,LPI-01437,Potential Location,0.870000005,1,5408.8083328125,,,,,,,,,,,,,5408.8083328125,,4,86,86050000 = 6.194|86A14502 = .024|86A33080 = .007,N OCEAN BLVD|NE 41ST ST|SR-A1A,11500,86050000,86A14502,Y,-80.09845996,26.17914,10,,On-System / Off-System,86050000,1039,LPI-01437,1,6.194,6.184,6.204,N OCEAN BLVD,On Corridor,"444120-1, 451576-3",6,106,0.02,100,0.2,0.6,Verified Match,"444120-1, 451576-3",6
97516,205528,86000061,URBAN GENERAL,MIAMI,URBAN PRIN ART OTHER,DIVIDED,US  441,SR    7,4,BROWARD,44500,6,40,1,LPI,Implement a Leading Pedestrian Interval (LPI),,LPI-01333,Potential Location,0.870000005,1,5408.8083328125,,,,,,,,,,,,,5408.8083328125,,4,86,86000061 = .499|86100000 = 10.786|86A16607 = 0,NW 40TH AVE|NW 5TH ST|NW 6TH CT,21250,86100000,86000061,Y,-80.20222692,26.12836852,10,,On-System / On-System,86100000,1040,LPI-01333,1,0.499,0.489,0.509,NW 40TH AVE,Off Corridor,,0,0,0,0,88.4,56.9,No Match - Angle Mismatch,,0
97516,205528,86100000,URBAN GENERAL,MIAMI,URBAN PRIN ART OTHER,DIVIDED,US  441,SR    7,4,BROWARD,44500,6,40,1,LPI,Implement a Leading Pedestrian Interval (LPI),,LPI-01333,Potential Location,0.870000005,1,5408.8083328125,,,,,,,,,,,,,5408.8083328125,,4,86,86000061 = .499|86100000 = 10.786|86A16607 = 0,NW 40TH AVE|NW 5TH ST|NW 6TH CT,21250,86100000,86000061,Y,-80.20222692,26.12836852,10,,On-System / On-System,86100000,1040,LPI-01333,2,10.786,10.776,10.796,NW 5TH ST,On Corridor,448410-1,1,106,0.02,100,0,0.5,Verified Match,448410-1,1
97573,203094,86000091,URBAN GENERAL,MIAMI,URBAN PRIN ART OTHER,DIVIDED,US  441,SR    7,4,BROWARD,55500,6,40,1,LPI,Implement a Leading Pedestrian Interval (LPI),,LPI-01459,Potential Location,0.870000005,1,5408.8083328125,,,,,,,,,,,,,5408.8083328125,,4,86,86000091 = 1.752|86100000 = 2.06,S 60TH AVE|WASHINGTON ST,24900,86100000,86000091,Y,-80.2072532,26.00265,10,,On-System / On-System,86100000,1041,LPI-01459,1,1.752,1.742,1.762,S 60TH AVE,On Corridor,443944-1,1,106,0.02,100,0.2,274.4,Verified Match,443944-1,1
97573,203094,86100000,URBAN GENERAL,MIAMI,URBAN PRIN ART OTHER,DIVIDED,US  441,SR    7,4,BROWARD,55500,6,40,1,LPI,Implement a Leading Pedestrian Interval (LPI),,LPI-01459,Potential Location,0.870000005,1,5408.8083328125,,,,,,,,,,,,,5408.8083328125,,4,86,86000091 = 1.752|86100000 = 2.06,S 60TH AVE|WASHINGTON ST,24900,86100000,86000091,Y,-80.2072532,26.00265,10,,On-System / On-System,86100000,1041,LPI-01459,2,2.06,2.0500000000000003,2.07,WASHINGTON ST,Off Corridor,,0,0,0,0,87,260.1,No Match - Angle Mismatch,,0
97654,207592,86200000,URBAN GENERAL,MIAMI,URBAN PRIN ART OTHER,DIVIDED,,SR  858,4,BROWARD,39500,6,35,1,LPI,Implement a Leading Pedestrian Interval (LPI),,LPI-00397,Potential Location,0.870000005,1,5408.8083328125,,,,,,,,,,,,,5408.8083328125,,4,86,86200000 = 4.999|86A40891 = .012,E HALLANDALE BEACH BLVD|THREE ISLANDS BLVD,19250,86200000,86A34402,Y,-80.12627583,25.98621523,10,,On-System / Off-System,86200000,1042,LPI-00397,1,4.999,4.989,5.0089999999999995,E HALLANDALE BEACH BLVD,On Corridor,"446996-1, 448413-1, 444120-1, 453430-2",6,106,0.02,100,0.1,0.4,Verified Match,"446996-1, 448413-1, 444120-1, 453430-2",6
98184,206479,86100000,URBAN GENERAL,MIAMI,URBAN PRIN ART OTHER,DIVIDED,US  441,SR    7,4,BROWARD,55500,6,40,1,LPI,Implement a Leading Pedestrian Interval (LPI),,LPI-01341,Potential Location,0.870000005,1,5408.8083328125,,,,,,,,,,,,,5408.8083328125,,4,86,86100000 = 14.081|86900237 = .98|86A14552 = .009,NW 41ST ST|SR-7,24500,86100000,86900237,Y,-80.20344439,26.17623,10,,On-System / On-System,86100000,1043,LPI-01341,1,14.081,14.071,14.091,NW 41ST ST,Off Corridor,,0,0,0,0,89.1,3.3,No Match - Angle Mismatch,,0
98184,206479,86900237,URBAN GENERAL,MIAMI,URBAN PRIN ART OTHER,DIVIDED,US  441,SR    7,4,BROWARD,55500,6,40,1,LPI,Implement a Leading Pedestrian Interval (LPI),,LPI-01341,Potential Location,0.870000005,1,5408.8083328125,,,,,,,,,,,,,5408.8083328125,,4,86,86100000 = 14.081|86900237 = .98|86A14552 = .009,NW 41ST ST|SR-7,24500,86100000,86900237,Y,-80.20344439,26.17623,10,,On-System / On-System,86100000,1043,LPI-01341,2,0.98,0.97,0.99,SR-7,On Corridor,"453338-1, 456531-1",3,79,0.02,100,0.3,0.4,Verified Match,"453338-1, 456531-1",3
98192,206486,86000442,URBAN GENERAL,MIAMI,URBAN PRIN ART OTHER,DIVIDED,US  441,SR    7,4,BROWARD,53500,6,45,1,LPI,Implement a Leading Pedestrian Interval (LPI),,LPI-01620,Potential Location,0.870000005,1,5408.8083328125,,,,,,,,,,,,,5408.8083328125,,4,86,86000442 = 1.428|86100000 = 20.418,NW 31ST ST|SR-7,50750,86100000,86000442,Y,-80.20170396,26.2674,10,,On-System / On-System,86100000,1044,LPI-01620,1,1.428,1.418,1.438,NW 31ST ST,Off Corridor,,0,0,0,0,,,Unmatched,,0
98192,206486,86100000,URBAN GENERAL,MIAMI,URBAN PRIN ART OTHER,DIVIDED,US  441,SR    7,4,BROWARD,53500,6,45,1,LPI,Implement a Leading Pedestrian Interval (LPI),,LPI-01620,Potential Location,0.870000005,1,5408.8083328125,,,,,,,,,,,,,5408.8083328125,,4,86,86000442 = 1.428|86100000 = 20.418,NW 31ST ST|SR-7,50750,86100000,86000442,Y,-80.20170396,26.2674,10,,On-System / On-System,86100000,1044,LPI-01620,2,20.418,20.407999999999998,20.428,SR-7,On Corridor,457381-1,1,106,0.02,100,0.1,0.6,Verified Match,457381-1,1
99431,206052,86100000,URBAN GENERAL,MIAMI,URBAN PRIN ART OTHER,DIVIDED,US  441,SR    7,4,BROWARD,44500,6,40,1,LPI,Implement a Leading Pedestrian Interval (LPI),,LPI-01583,Potential Location,0.870000005,1,5408.8083328125,,,,,,,,,,,,,5408.8083328125,,4,86,86100000 = 10.651|86A16699 = .121|86A16701 = .008,N HOSPITAL DR|NW 40TH AVE|NW 5TH ST,21250,86100000,86A16699,Y,-80.20215048,26.12647465,10,,On-System / Off-System,86100000,1045,LPI-01583,1,10.651,10.641,10.661,N HOSPITAL DR,On Corridor,448410-1,1,106,0.02,100,0,0.5,Verified Match,448410-1,1
99613,203315,86100000,URBAN GENERAL,MIAMI,URBAN PRIN ART OTHER,DIVIDED,US  441,SR    7,4,BROWARD,55500,6,40,1,LPI,Implement a Leading Pedestrian Interval (LPI),,LPI-00375,Potential Location,0.870000005,1,5408.8083328125,,,,,,,,,,,,,5408.8083328125,,4,86,86100000 = 13.564|86900235 = .009|86A14831 = .025,NW 34TH ST|SR-7,24500,86100000,86900235,Y,-80.20321063,26.16873,10,,On-System / On-System,86100000,1046,LPI-00375,1,13.564,13.554,13.574,NW 34TH ST,Off Corridor,,0,0,0,0,,,Unmatched,,0
99613,203315,86900235,URBAN GENERAL,MIAMI,URBAN PRIN ART OTHER,DIVIDED,US  441,SR    7,4,BROWARD,55500,6,40,1,LPI,Implement a Leading Pedestrian Interval (LPI),,LPI-00375,Potential Location,0.870000005,1,5408.8083328125,,,,,,,,,,,,,5408.8083328125,,4,86,86100000 = 13.564|86900235 = .009|86A14831 = .025,NW 34TH ST|SR-7,24500,86100000,86900235,Y,-80.20321063,26.16873,10,,On-System / On-System,86100000,1046,LPI-00375,2,0.009,0,0.019,SR-7,Off Corridor,,0,0,0,0,,,Unmatched,,0
99663,207771,86000125,URBAN GENERAL,MIAMI,URBAN MINOR ART,DIVIDED,,SR  736,4,BROWARD,44000,4,40,1,LPI,Implement a Leading Pedestrian Interval (LPI),,LPI-02551,Potential Location,0.870000005,1,5408.8083328125,,,,,,,,,,,,,5408.8083328125,,4,86,86000125 = 1.523|86000140 = 0|86210000 = 3.006,DAVIE BLVD|SW 9TH AVE,37150,86210000,86000125,Y,-80.15324004,26.10733245,10,,On-System / On-System,86210000,1047,LPI-02551,1,1.523,1.513,1.533,DAVIE BLVD,Off Corridor,,0,0,0,0,89.1,26.3,No Match - Angle Mismatch,,0
99663,207771,86000140,URBAN GENERAL,MIAMI,URBAN MINOR ART,DIVIDED,,SR  736,4,BROWARD,44000,4,40,1,LPI,Implement a Leading Pedestrian Interval (LPI),,LPI-02551,Potential Location,0.870000005,1,5408.8083328125,,,,,,,,,,,,,5408.8083328125,,4,86,86000125 = 1.523|86000140 = 0|86210000 = 3.006,DAVIE BLVD|SW 9TH AVE,37150,86210000,86000125,Y,-80.15324004,26.10733245,10,,On-System / On-System,86210000,1047,LPI-02551,2,0,0,0.01,SW 9TH AVE,Off Corridor,,0,0,0,0,88.9,26.9,No Match - Angle Mismatch,,0
99663,207771,86210000,URBAN GENERAL,MIAMI,URBAN MINOR ART,DIVIDED,,SR  736,4,BROWARD,44000,4,40,1,LPI,Implement a Leading Pedestrian Interval (LPI),,LPI-02551,Potential Location,0.870000005,1,5408.8083328125,,,,,,,,,,,,,5408.8083328125,,4,86,86000125 = 1.523|86000140 = 0|86210000 = 3.006,DAVIE BLVD|SW 9TH AVE,37150,86210000,86000125,Y,-80.15324004,26.10733245,10,,On-System / On-System,86210000,1047,LPI-02551,3,3.006,2.996,3.0159999999999996,,On Corridor,444118-1,1,106,0.02,100,0,0.4,Verified Match,444118-1,1
99710,202631,86000423,URBAN GENERAL,MIAMI,URBAN PRIN ART OTHER,DIVIDED,,SR  820,4,BROWARD,52000,7,45,1,LPI,Implement a Leading Pedestrian Interval (LPI),,LPI-01457,Potential Location,0.870000005,1,5408.8083328125,,,,,,,,,,,,,5408.8083328125,,4,86,86000423 = 1.003|86040000 = 8.469,HIATUS RD|PINES BLVD,71200,86040000,86000423,Y,-80.29615523,26.00774942,10,,On-System / On-System,86040000,1048,LPI-01457,1,1.003,0.9929999999999999,1.013,HIATUS RD,Off Corridor,,0,0,0,0,88.9,28.4,No Match - Angle Mismatch,,0
99710,202631,86040000,URBAN GENERAL,MIAMI,URBAN PRIN ART OTHER,DIVIDED,,SR  820,4,BROWARD,52000,7,45,1,LPI,Implement a Leading Pedestrian Interval (LPI),,LPI-01457,Potential Location,0.870000005,1,5408.8083328125,,,,,,,,,,,,,5408.8083328125,,4,86,86000423 = 1.003|86040000 = 8.469,HIATUS RD|PINES BLVD,71200,86040000,86000423,Y,-80.29615523,26.00774942,10,,On-System / On-System,86040000,1048,LPI-01457,2,8.469,8.459,8.479,PINES BLVD,On Corridor,448403-1,1,105,0.02,100,0.2,0.2,Verified Match,448403-1,1
99893,206258,86025500,URBAN GENERAL,MIAMI,URBAN MINOR ART,DIVIDED,,SR  736,4,BROWARD,35500,4,35,1,LPI,Implement a Leading Pedestrian Interval (LPI),,LPI-02538,Potential Location,0.870000005,1,5408.8083328125,,,,,,,,,,,,,5408.8083328125,,4,86,86025500 = 1.02|86210000 = 3.385,DAVIE BLVD|SW 4TH AVE,24500,86210000,86025500,Y,-80.14714519,26.10745,10,,On-System / On-System,86210000,1049,LPI-02538,1,1.02,1.01,1.03,DAVIE BLVD,Off Corridor,,0,0,0,0,89.4,0.7,No Match - Angle Mismatch,,0
99893,206258,86210000,URBAN GENERAL,MIAMI,URBAN MINOR ART,DIVIDED,,SR  736,4,BROWARD,35500,4,35,1,LPI,Implement a Leading Pedestrian Interval (LPI),,LPI-02538,Potential Location,0.870000005,1,5408.8083328125,,,,,,,,,,,,,5408.8083328125,,4,86,86025500 = 1.02|86210000 = 3.385,DAVIE BLVD|SW 4TH AVE,24500,86210000,86025500,Y,-80.14714519,26.10745,10,,On-System / On-System,86210000,1049,LPI-02538,2,3.385,3.375,3.3949999999999996,SW 4TH AVE,On Corridor,444118-1,1,105,0.02,100,2.1,0.4,Verified Match,444118-1,1
102699,203701,86000205,URBAN GENERAL,MIAMI,URBAN PRIN ART OTHER,DIVIDED,,SR  810,4,BROWARD,28500,4,35,1,LPI,Implement a Leading Pedestrian Interval (LPI),,LPI-00388,Potential Location,0.870000005,1,5408.8083328125,,,,,,,,,,,,,5408.8083328125,,4,86,86000205 = .927|86120000 = 6.383|86A10653 = 0,E HILLSBORO BLVD|NE 2ND AVE|SE 2ND AVE,16050,86120000,86000205,Y,-80.09978992,26.31838237,10,,On-System / On-System,86120000,1050,LPI-00388,1,0.927,0.917,0.937,E HILLSBORO BLVD,Off Corridor,,0,0,0,0,88.2,26,No Match - Angle Mismatch,,0
102699,203701,86120000,URBAN GENERAL,MIAMI,URBAN PRIN ART OTHER,DIVIDED,,SR  810,4,BROWARD,28500,4,35,1,LPI,Implement a Leading Pedestrian Interval (LPI),,LPI-00388,Potential Location,0.870000005,1,5408.8083328125,,,,,,,,,,,,,5408.8083328125,,4,86,86000205 = .927|86120000 = 6.383|86A10653 = 0,E HILLSBORO BLVD|NE 2ND AVE|SE 2ND AVE,16050,86120000,86000205,Y,-80.09978992,26.31838237,10,,On-System / On-System,86120000,1050,LPI-00388,2,6.383,6.373,6.393,NE 2ND AVE,On Corridor,"447000-1, 439891-5",2,105,0.02,100,2.2,0.5,Verified Match,"447000-1, 439891-5",2
102755,203882,86120000,URBAN GENERAL,MIAMI,URBAN PRIN ART OTHER,DIVIDED,,SR  810,4,BROWARD,59500,6,40,1,LPI,Implement a Leading Pedestrian Interval (LPI),,LPI-00378,Potential Location,0.870000005,1,5408.8083328125,,,,,,,,,,,,,5408.8083328125,,4,86,86120000 = 6.069|86A10647 = .01,NW 2ND AVE|W HILLSBORO BLVD,27500,86120000,86A05663,Y,-80.10482,26.31871184,10,,On-System / Off-System,86120000,1051,LPI-00378,1,6.069,6.059,6.079,NW 2ND AVE,On Corridor,"447000-1, 439891-5",2,105,0.02,100,0,0.5,Verified Match,"447000-1, 439891-5",2
104507,238443,88000053,URBAN GENERAL,VERO BEACH-SEBASTIAN,URBAN PRIN ART OTHER,DIVIDED,,SR   60,4,INDIAN RIVER,8500,4,45,1,LPI,Implement a Leading Pedestrian Interval (LPI),,LPI-00356,Potential Location,0.870000005,1,5408.8083328125,,,,,,,,,,,,,5408.8083328125,,4,88,88000053 = .386|88060000 = 31.237|88A00335 = 0,20TH ST|INDIAN RIVER BLVD|TARPON DR,26900,88060000,88000053,Y,-80.38012463,27.63789,10,,On-System / On-System,88060000,1052,LPI-00356,1,0.386,0.376,0.396,20TH ST,Off Corridor,,0,0,0,0,82.1,115.6,No Match - Angle Mismatch,,0
104507,238443,88060000,URBAN GENERAL,VERO BEACH-SEBASTIAN,URBAN PRIN ART OTHER,DIVIDED,,SR   60,4,INDIAN RIVER,8500,4,45,1,LPI,Implement a Leading Pedestrian Interval (LPI),,LPI-00356,Potential Location,0.870000005,1,5408.8083328125,,,,,,,,,,,,,5408.8083328125,,4,88,88000053 = .386|88060000 = 31.237|88A00335 = 0,20TH ST|INDIAN RIVER BLVD|TARPON DR,26900,88060000,88000053,Y,-80.38012463,27.63789,10,,On-System / On-System,88060000,1052,LPI-00356,2,31.237,31.226999999999997,31.247,INDIAN RIVER BLVD,On Corridor,448443-1,2,106,0.02,100,26.8,88.3,Verified Match,448443-1,2
104602,239612,88000022,URBAN GENERAL,VERO BEACH-SEBASTIAN,URBAN PRIN ART OTHER,DIVIDED,US    1,SR    5,4,INDIAN RIVER,27000,4,35,1,LPI,Implement a Leading Pedestrian Interval (LPI),,LPI-00357,Potential Location,0.870000005,1,5408.8083328125,,,,,,,,,,,,,5408.8083328125,,4,88,88000022 = 1.526|88003000 = 0|88010000 = 5.381,17TH ST|US-1,23600,88010000,88003000,Y,-80.38918341,27.63253806,10,,On-System / On-System,88010000,1053,LPI-00357,1,1.526,1.516,1.536,17TH ST,Off Corridor,,0,0,0,0,,,Unmatched,,0
104602,239612,88003000,URBAN GENERAL,VERO BEACH-SEBASTIAN,URBAN PRIN ART OTHER,DIVIDED,US    1,SR    5,4,INDIAN RIVER,27000,4,35,1,LPI,Implement a Leading Pedestrian Interval (LPI),,LPI-00357,Potential Location,0.870000005,1,5408.8083328125,,,,,,,,,,,,,5408.8083328125,,4,88,88000022 = 1.526|88003000 = 0|88010000 = 5.381,17TH ST|US-1,23600,88010000,88003000,Y,-80.38918341,27.63253806,10,,On-System / On-System,88010000,1053,LPI-00357,2,0,0,0.01,US-1,Off Corridor,,0,0,0,0,,,Unmatched,,0
104602,239612,88010000,URBAN GENERAL,VERO BEACH-SEBASTIAN,URBAN PRIN ART OTHER,DIVIDED,US    1,SR    5,4,INDIAN RIVER,27000,4,35,1,LPI,Implement a Leading Pedestrian Interval (LPI),,LPI-00357,Potential Location,0.870000005,1,5408.8083328125,,,,,,,,,,,,,5408.8083328125,,4,88,88000022 = 1.526|88003000 = 0|88010000 = 5.381,17TH ST|US-1,23600,88010000,88003000,Y,-80.38918341,27.63253806,10,,On-System / On-System,88010000,1053,LPI-00357,3,5.381,5.371,5.391,,Off Corridor,,0,0,0,0,,,Unmatched,,0
104753,240659,88000019,URBAN GENERAL,VERO BEACH-SEBASTIAN,URBAN PRIN ART OTHER,DIVIDED,US    1,SR    5,4,INDIAN RIVER,18500,4,35,1,LPI,Implement a Leading Pedestrian Interval (LPI),,LPI-00898,Potential Location,0.870000005,1,5408.8083328125,,,,,,,,,,,,,5408.8083328125,,4,88,88000019 = 1.928|88010000 = 6.771|88A00312 = 0,26TH ST|US-1,10275,88010000,88000019,Y,-80.39943424,27.64551021,10,,On-System / On-System,88010000,1054,LPI-00898,1,1.928,1.918,1.938,26TH ST,Off Corridor,,0,0,0,0,,,Unmatched,,0
104753,240659,88010000,URBAN GENERAL,VERO BEACH-SEBASTIAN,URBAN PRIN ART OTHER,DIVIDED,US    1,SR    5,4,INDIAN RIVER,18500,4,35,1,LPI,Implement a Leading Pedestrian Interval (LPI),,LPI-00898,Potential Location,0.870000005,1,5408.8083328125,,,,,,,,,,,,,5408.8083328125,,4,88,88000019 = 1.928|88010000 = 6.771|88A00312 = 0,26TH ST|US-1,10275,88010000,88000019,Y,-80.39943424,27.64551021,10,,On-System / On-System,88010000,1054,LPI-00898,2,6.771,6.761,6.781,US-1,Off Corridor,,0,0,0,0,,,Unmatched,,0
104932,204325,86000445,URBAN GENERAL,MIAMI,URBAN PRIN ART OTHER,DIVIDED,,SR  823,4,BROWARD,41500,6,45,1,LPI,Implement a Leading Pedestrian Interval (LPI),,LPI-00065,Potential Location,0.870000005,1,5408.8083328125,,,,,,,,,,,,,5408.8083328125,,4,86,86000445 = .006|86190500 = 1.045,RED RD|S HIATUS RD,25300,86190500,86000445,Y,-80.29904348,25.98416049,10,,On-System / On-System,86190500,1055,LPI-00065,1,0.006,0,0.016,RED RD,Off Corridor,,0,0,0,0,,,Unmatched,,0
104932,204325,86190500,URBAN GENERAL,MIAMI,URBAN PRIN ART OTHER,DIVIDED,,SR  823,4,BROWARD,41500,6,45,1,LPI,Implement a Leading Pedestrian Interval (LPI),,LPI-00065,Potential Location,0.870000005,1,5408.8083328125,,,,,,,,,,,,,5408.8083328125,,4,86,86000445 = .006|86190500 = 1.045,RED RD|S HIATUS RD,25300,86190500,86000445,Y,-80.29904348,25.98416049,10,,On-System / On-System,86190500,1055,LPI-00065,2,1.045,1.035,1.055,S HIATUS RD,Off Corridor,,0,0,0,0,,,Unmatched,,0
105061,241897,88000018,URBAN GENERAL,VERO BEACH-SEBASTIAN,URBAN PRIN ART OTHER,DIVIDED,US    1,SR    5,4,INDIAN RIVER,33500,4,45,1,LPI,Implement a Leading Pedestrian Interval (LPI),,LPI-00922,Potential Location,0.870000005,1,5408.8083328125,,,,,,,,,,,,,5408.8083328125,,4,88,88000018 = 0|88010000 = 7.828,37TH ST|US-1,33450,88010000,88000018,Y,-80.40416258,27.66020356,10,,On-System / On-System,88010000,1056,LPI-00922,1,0,0,0.01,37TH ST,Off Corridor,,0,0,0,0,,,Unmatched,,0
105061,241897,88010000,URBAN GENERAL,VERO BEACH-SEBASTIAN,URBAN PRIN ART OTHER,DIVIDED,US    1,SR    5,4,INDIAN RIVER,33500,4,45,1,LPI,Implement a Leading Pedestrian Interval (LPI),,LPI-00922,Potential Location,0.870000005,1,5408.8083328125,,,,,,,,,,,,,5408.8083328125,,4,88,88000018 = 0|88010000 = 7.828,37TH ST|US-1,33450,88010000,88000018,Y,-80.40416258,27.66020356,10,,On-System / On-System,88010000,1056,LPI-00922,2,7.828,7.8180000000000005,7.838,US-1,Off Corridor,,0,0,0,0,,,Unmatched,,0
105165,242157,88010000,URBAN GENERAL,VERO BEACH-SEBASTIAN,URBAN PRIN ART OTHER,DIVIDED,US    1,SR    5,4,INDIAN RIVER,22240,4,35,1,LPI,Implement a Leading Pedestrian Interval (LPI),,LPI-00617,Potential Location,0.870000005,1,5408.8083328125,,,,,,,,,,,,,5408.8083328125,,4,88,88010000 = 5.826|88060001 = .268|88080000 = 0,20TH PL|21ST ST|8TH AVE|US-1,24409,88010000,88060001,Y,-80.38915064,27.63917178,10,,On-System / On-System,88010000,1057,LPI-00617,1,5.826,5.816,5.835999999999999,20TH PL,Off Corridor,,0,0,0,0,78.6,33.3,No Match - Angle Mismatch,,0
105165,242157,88060001,URBAN GENERAL,VERO BEACH-SEBASTIAN,URBAN PRIN ART OTHER,DIVIDED,US    1,SR    5,4,INDIAN RIVER,22240,4,35,1,LPI,Implement a Leading Pedestrian Interval (LPI),,LPI-00617,Potential Location,0.870000005,1,5408.8083328125,,,,,,,,,,,,,5408.8083328125,,4,88,88010000 = 5.826|88060001 = .268|88080000 = 0,20TH PL|21ST ST|8TH AVE|US-1,24409,88010000,88060001,Y,-80.38915064,27.63917178,10,,On-System / On-System,88010000,1057,LPI-00617,2,0.268,0.258,0.278,21ST ST,On Corridor,448443-1,2,105,0.02,100,0.2,0.6,Verified Match,448443-1,2
105165,242157,88080000,URBAN GENERAL,VERO BEACH-SEBASTIAN,URBAN PRIN ART OTHER,DIVIDED,US    1,SR    5,4,INDIAN RIVER,22240,4,35,1,LPI,Implement a Leading Pedestrian Interval (LPI),,LPI-00617,Potential Location,0.870000005,1,5408.8083328125,,,,,,,,,,,,,5408.8083328125,,4,88,88010000 = 5.826|88060001 = .268|88080000 = 0,20TH PL|21ST ST|8TH AVE|US-1,24409,88010000,88060001,Y,-80.38915064,27.63917178,10,,On-System / On-System,88010000,1057,LPI-00617,3,0,0,0.01,8TH AVE,Off Corridor,,0,0,0,0,84.4,235.7,No Match - Angle Mismatch,,0
106544,240767,88003000,URBAN GENERAL,VERO BEACH-SEBASTIAN,URBAN MINOR ART,DIVIDED,,SR  A1A,4,INDIAN RIVER,17100,2,45,1,LPI,Implement a Leading Pedestrian Interval (LPI),,LPI-00358,Potential Location,0.870000005,1,5408.8083328125,,,,,,,,,,,,,5408.8083328125,,4,88,88003000 = 1.979|88070000 = 5.64,E CAUSEWAY BLVD|SR-A1A,14525,88070000,88003000,Y,-80.35692638,27.63225,10,,On-System / On-System,88070000,1058,LPI-00358,1,1.979,1.969,1.989,E CAUSEWAY BLVD,Off Corridor,,0,0,0,0,,,Unmatched,,0
106544,240767,88070000,URBAN GENERAL,VERO BEACH-SEBASTIAN,URBAN MINOR ART,DIVIDED,,SR  A1A,4,INDIAN RIVER,17100,2,45,1,LPI,Implement a Leading Pedestrian Interval (LPI),,LPI-00358,Potential Location,0.870000005,1,5408.8083328125,,,,,,,,,,,,,5408.8083328125,,4,88,88003000 = 1.979|88070000 = 5.64,E CAUSEWAY BLVD|SR-A1A,14525,88070000,88003000,Y,-80.35692638,27.63225,10,,On-System / On-System,88070000,1058,LPI-00358,2,5.64,5.63,5.6499999999999995,SR-A1A,Off Corridor,,0,0,0,0,,,Unmatched,,0
107557,203621,86200500,URBAN GENERAL,MIAMI,URBAN PRIN ART OTHER,DIVIDED,,SR  817,4,BROWARD,60000,6,45,1,LPI,Implement a Leading Pedestrian Interval (LPI),,LPI-01517,Potential Location,0.870000005,1,5408.8083328125,,,,,,,,,,,,,5408.8083328125,,4,86,86200500 = 1.959|86220000 = .67|86509501 = .005,MIRAMAR PKWY|S UNIVERSITY DR,80750,86220000,86509501,Y,-80.24719698,25.9815749,10,,On-System / On-System,86220000,1059,LPI-01517,1,1.959,1.949,1.969,MIRAMAR PKWY,Off Corridor,,0,0,0,0,90,201.1,No Match - Angle Mismatch,,0
107557,203621,86220000,URBAN GENERAL,MIAMI,URBAN PRIN ART OTHER,DIVIDED,,SR  817,4,BROWARD,60000,6,45,1,LPI,Implement a Leading Pedestrian Interval (LPI),,LPI-01517,Potential Location,0.870000005,1,5408.8083328125,,,,,,,,,,,,,5408.8083328125,,4,86,86200500 = 1.959|86220000 = .67|86509501 = .005,MIRAMAR PKWY|S UNIVERSITY DR,80750,86220000,86509501,Y,-80.24719698,25.9815749,10,,On-System / On-System,86220000,1059,LPI-01517,2,0.67,0.66,0.68,S UNIVERSITY DR,On Corridor,445524-1,1,106,0.02,100,0.1,127,Verified Match,445524-1,1
107557,203621,86509501,URBAN GENERAL,MIAMI,URBAN PRIN ART OTHER,DIVIDED,,SR  817,4,BROWARD,60000,6,45,1,LPI,Implement a Leading Pedestrian Interval (LPI),,LPI-01517,Potential Location,0.870000005,1,5408.8083328125,,,,,,,,,,,,,5408.8083328125,,4,86,86200500 = 1.959|86220000 = .67|86509501 = .005,MIRAMAR PKWY|S UNIVERSITY DR,80750,86220000,86509501,Y,-80.24719698,25.9815749,10,,On-System / On-System,86220000,1059,LPI-01517,3,0.005,0,0.015,,Off Corridor,,0,0,0,0,89.9,120.7,No Match - Angle Mismatch,,0
108246,270414,93000110,URBAN GENERAL,MIAMI,URBAN PRIN ART OTHER,DIVIDED,,SR  802,4,PALM BEACH,44500,6,45,1,LPI,Implement a Leading Pedestrian Interval (LPI),,LPI-02007,Potential Location,0.870000005,1,5408.8083328125,,,,,,,,,,,,,5408.8083328125,,4,93,93000110 = 6.343|93180000 = 3.615,JOG RD|LAKE WORTH RD,81500,93180000,93000110,Y,-80.14661014,26.61885246,10,,On-System / On-System,93180000,1060,LPI-02007,1,6.343,6.333,6.353,JOG RD,Off Corridor,,0,0,0,0,,,Unmatched,,0
108246,270414,93180000,URBAN GENERAL,MIAMI,URBAN PRIN ART OTHER,DIVIDED,,SR  802,4,PALM BEACH,44500,6,45,1,LPI,Implement a Leading Pedestrian Interval (LPI),,LPI-02007,Potential Location,0.870000005,1,5408.8083328125,,,,,,,,,,,,,5408.8083328125,,4,93,93000110 = 6.343|93180000 = 3.615,JOG RD|LAKE WORTH RD,81500,93180000,93000110,Y,-80.14661014,26.61885246,10,,On-System / On-System,93180000,1060,LPI-02007,2,3.615,3.6050000000000004,3.625,LAKE WORTH RD,Off Corridor,,0,0,0,0,,,Unmatched,,0
108689,266544,93040000,URBAN GENERAL,MIAMI,URBAN MINOR ART,DIVIDED,US    1,SR    5,4,PALM BEACH,24000,4,35,1,LPI,Implement a Leading Pedestrian Interval (LPI),,LPI-00239,Potential Location,0.870000005,1,5408.8083328125,,,,,,,,,,,,,5408.8083328125,,4,93,93040000 = .385|93080002 = 0|93A09647 = .599,N FEDERAL HWY|PALMETTO RD|US HWY 1|US-1,11500,93040000,93080002,Y,-80.0553095,26.80375452,10,,On-System / On-System,93040000,1061,LPI-00239,1,0.385,0.375,0.395,N FEDERAL HWY,On Corridor,"438386-2, 450677-1, 438386-7",3,106,0.02,100,5.8,0.8,Verified Match,"438386-2, 450677-1, 438386-7",3
108689,266544,93080002,URBAN GENERAL,MIAMI,URBAN MINOR ART,DIVIDED,US    1,SR    5,4,PALM BEACH,24000,4,35,1,LPI,Implement a Leading Pedestrian Interval (LPI),,LPI-00239,Potential Location,0.870000005,1,5408.8083328125,,,,,,,,,,,,,5408.8083328125,,4,93,93040000 = .385|93080002 = 0|93A09647 = .599,N FEDERAL HWY|PALMETTO RD|US HWY 1|US-1,11500,93040000,93080002,Y,-80.0553095,26.80375452,10,,On-System / On-System,93040000,1061,LPI-00239,2,0,0,0.01,PALMETTO RD,Off Corridor,,0,0,0,0,81.6,25.2,No Match - Angle Mismatch,,0
108833,267774,93000035,URBAN GENERAL,MIAMI,URBAN MAJOR COLLECTOR,NOT DIVIDED,,SR    5,4,PALM BEACH,7700,2,35,1,LPI,Implement a Leading Pedestrian Interval (LPI),,LPI-02282,Potential Location,0.870000005,1,5408.8083328125,,,,,,,,,,,,,5408.8083328125,,4,93,93000035 = .781|93020000 = 2.676|93A14138 = 0,13TH AVE N|N FEDERAL HWY,3550,93020000,93000035,Y,-80.05194958,26.63099999,10,,On-System / On-System,93020000,1062,LPI-02282,1,0.781,0.771,0.791,13TH AVE N,Off Corridor,,0,0,0,0,,,Unmatched,,0
108833,267774,93020000,URBAN GENERAL,MIAMI,URBAN MAJOR COLLECTOR,NOT DIVIDED,,SR    5,4,PALM BEACH,7700,2,35,1,LPI,Implement a Leading Pedestrian Interval (LPI),,LPI-02282,Potential Location,0.870000005,1,5408.8083328125,,,,,,,,,,,,,5408.8083328125,,4,93,93000035 = .781|93020000 = 2.676|93A14138 = 0,13TH AVE N|N FEDERAL HWY,3550,93020000,93000035,Y,-80.05194958,26.63099999,10,,On-System / On-System,93020000,1062,LPI-02282,2,2.676,2.6660000000000004,2.686,N FEDERAL HWY,Off Corridor,,0,0,0,0,,,Unmatched,,0
109059,267152,93000055,URBAN GENERAL,MIAMI,URBAN PRIN ART OTHER,DIVIDED,,SR  786,4,PALM BEACH,47500,6,40,1,LPI,Implement a Leading Pedestrian Interval (LPI),,LPI-01885,Potential Location,0.870000005,1,5408.8083328125,,,,,,,,,,,,,5408.8083328125,,4,93,93000055 = 2.758|93000060 = .01|93001000 = 7.96,PGA BLVD|PROSPERITY FARMS RD,62500,93001000,93000055,Y,-80.07217354,26.84457522,10,,On-System / On-System,93001000,1063,LPI-01885,1,2.758,2.748,2.768,PGA BLVD,On Corridor,449847-1,1,63,0.01,100,0,0.9,Verified Parallel Fallback,449847-1,1
109059,267152,93000060,URBAN GENERAL,MIAMI,URBAN PRIN ART OTHER,DIVIDED,,SR  786,4,PALM BEACH,47500,6,40,1,LPI,Implement a Leading Pedestrian Interval (LPI),,LPI-01885,Potential Location,0.870000005,1,5408.8083328125,,,,,,,,,,,,,5408.8083328125,,4,93,93000055 = 2.758|93000060 = .01|93001000 = 7.96,PGA BLVD|PROSPERITY FARMS RD,62500,93001000,93000055,Y,-80.07217354,26.84457522,10,,On-System / On-System,93001000,1063,LPI-01885,2,0.01,0,0.02,PROSPERITY FARMS RD,On Corridor,449847-1,2,106,0.02,100,0,0.8,Verified Match,449847-1,2
109059,267152,93001000,URBAN GENERAL,MIAMI,URBAN PRIN ART OTHER,DIVIDED,,SR  786,4,PALM BEACH,47500,6,40,1,LPI,Implement a Leading Pedestrian Interval (LPI),,LPI-01885,Potential Location,0.870000005,1,5408.8083328125,,,,,,,,,,,,,5408.8083328125,,4,93,93000055 = 2.758|93000060 = .01|93001000 = 7.96,PGA BLVD|PROSPERITY FARMS RD,62500,93001000,93000055,Y,-80.07217354,26.84457522,10,,On-System / On-System,93001000,1063,LPI-01885,3,7.96,7.95,7.97,,Off Corridor,,0,0,0,0,89.8,31.3,No Match - Angle Mismatch,,0
109376,204348,86100000,URBAN GENERAL,MIAMI,URBAN PRIN ART OTHER,DIVIDED,US  441,SR    7,4,BROWARD,43500,6,40,1,LPI,Implement a Leading Pedestrian Interval (LPI),,LPI-00380,Potential Location,0.870000005,1,5408.8083328125,,,,,,,,,,,,,5408.8083328125,,4,86,86100000 = 4.092|86230000 = .015|86512000 = .504,S 60TH AVE|SHERIDAN ST|SR-7,75750,86100000,86230000,Y,-80.20824962,26.03208,10,,On-System / On-System,86100000,1064,LPI-00380,1,4.092,4.082,4.101999999999999,S 60TH AVE,Off Corridor,,0,0,0,0,,,Unmatched,,0
109376,204348,86230000,URBAN GENERAL,MIAMI,URBAN PRIN ART OTHER,DIVIDED,US  441,SR    7,4,BROWARD,43500,6,40,1,LPI,Implement a Leading Pedestrian Interval (LPI),,LPI-00380,Potential Location,0.870000005,1,5408.8083328125,,,,,,,,,,,,,5408.8083328125,,4,86,86100000 = 4.092|86230000 = .015|86512000 = .504,S 60TH AVE|SHERIDAN ST|SR-7,75750,86100000,86230000,Y,-80.20824962,26.03208,10,,On-System / On-System,86100000,1064,LPI-00380,2,0.015,0.004999999999999999,0.025,SHERIDAN ST,Off Corridor,,0,0,0,0,,,Unmatched,,0
109376,204348,86512000,URBAN GENERAL,MIAMI,URBAN PRIN ART OTHER,DIVIDED,US  441,SR    7,4,BROWARD,43500,6,40,1,LPI,Implement a Leading Pedestrian Interval (LPI),,LPI-00380,Potential Location,0.870000005,1,5408.8083328125,,,,,,,,,,,,,5408.8083328125,,4,86,86100000 = 4.092|86230000 = .015|86512000 = .504,S 60TH AVE|SHERIDAN ST|SR-7,75750,86100000,86230000,Y,-80.20824962,26.03208,10,,On-System / On-System,86100000,1064,LPI-00380,3,0.504,0.494,0.514,SR-7,Off Corridor,,0,0,0,0,,,Unmatched,,0
109462,267891,93000056,URBAN GENERAL,MIAMI,URBAN MINOR ART,DIVIDED,US    1,SR    5,4,PALM BEACH,17300,3,35,1,LPI,Implement a Leading Pedestrian Interval (LPI),,LPI-02284,Potential Location,0.870000005,1,5408.8083328125,,,,,,,,,,,,,5408.8083328125,,4,93,93000056 = .669|93020000 = 10.294|93020002 = 0,25TH ST|BROADWAY,16600,93020000,93020002,Y,-80.05681335,26.73634012,10,,On-System / On-System,93020000,1065,LPI-02284,1,0.669,0.659,0.679,25TH ST,On Corridor,446090-1,1,53,0.01,100,0,9.7,Verified Parallel Fallback,446090-1,1
109462,267891,93020000,URBAN GENERAL,MIAMI,URBAN MINOR ART,DIVIDED,US    1,SR    5,4,PALM BEACH,17300,3,35,1,LPI,Implement a Leading Pedestrian Interval (LPI),,LPI-02284,Potential Location,0.870000005,1,5408.8083328125,,,,,,,,,,,,,5408.8083328125,,4,93,93000056 = .669|93020000 = 10.294|93020002 = 0,25TH ST|BROADWAY,16600,93020000,93020002,Y,-80.05681335,26.73634012,10,,On-System / On-System,93020000,1065,LPI-02284,2,10.294,10.284,10.304,BROADWAY,Off Corridor,,0,0,0,0,46.3,0.4,No Match - Angle Mismatch,,0
109462,267891,93020002,URBAN GENERAL,MIAMI,URBAN MINOR ART,DIVIDED,US    1,SR    5,4,PALM BEACH,17300,3,35,1,LPI,Implement a Leading Pedestrian Interval (LPI),,LPI-02284,Potential Location,0.870000005,1,5408.8083328125,,,,,,,,,,,,,5408.8083328125,,4,93,93000056 = .669|93020000 = 10.294|93020002 = 0,25TH ST|BROADWAY,16600,93020000,93020002,Y,-80.05681335,26.73634012,10,,On-System / On-System,93020000,1065,LPI-02284,3,0,0,0.01,,On Corridor,438386-6,2,53,0.01,100,1.3,26.1,Verified Parallel Fallback,438386-6,2
109524,204517,86210000,URBAN GENERAL,MIAMI,URBAN MINOR ART,DIVIDED,,SR  736,4,BROWARD,44000,4,40,1,LPI,Implement a Leading Pedestrian Interval (LPI),,LPI-00381,Potential Location,0.870000005,1,5408.8083328125,,,,,,,,,,,,,5408.8083328125,,4,86,86210000 = 2.498|86900261 = .252|86A36585 = 0,DAVIE BLVD|SW 15TH AVE,19500,86210000,86900261,Y,-80.16142998,26.10717926,10,,On-System / On-System,86210000,1066,LPI-00381,1,2.498,2.4880000000000004,2.508,DAVIE BLVD,On Corridor,"444118-1, 443978-1, 457345-1",3,106,0.02,100,0.1,0.4,Verified Match,"444118-1, 443978-1, 457345-1",3
109524,204517,86900261,URBAN GENERAL,MIAMI,URBAN MINOR ART,DIVIDED,,SR  736,4,BROWARD,44000,4,40,1,LPI,Implement a Leading Pedestrian Interval (LPI),,LPI-00381,Potential Location,0.870000005,1,5408.8083328125,,,,,,,,,,,,,5408.8083328125,,4,86,86210000 = 2.498|86900261 = .252|86A36585 = 0,DAVIE BLVD|SW 15TH AVE,19500,86210000,86900261,Y,-80.16142998,26.10717926,10,,On-System / On-System,86210000,1066,LPI-00381,2,0.252,0.242,0.262,SW 15TH AVE,On Corridor,"443978-1, 457345-1",3,53,0.01,100,0,0.5,Verified Parallel Fallback,"443978-1, 457345-1",3
109547,204568,86100000,URBAN GENERAL,MIAMI,URBAN PRIN ART OTHER,DIVIDED,US  441,SR    7,4,BROWARD,55500,5,40,1,LPI,Implement a Leading Pedestrian Interval (LPI),,LPI-00382,Potential Location,0.870000005,1,5408.8083328125,,,,,,,,,,,,,5408.8083328125,,4,86,86100000 = .81|86200000 = .005|86509501 = 2.567,HALLANDALE BEACH BLVD|MIRAMAR PKWY|S 60TH AVE,76750,86100000,86200000,Y,-80.20668476,25.98450512,10,,On-System / On-System,86100000,1067,LPI-00382,1,0.81,0.8,0.8200000000000001,HALLANDALE BEACH BLVD,Off Corridor,,0,0,0,0,89,33.8,No Match - Angle Mismatch,,0
109547,204568,86200000,URBAN GENERAL,MIAMI,URBAN PRIN ART OTHER,DIVIDED,US  441,SR    7,4,BROWARD,55500,5,40,1,LPI,Implement a Leading Pedestrian Interval (LPI),,LPI-00382,Potential Location,0.870000005,1,5408.8083328125,,,,,,,,,,,,,5408.8083328125,,4,86,86100000 = .81|86200000 = .005|86509501 = 2.567,HALLANDALE BEACH BLVD|MIRAMAR PKWY|S 60TH AVE,76750,86100000,86200000,Y,-80.20668476,25.98450512,10,,On-System / On-System,86100000,1067,LPI-00382,2,0.005,0,0.015,MIRAMAR PKWY,On Corridor,"447548-1, 449565-1",3,79,0.02,100,0.7,0.3,Verified Match,"447548-1, 449565-1",3
109547,204568,86509501,URBAN GENERAL,MIAMI,URBAN PRIN ART OTHER,DIVIDED,US  441,SR    7,4,BROWARD,55500,5,40,1,LPI,Implement a Leading Pedestrian Interval (LPI),,LPI-00382,Potential Location,0.870000005,1,5408.8083328125,,,,,,,,,,,,,5408.8083328125,,4,86,86100000 = .81|86200000 = .005|86509501 = 2.567,HALLANDALE BEACH BLVD|MIRAMAR PKWY|S 60TH AVE,76750,86100000,86200000,Y,-80.20668476,25.98450512,10,,On-System / On-System,86100000,1067,LPI-00382,3,2.567,2.5570000000000004,2.577,S 60TH AVE,On Corridor,449565-1,2,90,0.02,100,0.2,45.4,Verified Match,449565-1,2
109656,204085,86021500,URBAN GENERAL,MIAMI,URBAN PRIN ART OTHER,DIVIDED,US  441,SR    7,4,BROWARD,44000,6,40,1,LPI,Implement a Leading Pedestrian Interval (LPI),,LPI-01516,Potential Location,0.870000005,1,5408.8083328125,,,,,,,,,,,,,5408.8083328125,,4,86,86021500 = .316|86100000 = 3.595,S 60TH AVE|SR-7|TAFT ST,21050,86100000,86021500,Y,-80.20802506,26.024915,10,,On-System / On-System,86100000,1068,LPI-01516,1,0.316,0.306,0.326,S 60TH AVE,On Corridor,429576-9,1,105,0.02,100,0,0.5,Verified Match,429576-9,1
109656,204085,86100000,URBAN GENERAL,MIAMI,URBAN PRIN ART OTHER,DIVIDED,US  441,SR    7,4,BROWARD,44000,6,40,1,LPI,Implement a Leading Pedestrian Interval (LPI),,LPI-01516,Potential Location,0.870000005,1,5408.8083328125,,,,,,,,,,,,,5408.8083328125,,4,86,86021500 = .316|86100000 = 3.595,S 60TH AVE|SR-7|TAFT ST,21050,86100000,86021500,Y,-80.20802506,26.024915,10,,On-System / On-System,86100000,1068,LPI-01516,2,3.595,3.5850000000000004,3.605,SR-7,Off Corridor,,0,0,0,0,89.4,51.1,No Match - Angle Mismatch,,0
109941,204220,86100000,URBAN GENERAL,MIAMI,URBAN PRIN ART OTHER,DIVIDED,US  441,SR    7,4,BROWARD,55500,6,40,1,LPI,Implement a Leading Pedestrian Interval (LPI),,LPI-01249,Potential Location,0.870000005,1,5408.8083328125,,,,,,,,,,,,,5408.8083328125,,4,86,86100000 = 13.735|86900234 = .441|86900351 = .003,N SR-7|NW 36TH ST|NW 37TH ST|SR-7,24500,86100000,86900234,Y,-80.20326744,26.1712,10,,On-System / On-System,86100000,1069,LPI-01249,1,13.735,13.725,13.745,N SR-7,Off Corridor,,0,0,0,0,,,Unmatched,,0
109941,204220,86900234,URBAN GENERAL,MIAMI,URBAN PRIN ART OTHER,DIVIDED,US  441,SR    7,4,BROWARD,55500,6,40,1,LPI,Implement a Leading Pedestrian Interval (LPI),,LPI-01249,Potential Location,0.870000005,1,5408.8083328125,,,,,,,,,,,,,5408.8083328125,,4,86,86100000 = 13.735|86900234 = .441|86900351 = .003,N SR-7|NW 36TH ST|NW 37TH ST|SR-7,24500,86100000,86900234,Y,-80.20326744,26.1712,10,,On-System / On-System,86100000,1069,LPI-01249,2,0.441,0.431,0.451,NW 36TH ST,Off Corridor,,0,0,0,0,,,Unmatched,,0
109941,204220,86900351,URBAN GENERAL,MIAMI,URBAN PRIN ART OTHER,DIVIDED,US  441,SR    7,4,BROWARD,55500,6,40,1,LPI,Implement a Leading Pedestrian Interval (LPI),,LPI-01249,Potential Location,0.870000005,1,5408.8083328125,,,,,,,,,,,,,5408.8083328125,,4,86,86100000 = 13.735|86900234 = .441|86900351 = .003,N SR-7|NW 36TH ST|NW 37TH ST|SR-7,24500,86100000,86900234,Y,-80.20326744,26.1712,10,,On-System / On-System,86100000,1069,LPI-01249,3,0.003,0,0.013000000000000001,NW 37TH ST,Off Corridor,,0,0,0,0,,,Unmatched,,0
109952,247272,89092000,URBAN GENERAL,PORT SAINT LUCIE,URBAN PRIN ART OTHER,DIVIDED,,SR  714,4,MARTIN,37500,4,40,1,LPI,Implement a Leading Pedestrian Interval (LPI),,LPI-00930,Potential Location,0.870000005,1,5408.8083328125,,,,,,,,,,,,,5408.8083328125,,4,89,89092000 = 1.076|89A09820 = 0,SE MONTEREY RD|SE MONTEREY RD EXT,14250,89092000,89A04668,Y,-80.23972177,27.1757753,10,,On-System / Off-System,89092000,1070,LPI-00930,1,1.076,1.066,1.086,SE MONTEREY RD,On Corridor,449829-1,2,105,0.02,100,1.5,1,Verified Match,449829-1,2
110213,266587,93016000,URBAN GENERAL,MIAMI,URBAN PRIN ART OTHER,DIVIDED,,SR  882,4,PALM BEACH,35000,6,45,0,LPI,Implement a Leading Pedestrian Interval (LPI),,LPI-02272,Potential Location,0.870000005,1,5408.8083328125,,,,,,,,,,,,,5408.8083328125,,4,93,93016000 = 4.391|93A13456 = .504,FOREST HILL BLVD|KUDZA RD,19500,93016000,93A13456,Y,,,10,,On-System / Off-System,93016000,1071,LPI-02272,1,4.391,4.381,4.401,FOREST HILL BLVD,On Corridor,"445628-1, 449877-1",4,105,0.02,100,0,0.4,Verified Match,"445628-1, 449877-1",4
110501,247856,89000036,URBAN GENERAL,PORT SAINT LUCIE,URBAN PRIN ART OTHER,DIVIDED,,SR  714,4,MARTIN,37500,4,40,1,LPI,Implement a Leading Pedestrian Interval (LPI),,LPI-00932,Potential Location,0.870000005,1,5408.8083328125,,,,,,,,,,,,,5408.8083328125,,4,89,89000036 = 3.212|89092000 = .63|89A00339 = 0,SE ALHAMBRA AVE|SE MONTEREY RD|SE WILLOUGHBY BLVD,21400,89092000,89000036,Y,-80.24694213,27.17563609,10,,On-System / On-System,89092000,1072,LPI-00932,1,3.212,3.2020000000000004,3.222,SE ALHAMBRA AVE,Off Corridor,,0,0,0,0,67.6,23.8,No Match - Angle Mismatch,,0
110501,247856,89092000,URBAN GENERAL,PORT SAINT LUCIE,URBAN PRIN ART OTHER,DIVIDED,,SR  714,4,MARTIN,37500,4,40,1,LPI,Implement a Leading Pedestrian Interval (LPI),,LPI-00932,Potential Location,0.870000005,1,5408.8083328125,,,,,,,,,,,,,5408.8083328125,,4,89,89000036 = 3.212|89092000 = .63|89A00339 = 0,SE ALHAMBRA AVE|SE MONTEREY RD|SE WILLOUGHBY BLVD,21400,89092000,89000036,Y,-80.24694213,27.17563609,10,,On-System / On-System,89092000,1072,LPI-00932,2,0.63,0.62,0.64,SE MONTEREY RD,On Corridor,449829-1,2,105,0.02,100,0,0.7,Verified Match,449829-1,2
110574,269027,93000160,URBAN GENERAL,BELLE GLADE,URBAN PRIN ART OTHER,DIVIDED,,SR   15,4,PALM BEACH,22500,4,45,1,LPI,Implement a Leading Pedestrian Interval (LPI),,LPI-02001,Potential Location,0.870000005,1,5408.8083328125,,,,,,,,,,,,,5408.8083328125,,4,93,93000160 = .004|93130000 = 1.002|93834000 = .993,N MAIN ST|NE AVENUE L|NW AVENUE L,21700,93130000,93000160,Y,-80.66780736,26.69680482,10,,On-System / On-System,93130000,1073,LPI-02001,1,0.004,0,0.014,N MAIN ST,Off Corridor,,0,0,0,0,,,Unmatched,,0
110574,269027,93130000,URBAN GENERAL,BELLE GLADE,URBAN PRIN ART OTHER,DIVIDED,,SR   15,4,PALM BEACH,22500,4,45,1,LPI,Implement a Leading Pedestrian Interval (LPI),,LPI-02001,Potential Location,0.870000005,1,5408.8083328125,,,,,,,,,,,,,5408.8083328125,,4,93,93000160 = .004|93130000 = 1.002|93834000 = .993,N MAIN ST|NE AVENUE L|NW AVENUE L,21700,93130000,93000160,Y,-80.66780736,26.69680482,10,,On-System / On-System,93130000,1073,LPI-02001,2,1.002,0.992,1.012,NE AVENUE L,Off Corridor,,0,0,0,0,,,Unmatched,,0
110574,269027,93834000,URBAN GENERAL,BELLE GLADE,URBAN PRIN ART OTHER,DIVIDED,,SR   15,4,PALM BEACH,22500,4,45,1,LPI,Implement a Leading Pedestrian Interval (LPI),,LPI-02001,Potential Location,0.870000005,1,5408.8083328125,,,,,,,,,,,,,5408.8083328125,,4,93,93000160 = .004|93130000 = 1.002|93834000 = .993,N MAIN ST|NE AVENUE L|NW AVENUE L,21700,93130000,93000160,Y,-80.66780736,26.69680482,10,,On-System / On-System,93130000,1073,LPI-02001,3,0.993,0.983,1.003,NW AVENUE L,Off Corridor,,0,0,0,0,,,Unmatched,,0
110586,266459,93000194,URBAN GENERAL,MIAMI,URBAN MINOR ART,1WAY,US    1,SR    5,4,PALM BEACH,12500,2,35,1,LPI,Implement a Leading Pedestrian Interval (LPI),,LPI-01808,Potential Location,0.870000005,1,5408.8083328125,,,,,,,,,,,,,5408.8083328125,,4,93,93000194 = .314|93010101 = .924,NE 1ST ST|NE 5TH AVE,7150,93010101,93000194,Y,-80.06806,26.46348929,10,,On-System / On-System,93010101,1074,LPI-01808,1,0.314,0.304,0.324,NE 1ST ST,Off Corridor,,0,0,0,0,89.5,287.4,No Match - Angle Mismatch,,0
110586,266459,93010101,URBAN GENERAL,MIAMI,URBAN MINOR ART,1WAY,US    1,SR    5,4,PALM BEACH,12500,2,35,1,LPI,Implement a Leading Pedestrian Interval (LPI),,LPI-01808,Potential Location,0.870000005,1,5408.8083328125,,,,,,,,,,,,,5408.8083328125,,4,93,93000194 = .314|93010101 = .924,NE 1ST ST|NE 5TH AVE,7150,93010101,93000194,Y,-80.06806,26.46348929,10,,On-System / On-System,93010101,1074,LPI-01808,2,0.924,0.914,0.934,NE 5TH AVE,Off Corridor,,0,0,0,0,,,Unmatched,,0
110767,273527,93000159,URBAN GENERAL,BELLE GLADE,URBAN PRIN ART OTHER,DIVIDED,,SR   15,4,PALM BEACH,22500,4,35,1,LPI,Implement a Leading Pedestrian Interval (LPI),,LPI-01972,Potential Location,0.870000005,1,5408.8083328125,,,,,,,,,,,,,5408.8083328125,,4,93,93000159 = .009|93130000 = .294|93170000 = .59,E CANAL ST N|N MAIN ST|W CANAL ST N,11350,93130000,93170000,Y,-80.6678131,26.68652732,10,,On-System / On-System,93130000,1075,LPI-01972,1,0.009,0,0.019,E CANAL ST N,On Corridor,449834-1,2,100,0.02,100,10.2,164.5,Verified Match,449834-1,2
110767,273527,93130000,URBAN GENERAL,BELLE GLADE,URBAN PRIN ART OTHER,DIVIDED,,SR   15,4,PALM BEACH,22500,4,35,1,LPI,Implement a Leading Pedestrian Interval (LPI),,LPI-01972,Potential Location,0.870000005,1,5408.8083328125,,,,,,,,,,,,,5408.8083328125,,4,93,93000159 = .009|93130000 = .294|93170000 = .59,E CANAL ST N|N MAIN ST|W CANAL ST N,11350,93130000,93170000,Y,-80.6678131,26.68652732,10,,On-System / On-System,93130000,1075,LPI-01972,2,0.294,0.284,0.304,N MAIN ST,On Corridor,449834-1,2,106,0.02,100,0,180.6,Verified Match,449834-1,2
110767,273527,93170000,URBAN GENERAL,BELLE GLADE,URBAN PRIN ART OTHER,DIVIDED,,SR   15,4,PALM BEACH,22500,4,35,1,LPI,Implement a Leading Pedestrian Interval (LPI),,LPI-01972,Potential Location,0.870000005,1,5408.8083328125,,,,,,,,,,,,,5408.8083328125,,4,93,93000159 = .009|93130000 = .294|93170000 = .59,E CANAL ST N|N MAIN ST|W CANAL ST N,11350,93130000,93170000,Y,-80.6678131,26.68652732,10,,On-System / On-System,93130000,1075,LPI-01972,3,0.59,0.58,0.6,W CANAL ST N,On Corridor,449834-1,2,105,0.02,100,12.5,192.9,Verified Match,449834-1,2
110800,270754,93000064,URBAN GENERAL,BELLE GLADE,URBAN MINOR COLLECTOR,NOT DIVIDED,,SR  717,4,PALM BEACH,3900,4,35,1,LPI,Implement a Leading Pedestrian Interval (LPI),,LPI-01998,Potential Location,0.870000005,1,5408.8083328125,,,,,,,,,,,,,5408.8083328125,,4,93,93000064 = .36|93170000 = .726,NW 2ND ST|W CANAL ST N,3750,93170000,93000064,Y,-80.66985862,26.68740943,10,,On-System / On-System,93170000,1076,LPI-01998,1,0.36,0.35,0.37,NW 2ND ST,Off Corridor,,0,0,0,0,,,Unmatched,,0
110800,270754,93170000,URBAN GENERAL,BELLE GLADE,URBAN MINOR COLLECTOR,NOT DIVIDED,,SR  717,4,PALM BEACH,3900,4,35,1,LPI,Implement a Leading Pedestrian Interval (LPI),,LPI-01998,Potential Location,0.870000005,1,5408.8083328125,,,,,,,,,,,,,5408.8083328125,,4,93,93000064 = .36|93170000 = .726,NW 2ND ST|W CANAL ST N,3750,93170000,93000064,Y,-80.66985862,26.68740943,10,,On-System / On-System,93170000,1076,LPI-01998,2,0.726,0.716,0.736,W CANAL ST N,Off Corridor,,0,0,0,0,,,Unmatched,,0
110878,270901,93000051,URBAN GENERAL,MIAMI,URBAN PRIN ART OTHER,DIVIDED,,SR  804,4,PALM BEACH,54000,6,45,1,LPI,Implement a Leading Pedestrian Interval (LPI),,LPI-01848,Potential Location,0.870000005,1,5408.8083328125,,,,,,,,,,,,,5408.8083328125,,4,93,93000051 = 10.998|93000110 = .007|93200000 = 3.602,JOG RD|W BOYNTON BEACH BLVD,76500,93200000,93000110,Y,-80.14736478,26.52830038,10,,On-System / On-System,93200000,1077,LPI-01848,1,10.998,10.988,11.008,JOG RD,Off Corridor,,0,0,0,0,,,Unmatched,,0
110878,270901,93000110,URBAN GENERAL,MIAMI,URBAN PRIN ART OTHER,DIVIDED,,SR  804,4,PALM BEACH,54000,6,45,1,LPI,Implement a Leading Pedestrian Interval (LPI),,LPI-01848,Potential Location,0.870000005,1,5408.8083328125,,,,,,,,,,,,,5408.8083328125,,4,93,93000051 = 10.998|93000110 = .007|93200000 = 3.602,JOG RD|W BOYNTON BEACH BLVD,76500,93200000,93000110,Y,-80.14736478,26.52830038,10,,On-System / On-System,93200000,1077,LPI-01848,2,0.007,0,0.017,W BOYNTON BEACH BLVD,Off Corridor,,0,0,0,0,,,Unmatched,,0
110878,270901,93200000,URBAN GENERAL,MIAMI,URBAN PRIN ART OTHER,DIVIDED,,SR  804,4,PALM BEACH,54000,6,45,1,LPI,Implement a Leading Pedestrian Interval (LPI),,LPI-01848,Potential Location,0.870000005,1,5408.8083328125,,,,,,,,,,,,,5408.8083328125,,4,93,93000051 = 10.998|93000110 = .007|93200000 = 3.602,JOG RD|W BOYNTON BEACH BLVD,76500,93200000,93000110,Y,-80.14736478,26.52830038,10,,On-System / On-System,93200000,1077,LPI-01848,3,3.602,3.592,3.6119999999999997,,Off Corridor,,0,0,0,0,,,Unmatched,,0
111065,264011,93020001,URBAN GENERAL,MIAMI,URBAN MINOR ART,NOT DIVIDED,US    1,SR    5,4,PALM BEACH,25000,4,35,0,LPI,Implement a Leading Pedestrian Interval (LPI),,LPI-00253,Potential Location,0.870000005,1,5408.8083328125,,,,,,,,,,,,,5408.8083328125,,4,93,93020001 = 1.688,PARK AVE|S DIXIE HWY,9550,93020001,93A04864,Y,,,10,,On-System / Off-System,93020001,1078,LPI-00253,1,1.688,1.678,1.698,PARK AVE,On Corridor,448415-1,3,106,0.02,100,0,0.8,Verified Match,448415-1,3
111151,271337,93025502,URBAN GENERAL,MIAMI,URBAN PRIN ART OTHER,DIVIDED,,SR  710,4,PALM BEACH,8700,4,35,1,LPI,Implement a Leading Pedestrian Interval (LPI),,LPI-01850,Potential Location,0.870000005,1,5408.8083328125,,,,,,,,,,,,,5408.8083328125,,4,93,93025502 = .787|93310000 = 22.992,AUSTRALIAN AVE|DR MARTIN LUTHER KING JR BLVD,23800,93310000,93025502,Y,-80.07137481,26.76945753,10,,On-System / On-System,93310000,1079,LPI-01850,1,0.787,0.777,0.797,AUSTRALIAN AVE,Off Corridor,,0,0,0,0,,,Unmatched,,0
111151,271337,93310000,URBAN GENERAL,MIAMI,URBAN PRIN ART OTHER,DIVIDED,,SR  710,4,PALM BEACH,8700,4,35,1,LPI,Implement a Leading Pedestrian Interval (LPI),,LPI-01850,Potential Location,0.870000005,1,5408.8083328125,,,,,,,,,,,,,5408.8083328125,,4,93,93025502 = .787|93310000 = 22.992,AUSTRALIAN AVE|DR MARTIN LUTHER KING JR BLVD,23800,93310000,93025502,Y,-80.07137481,26.76945753,10,,On-System / On-System,93310000,1079,LPI-01850,2,22.992,22.982,23.002000000000002,DR MARTIN LUTHER KING JR BLVD,Off Corridor,,0,0,0,0,,,Unmatched,,0
111292,267299,93000181,URBAN GENERAL,MIAMI,URBAN MINOR ART,1WAY,US    1,SR    5,4,PALM BEACH,13000,2,35,1,LPI,Implement a Leading Pedestrian Interval (LPI),,LPI-01877,Potential Location,0.870000005,1,5408.8083328125,,,,,,,,,,,,,5408.8083328125,,4,93,93000181 = .314|93010101 = 1.174,SE 1ST ST|SE 5TH AVE,7550,93010101,93000181,Y,-80.06798001,26.45985053,10,,On-System / On-System,93010101,1080,LPI-01877,1,0.314,0.304,0.324,SE 1ST ST,Off Corridor,,0,0,0,0,88.7,287.1,No Match - Angle Mismatch,,0
111292,267299,93010101,URBAN GENERAL,MIAMI,URBAN MINOR ART,1WAY,US    1,SR    5,4,PALM BEACH,13000,2,35,1,LPI,Implement a Leading Pedestrian Interval (LPI),,LPI-01877,Potential Location,0.870000005,1,5408.8083328125,,,,,,,,,,,,,5408.8083328125,,4,93,93000181 = .314|93010101 = 1.174,SE 1ST ST|SE 5TH AVE,7550,93010101,93000181,Y,-80.06798001,26.45985053,10,,On-System / On-System,93010101,1080,LPI-01877,2,1.174,1.164,1.184,SE 5TH AVE,Off Corridor,,0,0,0,0,,,Unmatched,,0
111306,264207,93020001,URBAN GENERAL,MIAMI,URBAN MINOR ART,NOT DIVIDED,US    1,SR    5,4,PALM BEACH,25000,4,35,0,LPI,Implement a Leading Pedestrian Interval (LPI),,LPI-00220,Potential Location,0.870000005,1,5408.8083328125,,,,,,,,,,,,,5408.8083328125,,4,93,93020001 = 1.951|93A12036 = .563,FLAMINGO DR|S DIXIE HWY,9550,93020001,93A12036,Y,,,10,,On-System / Off-System,93020001,1081,LPI-00220,1,1.951,1.941,1.961,FLAMINGO DR,On Corridor,448415-1,3,106,0.02,100,0,0.8,Verified Match,448415-1,3
111400,270047,93290000,URBAN GENERAL,BELLE GLADE,URBAN MINOR ART,NOT DIVIDED,,SR  715,4,PALM BEACH,11600,2,40,1,LPI,Implement a Leading Pedestrian Interval (LPI),,LPI-01112,Potential Location,0.870000005,1,5408.8083328125,,,,,,,,,,,,,5408.8083328125,,4,93,93290000 = 2.31|93834000 = .018|93A03084 = .154,NW 16TH ST|NW AVENUE L,9900,93290000,93834000,Y,-80.68400872,26.69678,10,,On-System / On-System,93290000,1082,LPI-01112,1,2.31,2.3000000000000003,2.32,NW 16TH ST,On Corridor,441757-2,2,106,0.02,100,0,0.7,Verified Match,441757-2,2
111400,270047,93834000,URBAN GENERAL,BELLE GLADE,URBAN MINOR ART,NOT DIVIDED,,SR  715,4,PALM BEACH,11600,2,40,1,LPI,Implement a Leading Pedestrian Interval (LPI),,LPI-01112,Potential Location,0.870000005,1,5408.8083328125,,,,,,,,,,,,,5408.8083328125,,4,93,93290000 = 2.31|93834000 = .018|93A03084 = .154,NW 16TH ST|NW AVENUE L,9900,93290000,93834000,Y,-80.68400872,26.69678,10,,On-System / On-System,93290000,1082,LPI-01112,2,0.018,0.007999999999999998,0.027999999999999997,NW AVENUE L,Off Corridor,,0,0,0,0,89.8,94.5,No Match - Angle Mismatch,,0
111604,264386,93000234,URBAN GENERAL,MIAMI,URBAN MINOR ART,DIVIDED,US    1,SR  805,4,PALM BEACH,22000,4,35,1,LPI,Implement a Leading Pedestrian Interval (LPI),,LPI-00257,Potential Location,0.870000005,1,5408.8083328125,,,,,,,,,,,,,5408.8083328125,,4,93,93000234 = 0|93050000 = 3.79|93A13652 = 0,GREGORY RD|S DIXIE HWY,23175,93050000,93000234,Y,-80.05631043,26.64609004,10,,On-System / On-System,93050000,1083,LPI-00257,1,0,0,0.01,GREGORY RD,Off Corridor,,0,0,0,0,86,44.4,No Match - Angle Mismatch,,0
111604,264386,93050000,URBAN GENERAL,MIAMI,URBAN MINOR ART,DIVIDED,US    1,SR  805,4,PALM BEACH,22000,4,35,1,LPI,Implement a Leading Pedestrian Interval (LPI),,LPI-00257,Potential Location,0.870000005,1,5408.8083328125,,,,,,,,,,,,,5408.8083328125,,4,93,93000234 = 0|93050000 = 3.79|93A13652 = 0,GREGORY RD|S DIXIE HWY,23175,93050000,93000234,Y,-80.05631043,26.64609004,10,,On-System / On-System,93050000,1083,LPI-00257,2,3.79,3.7800000000000002,3.8,S DIXIE HWY,On Corridor,457558-1,1,106,0.02,100,2.2,21.6,Verified Match,457558-1,1
111765,264620,93000036,URBAN GENERAL,MIAMI,URBAN MINOR ART,DIVIDED,US    1,SR  805,4,PALM BEACH,19000,4,35,1,LPI,Implement a Leading Pedestrian Interval (LPI),,LPI-00259,Potential Location,0.870000005,1,5408.8083328125,,,,,,,,,,,,,5408.8083328125,,4,93,93000036 = .481|93050000 = 2.26,7TH AVE N|N DIXIE HWY,12200,93050000,93000036,Y,-80.05707708,26.62390991,10,,On-System / On-System,93050000,1084,LPI-00259,1,0.481,0.471,0.491,7TH AVE N,Off Corridor,,0,0,0,0,89.9,1.3,No Match - Angle Mismatch,,0
111765,264620,93050000,URBAN GENERAL,MIAMI,URBAN MINOR ART,DIVIDED,US    1,SR  805,4,PALM BEACH,19000,4,35,1,LPI,Implement a Leading Pedestrian Interval (LPI),,LPI-00259,Potential Location,0.870000005,1,5408.8083328125,,,,,,,,,,,,,5408.8083328125,,4,93,93000036 = .481|93050000 = 2.26,7TH AVE N|N DIXIE HWY,12200,93050000,93000036,Y,-80.05707708,26.62390991,10,,On-System / On-System,93050000,1084,LPI-00259,2,2.26,2.25,2.2699999999999996,N DIXIE HWY,On Corridor,"447553-1, 457558-1, 448107-1",3,106,0.02,100,0,0.8,Verified Match,"447553-1, 457558-1, 448107-1",3
111780,280426,94030000,URBAN GENERAL,PORT SAINT LUCIE,URBAN PRIN ART OTHER,DIVIDED,,SR   70,4,ST. LUCIE,39000,7,45,1,LPI,Implement a Leading Pedestrian Interval (LPI),,LPI-02124,Potential Location,0.870000005,1,5408.8083328125,,,,,,,,,,,,,5408.8083328125,,4,94,94030000 = 22.542,OKEECHOBEE RD,17750,94030000,94A05151,N,,,10,,On-System / Off-System,94030000,1085,LPI-02124,1,22.542,22.532,22.552000000000003,OKEECHOBEE RD,Off Corridor,,0,0,0,0,,,Unmatched,,0
111873,242847,88030000,URBAN GENERAL,VERO BEACH-SEBASTIAN,URBAN MINOR ART,DIVIDED,,SR  A1A,4,INDIAN RIVER,11300,2,35,1,LPI,Implement a Leading Pedestrian Interval (LPI),,LPI-00615,Potential Location,0.870000005,1,5408.8083328125,,,,,,,,,,,,,5408.8083328125,,4,88,88030000 = 9.054|88070000 = 7.124|88A03485 = .249,SR-60|SR-A1A,18050,88070000,88030000,Y,-80.36044,27.6533501,10,,On-System / On-System,88070000,1086,LPI-00615,1,9.054,9.044,9.064,SR-60,Off Corridor,,0,0,0,0,0.1,285.1,No Match - Low Overlap,,0
111873,242847,88070000,URBAN GENERAL,VERO BEACH-SEBASTIAN,URBAN MINOR ART,DIVIDED,,SR  A1A,4,INDIAN RIVER,11300,2,35,1,LPI,Implement a Leading Pedestrian Interval (LPI),,LPI-00615,Potential Location,0.870000005,1,5408.8083328125,,,,,,,,,,,,,5408.8083328125,,4,88,88030000 = 9.054|88070000 = 7.124|88A03485 = .249,SR-60|SR-A1A,18050,88070000,88030000,Y,-80.36044,27.6533501,10,,On-System / On-System,88070000,1086,LPI-00615,2,7.124,7.114,7.1339999999999995,SR-A1A,Off Corridor,,0,0,0,0,0,271.6,No Match - Low Overlap,,0
111940,263575,93000165,URBAN GENERAL,MIAMI,URBAN MINOR ART,DIVIDED,US    1,SR  805,4,PALM BEACH,19500,4,35,1,LPI,Implement a Leading Pedestrian Interval (LPI),,LPI-00250,Potential Location,0.870000005,1,5408.8083328125,,,,,,,,,,,,,5408.8083328125,,4,93,93000165 = .512|93050000 = 5.738,NOTTINGHAM BLVD|S DIXIE HWY,11350,93050000,93000165,Y,-80.05482981,26.67429226,10,,On-System / On-System,93050000,1087,LPI-00250,1,0.512,0.502,0.522,NOTTINGHAM BLVD,Off Corridor,,0,0,0,0,,,Unmatched,,0
111940,263575,93050000,URBAN GENERAL,MIAMI,URBAN MINOR ART,DIVIDED,US    1,SR  805,4,PALM BEACH,19500,4,35,1,LPI,Implement a Leading Pedestrian Interval (LPI),,LPI-00250,Potential Location,0.870000005,1,5408.8083328125,,,,,,,,,,,,,5408.8083328125,,4,93,93000165 = .512|93050000 = 5.738,NOTTINGHAM BLVD|S DIXIE HWY,11350,93050000,93000165,Y,-80.05482981,26.67429226,10,,On-System / On-System,93050000,1087,LPI-00250,2,5.738,5.728000000000001,5.748,S DIXIE HWY,Off Corridor,,0,0,0,0,,,Unmatched,,0
112456,267271,93016000,URBAN GENERAL,MIAMI,URBAN PRIN ART OTHER,DIVIDED,,SR  882,4,PALM BEACH,41000,6,45,0,LPI,Implement a Leading Pedestrian Interval (LPI),,LPI-02277,Potential Location,0.870000005,1,5408.8083328125,,,,,,,,,,,,,5408.8083328125,,4,93,93016000 = 3.245,FOREST HILL BLVD|OLIVE TREE BLVD|RIVER BRIDGE BLVD,20000,93016000,93A03754,Y,,,10,,On-System / Off-System,93016000,1088,LPI-02277,1,3.245,3.2350000000000003,3.255,FOREST HILL BLVD,On Corridor,447549-1,2,105,0.02,100,0,0.4,Verified Match,447549-1,2
112462,268222,93016000,URBAN GENERAL,MIAMI,URBAN MINOR ART,DIVIDED,,SR  882,4,PALM BEACH,28000,2,35,0,LPI,Implement a Leading Pedestrian Interval (LPI),,LPI-01822,Potential Location,0.870000005,1,5408.8083328125,,,,,,,,,,,,,5408.8083328125,,4,93,93016000 = 8.54|93A13317 = .146,FOREST CT|FOREST HILL BLVD,13250,93016000,93A13317,Y,,,10,,On-System / Off-System,93016000,1089,LPI-01822,1,8.54,8.53,8.549999999999999,FOREST CT,On Corridor,"446373-1, 447547-1",3,105,0.02,100,2.3,0.4,Verified Match,"446373-1, 447547-1",3
112600,273616,93150000,URBAN GENERAL,MIAMI,URBAN PRIN ART OTHER,DIVIDED,,SR  809,4,PALM BEACH,36000,6,45,0,LPI,Implement a Leading Pedestrian Interval (LPI),,LPI-01922,Potential Location,0.870000005,1,5408.8083328125,,,,,,,,,,,,,5408.8083328125,,4,93,93150000 = 6.593|93A10333 = 0,MILITARY TRL|OLD BEACON WAY|WESTROADS DR,15500,93150000,93A10333,Y,,,10,,On-System / Off-System,93150000,1090,LPI-01922,1,6.593,6.583,6.603,MILITARY TRL,Off Corridor,,0,0,0,0,,,Unmatched,,0
112650,269614,93150000,URBAN GENERAL,MIAMI,URBAN PRIN ART OTHER,DIVIDED,,SR  809,4,PALM BEACH,39500,6,40,0,LPI,Implement a Leading Pedestrian Interval (LPI),,LPI-01995,Potential Location,0.870000005,1,5408.8083328125,,,,,,,,,,,,,5408.8083328125,,4,93,93150000 = 1.332|93900249 = .437,CHERRY RD|MILITARY TRL,20500,93150000,93900249,Y,,,10,,On-System / Off-System,93150000,1091,LPI-01995,1,1.332,1.322,1.342,CHERRY RD,Off Corridor,,0,0,0,0,,,Unmatched,,0
112650,269614,93900249,URBAN GENERAL,MIAMI,URBAN PRIN ART OTHER,DIVIDED,,SR  809,4,PALM BEACH,39500,6,40,0,LPI,Implement a Leading Pedestrian Interval (LPI),,LPI-01995,Potential Location,0.870000005,1,5408.8083328125,,,,,,,,,,,,,5408.8083328125,,4,93,93150000 = 1.332|93900249 = .437,CHERRY RD|MILITARY TRL,20500,93150000,93900249,Y,,,10,,On-System / Off-System,93150000,1091,LPI-01995,2,0.437,0.427,0.447,MILITARY TRL,Off Corridor,,0,0,0,0,,,Unmatched,,0
112728,269698,93000176,URBAN GENERAL,MIAMI,URBAN PRIN ART OTHER,DIVIDED,,SR  706,4,PALM BEACH,43500,6,45,1,LPI,Implement a Leading Pedestrian Interval (LPI),,LPI-01111,Potential Location,0.870000005,1,5408.8083328125,,,,,,,,,,,,,5408.8083328125,,4,93,93000176 = 1.711|93190000 = 14.113,MAPLEWOOD DR|W INDIANTOWN RD,27950,93190000,93000176,Y,-80.12499539,26.93418,10,,On-System / On-System,93190000,1092,LPI-01111,1,1.711,1.701,1.721,MAPLEWOOD DR,Off Corridor,,0,0,0,0,,,Unmatched,,0
112728,269698,93190000,URBAN GENERAL,MIAMI,URBAN PRIN ART OTHER,DIVIDED,,SR  706,4,PALM BEACH,43500,6,45,1,LPI,Implement a Leading Pedestrian Interval (LPI),,LPI-01111,Potential Location,0.870000005,1,5408.8083328125,,,,,,,,,,,,,5408.8083328125,,4,93,93000176 = 1.711|93190000 = 14.113,MAPLEWOOD DR|W INDIANTOWN RD,27950,93190000,93000176,Y,-80.12499539,26.93418,10,,On-System / On-System,93190000,1092,LPI-01111,2,14.113,14.103,14.123,W INDIANTOWN RD,Off Corridor,,0,0,0,0,,,Unmatched,,0
112951,267924,93016000,URBAN GENERAL,MIAMI,URBAN PRIN ART OTHER,DIVIDED,,SR  882,4,PALM BEACH,47500,5,35,0,LPI,Implement a Leading Pedestrian Interval (LPI),,LPI-02305,Potential Location,0.870000005,1,5408.8083328125,,,,,,,,,,,,,5408.8083328125,,4,93,93016000 = 8.208|93A13363 = 1.585,FOREST HILL BLVD|PINE TREE LN,24000,93016000,93A13363,Y,,,10,,On-System / Off-System,93016000,1093,LPI-02305,1,8.208,8.198,8.218,FOREST HILL BLVD,On Corridor,446373-1,1,105,0.02,100,0.1,0.6,Verified Match,446373-1,1
113006,264000,93000041,URBAN GENERAL,MIAMI,URBAN MINOR ART,DIVIDED,,SR  882,4,PALM BEACH,22500,2,35,0,LPI,Implement a Leading Pedestrian Interval (LPI),,LPI-00252,Potential Location,0.870000005,1,5408.8083328125,,,,,,,,,,,,,5408.8083328125,,4,93,93000041 = 0|93016000 = 8.741|93027500 = 0,FOREST HILL BLVD|PARKER AVE,14375,93016000,93027500,Y,,,10,,On-System / Off-System,93016000,1094,LPI-00252,1,0,0,0.01,FOREST HILL BLVD,Off Corridor,,0,0,0,0,87.6,27,No Match - Angle Mismatch,,0
113006,264000,93016000,URBAN GENERAL,MIAMI,URBAN MINOR ART,DIVIDED,,SR  882,4,PALM BEACH,22500,2,35,0,LPI,Implement a Leading Pedestrian Interval (LPI),,LPI-00252,Potential Location,0.870000005,1,5408.8083328125,,,,,,,,,,,,,5408.8083328125,,4,93,93000041 = 0|93016000 = 8.741|93027500 = 0,FOREST HILL BLVD|PARKER AVE,14375,93016000,93027500,Y,,,10,,On-System / Off-System,93016000,1094,LPI-00252,2,8.741,8.731,8.751,PARKER AVE,On Corridor,446373-1,1,105,0.02,100,0,0.4,Verified Match,446373-1,1
113006,264000,93027500,URBAN GENERAL,MIAMI,URBAN MINOR ART,DIVIDED,,SR  882,4,PALM BEACH,22500,2,35,0,LPI,Implement a Leading Pedestrian Interval (LPI),,LPI-00252,Potential Location,0.870000005,1,5408.8083328125,,,,,,,,,,,,,5408.8083328125,,4,93,93000041 = 0|93016000 = 8.741|93027500 = 0,FOREST HILL BLVD|PARKER AVE,14375,93016000,93027500,Y,,,10,,On-System / Off-System,93016000,1094,LPI-00252,3,0,0,0.01,,Off Corridor,,0,0,0,0,86.9,26.8,No Match - Angle Mismatch,,0
113149,271343,93150000,URBAN GENERAL,MIAMI,URBAN PRIN ART OTHER,DIVIDED,,SR  809,4,PALM BEACH,36000,6,45,0,LPI,Implement a Leading Pedestrian Interval (LPI),,LPI-01916,Potential Location,0.870000005,1,5408.8083328125,,,,,,,,,,,,,5408.8083328125,,4,93,93150000 = 6.908|93678000 = .511,DYER BLVD|MILITARY TRL,17850,93150000,93678000,Y,,,10,,On-System / Off-System,93150000,1095,LPI-01916,1,6.908,6.898000000000001,6.918,DYER BLVD,Off Corridor,,0,0,0,0,,,Unmatched,,0
113149,271343,93678000,URBAN GENERAL,MIAMI,URBAN PRIN ART OTHER,DIVIDED,,SR  809,4,PALM BEACH,36000,6,45,0,LPI,Implement a Leading Pedestrian Interval (LPI),,LPI-01916,Potential Location,0.870000005,1,5408.8083328125,,,,,,,,,,,,,5408.8083328125,,4,93,93150000 = 6.908|93678000 = .511,DYER BLVD|MILITARY TRL,17850,93150000,93678000,Y,,,10,,On-System / Off-System,93150000,1095,LPI-01916,2,0.511,0.501,0.521,MILITARY TRL,Off Corridor,,0,0,0,0,,,Unmatched,,0
113407,280103,94000061,URBAN GENERAL,PORT SAINT LUCIE,URBAN PRIN ART OTHER,DIVIDED,US    1,SR    5,4,ST. LUCIE,29000,4,40,1,LPI,Implement a Leading Pedestrian Interval (LPI),,LPI-02009,Potential Location,0.870000005,1,5408.8083328125,,,,,,,,,,,,,5408.8083328125,,4,94,94000061 = .063|94010000 = 13.968,AVENUE H|FISHERMANS WHRF|SR-5,16075,94010000,94000061,Y,-80.32796505,27.45709025,10,,On-System / On-System,94010000,1096,LPI-02009,1,0.063,0.053,0.073,AVENUE H,Off Corridor,,0,0,0,0,,,Unmatched,,0
113407,280103,94010000,URBAN GENERAL,PORT SAINT LUCIE,URBAN PRIN ART OTHER,DIVIDED,US    1,SR    5,4,ST. LUCIE,29000,4,40,1,LPI,Implement a Leading Pedestrian Interval (LPI),,LPI-02009,Potential Location,0.870000005,1,5408.8083328125,,,,,,,,,,,,,5408.8083328125,,4,94,94000061 = .063|94010000 = 13.968,AVENUE H|FISHERMANS WHRF|SR-5,16075,94010000,94000061,Y,-80.32796505,27.45709025,10,,On-System / On-System,94010000,1096,LPI-02009,2,13.968,13.958,13.978,FISHERMANS WHRF,Off Corridor,,0,0,0,0,,,Unmatched,,0
113445,269505,93150000,URBAN GENERAL,MIAMI,URBAN PRIN ART OTHER,DIVIDED,,SR  809,4,PALM BEACH,30000,6,45,0,LPI,Implement a Leading Pedestrian Interval (LPI),,LPI-01910,Potential Location,0.870000005,1,5408.8083328125,,,,,,,,,,,,,5408.8083328125,,4,93,93150000 = 7.91|93A01597 = 0,LEO LN|MILITARY TRL|WOODBINE TRL,14000,93150000,93A01597,Y,,,10,,On-System / Off-System,93150000,1097,LPI-01910,1,7.91,7.9,7.92,LEO LN,Off Corridor,,0,0,0,0,,,Unmatched,,0
113446,280259,94010000,URBAN GENERAL,PORT SAINT LUCIE,URBAN PRIN ART OTHER,DIVIDED,US    1,SR    5,4,ST. LUCIE,32000,4,35,1,LPI,Implement a Leading Pedestrian Interval (LPI),,LPI-02123,Potential Location,0.870000005,1,5408.8083328125,,,,,,,,,,,,,5408.8083328125,,4,94,94010000 = 12.431|94A02172 = .227|94A03352 = .176|94A06013 = 0,CHIPOLA RD|PARKWAY DR|S US HWY 1,14250,94010000,94A02172,Y,-80.32596462,27.43509941,10,,On-System / Off-System,94010000,1098,LPI-02123,1,12.431,12.421,12.440999999999999,CHIPOLA RD,Off Corridor,,0,0,0,0,,,Unmatched,,0
113559,268788,93150000,URBAN GENERAL,MIAMI,URBAN PRIN ART OTHER,DIVIDED,,SR  809,4,PALM BEACH,39500,6,45,0,LPI,Implement a Leading Pedestrian Interval (LPI),,LPI-01826,Potential Location,0.870000005,1,5408.8083328125,,,,,,,,,,,,,5408.8083328125,,4,93,93150000 = 4.36|93A10859 = .115,MILITARY TRL|WILLOW POND RD|WINDSOR WAY,18750,93150000,93A10859,Y,,,10,,On-System / Off-System,93150000,1099,LPI-01826,1,4.36,4.3500000000000005,4.37,MILITARY TRL,Off Corridor,,0,0,0,0,,,Unmatched,,0
113614,270263,93190000,URBAN GENERAL,MIAMI,URBAN PRIN ART OTHER,DIVIDED,,SR  706,4,PALM BEACH,52500,6,45,1,LPI,Implement a Leading Pedestrian Interval (LPI),,LPI-01113,Potential Location,0.870000005,1,5408.8083328125,,,,,,,,,,,,,5408.8083328125,,4,93,93190000 = 13.725|93A07536 = .012,CHASEWOOD PLZ|PALM RD|W INDIANTOWN RD,26750,93190000,93A03957,Y,-80.13125,26.93460793,10,,On-System / Off-System,93190000,1100,LPI-01113,1,13.725,13.715,13.735,CHASEWOOD PLZ,On Corridor,449935-1,2,105,0.02,100,0.1,0.5,Verified Match,449935-1,2
113682,282226,94000016,URBAN GENERAL,PORT SAINT LUCIE,URBAN PRIN ART OTHER,DIVIDED,,SR   68,4,ST. LUCIE,10500,2,35,0,LPI,Implement a Leading Pedestrian Interval (LPI),,LPI-00891,Potential Location,0.870000005,1,5408.8083328125,,,,,,,,,,,,,5408.8083328125,,4,94,94000016 = 1.489|94070000 = 20.977,N 13TH ST|ORANGE AVE|S 13TH ST,18750,94070000,94000016,Y,,,10,,On-System / Off-System,94070000,1101,LPI-00891,1,1.489,1.479,1.499,N 13TH ST,Off Corridor,,0,0,0,0,87.2,1.6,No Match - Angle Mismatch,,0
113682,282226,94070000,URBAN GENERAL,PORT SAINT LUCIE,URBAN PRIN ART OTHER,DIVIDED,,SR   68,4,ST. LUCIE,10500,2,35,0,LPI,Implement a Leading Pedestrian Interval (LPI),,LPI-00891,Potential Location,0.870000005,1,5408.8083328125,,,,,,,,,,,,,5408.8083328125,,4,94,94000016 = 1.489|94070000 = 20.977,N 13TH ST|ORANGE AVE|S 13TH ST,18750,94070000,94000016,Y,,,10,,On-System / Off-System,94070000,1101,LPI-00891,2,20.977,20.967,20.987000000000002,ORANGE AVE,On Corridor,449696-1,2,105,0.02,100,0,0.5,Verified Match,449696-1,2
113765,273021,93000301,URBAN GENERAL,MIAMI,URBAN PRIN ART OTHER,DIVIDED,US  441,SR    7,4,PALM BEACH,54000,6,45,1,LPI,Implement a Leading Pedestrian Interval (LPI),,LPI-02103,Potential Location,0.870000005,1,5408.8083328125,,,,,,,,,,,,,5408.8083328125,,4,93,93000301 = .005|93210000 = 1.213,LEXINGTON ESTATES BLVD|SR-7|SW 3RD ST,35050,93210000,93000301,Y,-80.20320106,26.34564825,10,,On-System / On-System,93210000,1102,LPI-02103,1,0.005,0,0.015,LEXINGTON ESTATES BLVD,Off Corridor,,0,0,0,0,,,Unmatched,,0
113765,273021,93210000,URBAN GENERAL,MIAMI,URBAN PRIN ART OTHER,DIVIDED,US  441,SR    7,4,PALM BEACH,54000,6,45,1,LPI,Implement a Leading Pedestrian Interval (LPI),,LPI-02103,Potential Location,0.870000005,1,5408.8083328125,,,,,,,,,,,,,5408.8083328125,,4,93,93000301 = .005|93210000 = 1.213,LEXINGTON ESTATES BLVD|SR-7|SW 3RD ST,35050,93210000,93000301,Y,-80.20320106,26.34564825,10,,On-System / On-System,93210000,1102,LPI-02103,2,1.213,1.203,1.223,SR-7,Off Corridor,,0,0,0,0,,,Unmatched,,0
113889,270681,93000138,URBAN GENERAL,MIAMI,URBAN PRIN ART OTHER,DIVIDED,,SR  809,4,PALM BEACH,47500,6,40,0,LPI,Implement a Leading Pedestrian Interval (LPI),,LPI-01108,Potential Location,0.870000005,1,5408.8083328125,,,,,,,,,,,,,5408.8083328125,,4,93,93000138 = 5.571|93150000 = .973|93503500 = .022,BELVEDERE RD|MILITARY TRL|N MILITARY TRL,66000,93150000,93000138,Y,,,10,,On-System / Off-System,93150000,1103,LPI-01108,1,5.571,5.561,5.5809999999999995,BELVEDERE RD,Off Corridor,,0,0,0,0,89.8,69.1,No Match - Angle Mismatch,,0
113889,270681,93150000,URBAN GENERAL,MIAMI,URBAN PRIN ART OTHER,DIVIDED,,SR  809,4,PALM BEACH,47500,6,40,0,LPI,Implement a Leading Pedestrian Interval (LPI),,LPI-01108,Potential Location,0.870000005,1,5408.8083328125,,,,,,,,,,,,,5408.8083328125,,4,93,93000138 = 5.571|93150000 = .973|93503500 = .022,BELVEDERE RD|MILITARY TRL|N MILITARY TRL,66000,93150000,93000138,Y,,,10,,On-System / Off-System,93150000,1103,LPI-01108,2,0.973,0.963,0.983,MILITARY TRL,On Corridor,447944-1,1,106,0.02,100,0.1,0.8,Verified Match,447944-1,1
113889,270681,93503500,URBAN GENERAL,MIAMI,URBAN PRIN ART OTHER,DIVIDED,,SR  809,4,PALM BEACH,47500,6,40,0,LPI,Implement a Leading Pedestrian Interval (LPI),,LPI-01108,Potential Location,0.870000005,1,5408.8083328125,,,,,,,,,,,,,5408.8083328125,,4,93,93000138 = 5.571|93150000 = .973|93503500 = .022,BELVEDERE RD|MILITARY TRL|N MILITARY TRL,66000,93150000,93000138,Y,,,10,,On-System / Off-System,93150000,1103,LPI-01108,3,0.022,0.011999999999999999,0.032,N MILITARY TRL,Off Corridor,,0,0,0,0,89.6,88.9,No Match - Angle Mismatch,,0
113992,268182,93016000,URBAN GENERAL,MIAMI,URBAN PRIN ART OTHER,DIVIDED,,SR  882,4,PALM BEACH,35000,6,45,0,LPI,Implement a Leading Pedestrian Interval (LPI),,LPI-01883,Potential Location,0.870000005,1,5408.8083328125,,,,,,,,,,,,,5408.8083328125,,4,93,93016000 = 3.978,16TH PL S|FOREST HILL BLVD,19500,93016000,93A13399,N,,,10,,On-System / Off-System,93016000,1104,LPI-01883,1,3.978,3.9680000000000004,3.988,16TH PL S,On Corridor,"449877-1, 453589-1",5,105,0.02,100,0.2,0.6,Verified Match,"449877-1, 453589-1",5
114253,266715,93000137,URBAN GENERAL,MIAMI,URBAN PRIN ART OTHER,DIVIDED,,SR  807,4,PALM BEACH,38000,6,40,0,LPI,Implement a Leading Pedestrian Interval (LPI),,LPI-00274,Potential Location,0.870000005,1,5408.8083328125,,,,,,,,,,,,,5408.8083328125,,4,93,93000137 = 1.085|93006000 = 5.456,S CONGRESS AVE|SUMMIT BLVD,47350,93006000,93000137,Y,,,10,,On-System / Off-System,93006000,1105,LPI-00274,1,1.085,1.075,1.095,S CONGRESS AVE,Off Corridor,,0,0,0,0,,,Unmatched,,0
114253,266715,93006000,URBAN GENERAL,MIAMI,URBAN PRIN ART OTHER,DIVIDED,,SR  807,4,PALM BEACH,38000,6,40,0,LPI,Implement a Leading Pedestrian Interval (LPI),,LPI-00274,Potential Location,0.870000005,1,5408.8083328125,,,,,,,,,,,,,5408.8083328125,,4,93,93000137 = 1.085|93006000 = 5.456,S CONGRESS AVE|SUMMIT BLVD,47350,93006000,93000137,Y,,,10,,On-System / Off-System,93006000,1105,LPI-00274,2,5.456,5.446000000000001,5.466,SUMMIT BLVD,Off Corridor,,0,0,0,0,,,Unmatched,,0
114277,266759,93006000,URBAN GENERAL,MIAMI,URBAN PRIN ART OTHER,DIVIDED,,SR  807,4,PALM BEACH,42500,6,40,0,LPI,Implement a Leading Pedestrian Interval (LPI),,LPI-01813,Potential Location,0.870000005,1,5408.8083328125,,,,,,,,,,,,,5408.8083328125,,4,93,93006000 = 3.976|93A13694 = .627,LILLIAN RD|S CONGRESS AVE,17500,93006000,93A13694,Y,,,10,,On-System / Off-System,93006000,1106,LPI-01813,1,3.976,3.966,3.9859999999999998,LILLIAN RD,On Corridor,449879-1,5,106,0.02,100,0,0.8,Verified Match,449879-1,5
114763,270210,93000042,URBAN GENERAL,MIAMI,URBAN PRIN ART OTHER,NOT DIVIDED,US   98,SR   80,4,PALM BEACH,31000,4,35,1,LPI,Implement a Leading Pedestrian Interval (LPI),,LPI-01846,Potential Location,0.870000005,1,5408.8083328125,,,,,,,,,,,,,5408.8083328125,,4,93,93000042 = 1.422|93000043 = 0|93120000 = 20.508,S LAKE AVE|SOUTHERN BLVD,15500,93120000,93000042,Y,-80.06079,26.67584488,10,,On-System / On-System,93120000,1107,LPI-01846,1,1.422,1.412,1.432,S LAKE AVE,Off Corridor,,0,0,0,0,89.6,31.3,No Match - Angle Mismatch,,0
114763,270210,93000043,URBAN GENERAL,MIAMI,URBAN PRIN ART OTHER,NOT DIVIDED,US   98,SR   80,4,PALM BEACH,31000,4,35,1,LPI,Implement a Leading Pedestrian Interval (LPI),,LPI-01846,Potential Location,0.870000005,1,5408.8083328125,,,,,,,,,,,,,5408.8083328125,,4,93,93000042 = 1.422|93000043 = 0|93120000 = 20.508,S LAKE AVE|SOUTHERN BLVD,15500,93120000,93000042,Y,-80.06079,26.67584488,10,,On-System / On-System,93120000,1107,LPI-01846,2,0,0,0.01,SOUTHERN BLVD,Off Corridor,,0,0,0,0,86,26.7,No Match - Angle Mismatch,,0
114763,270210,93120000,URBAN GENERAL,MIAMI,URBAN PRIN ART OTHER,NOT DIVIDED,US   98,SR   80,4,PALM BEACH,31000,4,35,1,LPI,Implement a Leading Pedestrian Interval (LPI),,LPI-01846,Potential Location,0.870000005,1,5408.8083328125,,,,,,,,,,,,,5408.8083328125,,4,93,93000042 = 1.422|93000043 = 0|93120000 = 20.508,S LAKE AVE|SOUTHERN BLVD,15500,93120000,93000042,Y,-80.06079,26.67584488,10,,On-System / On-System,93120000,1107,LPI-01846,3,20.508,20.497999999999998,20.518,,On Corridor,"233752-1, 435516-1",4,105,0.02,100,0,0.4,Verified Match,"233752-1, 435516-1",4
114899,270631,93000046,URBAN GENERAL,MIAMI,URBAN MINOR ART,DIVIDED,,SR   80,4,PALM BEACH,13500,4,35,1,LPI,Implement a Leading Pedestrian Interval (LPI),,LPI-01117,Potential Location,0.870000005,1,5408.8083328125,,,,,,,,,,,,,5408.8083328125,,4,93,93000046 = 0|93120000 = 21.168|93A12637 = .235,SOUTHERN BLVD|WASHINGTON RD,8000,93120000,93000046,Y,-80.05013979,26.67556322,10,,On-System / On-System,93120000,1108,LPI-01117,1,0,0,0.01,SOUTHERN BLVD,Off Corridor,,0,0,0,0,82.5,26.7,No Match - Angle Mismatch,,0
114899,270631,93120000,URBAN GENERAL,MIAMI,URBAN MINOR ART,DIVIDED,,SR   80,4,PALM BEACH,13500,4,35,1,LPI,Implement a Leading Pedestrian Interval (LPI),,LPI-01117,Potential Location,0.870000005,1,5408.8083328125,,,,,,,,,,,,,5408.8083328125,,4,93,93000046 = 0|93120000 = 21.168|93A12637 = .235,SOUTHERN BLVD|WASHINGTON RD,8000,93120000,93000046,Y,-80.05013979,26.67556322,10,,On-System / On-System,93120000,1108,LPI-01117,2,21.168,21.157999999999998,21.178,WASHINGTON RD,On Corridor,233752-1,3,105,0.02,100,0,0.4,Verified Match,233752-1,3
115069,266916,93000146,URBAN GENERAL,MIAMI,URBAN PRIN ART OTHER,DIVIDED,,SR  807,4,PALM BEACH,46000,6,40,0,LPI,Implement a Leading Pedestrian Interval (LPI),,LPI-01814,Potential Location,0.870000005,1,5408.8083328125,,,,,,,,,,,,,5408.8083328125,,4,93,93000146 = .673|93006000 = 2.213,2ND AVE N|S CONGRESS AVE,27650,93006000,93000146,Y,,,10,,On-System / Off-System,93006000,1109,LPI-01814,1,0.673,0.663,0.683,2ND AVE N,Off Corridor,,0,0,0,0,89.9,27,No Match - Angle Mismatch,,0
115069,266916,93006000,URBAN GENERAL,MIAMI,URBAN PRIN ART OTHER,DIVIDED,,SR  807,4,PALM BEACH,46000,6,40,0,LPI,Implement a Leading Pedestrian Interval (LPI),,LPI-01814,Potential Location,0.870000005,1,5408.8083328125,,,,,,,,,,,,,5408.8083328125,,4,93,93000146 = .673|93006000 = 2.213,2ND AVE N|S CONGRESS AVE,27650,93006000,93000146,Y,,,10,,On-System / Off-System,93006000,1109,LPI-01814,2,2.213,2.2030000000000003,2.223,S CONGRESS AVE,On Corridor,453589-1,2,106,0.02,100,0.1,21.6,Verified Match,453589-1,2
115153,267013,93000225,URBAN GENERAL,MIAMI,URBAN PRIN ART OTHER,DIVIDED,,SR  807,4,PALM BEACH,42500,6,40,0,LPI,Implement a Leading Pedestrian Interval (LPI),,LPI-01875,Potential Location,0.870000005,1,5408.8083328125,,,,,,,,,,,,,5408.8083328125,,4,93,93000225 = 1.534|93006000 = 3.469,GREENBRIER DR|S CONGRESS AVE,20450,93006000,93000225,Y,,,10,,On-System / Off-System,93006000,1110,LPI-01875,1,1.534,1.524,1.544,GREENBRIER DR,Off Corridor,,0,0,0,0,90,55.5,No Match - Angle Mismatch,,0
115153,267013,93006000,URBAN GENERAL,MIAMI,URBAN PRIN ART OTHER,DIVIDED,,SR  807,4,PALM BEACH,42500,6,40,0,LPI,Implement a Leading Pedestrian Interval (LPI),,LPI-01875,Potential Location,0.870000005,1,5408.8083328125,,,,,,,,,,,,,5408.8083328125,,4,93,93000225 = 1.534|93006000 = 3.469,GREENBRIER DR|S CONGRESS AVE,20450,93006000,93000225,Y,,,10,,On-System / Off-System,93006000,1110,LPI-01875,2,3.469,3.459,3.4789999999999996,S CONGRESS AVE,On Corridor,"449879-1, 453590-1",7,106,0.02,100,0,0.8,Verified Match,"449879-1, 453590-1",7
115384,267106,93000017,URBAN GENERAL,MIAMI,URBAN PRIN ART OTHER,DIVIDED,US    1,SR    5,4,PALM BEACH,32000,5,45,1,LPI,Implement a Leading Pedestrian Interval (LPI),,LPI-02276,Potential Location,0.870000005,1,5408.8083328125,,,,,,,,,,,,,5408.8083328125,,4,93,93000017 = 1.464|93000217 = 1.168|93010000 = 3.123,N FEDERAL HWY|NE 20TH ST|NE 5TH AVE,26600,93010000,93000017,Y,-80.07798476,26.36807041,10,,On-System / On-System,93010000,1111,LPI-02276,1,1.464,1.454,1.474,N FEDERAL HWY,Off Corridor,,0,0,0,0,88.7,63.4,No Match - Angle Mismatch,,0
115384,267106,93000217,URBAN GENERAL,MIAMI,URBAN PRIN ART OTHER,DIVIDED,US    1,SR    5,4,PALM BEACH,32000,5,45,1,LPI,Implement a Leading Pedestrian Interval (LPI),,LPI-02276,Potential Location,0.870000005,1,5408.8083328125,,,,,,,,,,,,,5408.8083328125,,4,93,93000017 = 1.464|93000217 = 1.168|93010000 = 3.123,N FEDERAL HWY|NE 20TH ST|NE 5TH AVE,26600,93010000,93000017,Y,-80.07798476,26.36807041,10,,On-System / On-System,93010000,1111,LPI-02276,2,1.168,1.158,1.178,NE 20TH ST,On Corridor,"451579-2, 448064-1, 448135-1, 233752-1",10,106,0.02,100,26.8,82.3,Verified Match,"451579-2, 448064-1, 448135-1, 233752-1",10
115384,267106,93010000,URBAN GENERAL,MIAMI,URBAN PRIN ART OTHER,DIVIDED,US    1,SR    5,4,PALM BEACH,32000,5,45,1,LPI,Implement a Leading Pedestrian Interval (LPI),,LPI-02276,Potential Location,0.870000005,1,5408.8083328125,,,,,,,,,,,,,5408.8083328125,,4,93,93000017 = 1.464|93000217 = 1.168|93010000 = 3.123,N FEDERAL HWY|NE 20TH ST|NE 5TH AVE,26600,93010000,93000017,Y,-80.07798476,26.36807041,10,,On-System / On-System,93010000,1111,LPI-02276,3,3.123,3.1130000000000004,3.133,NE 5TH AVE,On Corridor,"451579-2, 448064-1, 448135-1, 233752-1",10,106,0.02,100,0.7,0.8,Verified Match,"451579-2, 448064-1, 448135-1, 233752-1",10
115402,267125,93000014,URBAN GENERAL,MIAMI,URBAN PRIN ART OTHER,DIVIDED,US    1,SR    5,4,PALM BEACH,32000,4,45,1,LPI,Implement a Leading Pedestrian Interval (LPI),,LPI-01817,Potential Location,0.870000005,1,5408.8083328125,,,,,,,,,,,,,5408.8083328125,,4,93,93000014 = 1.729|93002000 = .006|93010000 = 4.386,N FEDERAL HWY|NE 40TH ST|NE SPANISH RIVER BLVD,34050,93010000,93000014,Y,-80.07651272,26.38612483,10,,On-System / On-System,93010000,1112,LPI-01817,1,1.729,1.719,1.739,N FEDERAL HWY,On Corridor,448264-1,8,79,0.01,100,0.5,0.5,Verified Match,448264-1,8
115402,267125,93002000,URBAN GENERAL,MIAMI,URBAN PRIN ART OTHER,DIVIDED,US    1,SR    5,4,PALM BEACH,32000,4,45,1,LPI,Implement a Leading Pedestrian Interval (LPI),,LPI-01817,Potential Location,0.870000005,1,5408.8083328125,,,,,,,,,,,,,5408.8083328125,,4,93,93000014 = 1.729|93002000 = .006|93010000 = 4.386,N FEDERAL HWY|NE 40TH ST|NE SPANISH RIVER BLVD,34050,93010000,93000014,Y,-80.07651272,26.38612483,10,,On-System / On-System,93010000,1112,LPI-01817,2,0.006,0,0.016,NE 40TH ST,On Corridor,448264-1,8,84,0.02,100,6.6,0.6,Verified Match,448264-1,8
115402,267125,93010000,URBAN GENERAL,MIAMI,URBAN PRIN ART OTHER,DIVIDED,US    1,SR    5,4,PALM BEACH,32000,4,45,1,LPI,Implement a Leading Pedestrian Interval (LPI),,LPI-01817,Potential Location,0.870000005,1,5408.8083328125,,,,,,,,,,,,,5408.8083328125,,4,93,93000014 = 1.729|93002000 = .006|93010000 = 4.386,N FEDERAL HWY|NE 40TH ST|NE SPANISH RIVER BLVD,34050,93010000,93000014,Y,-80.07651272,26.38612483,10,,On-System / On-System,93010000,1112,LPI-01817,3,4.386,4.376,4.396,NE SPANISH RIVER BLVD,On Corridor,"448064-1, 233752-1",4,106,0.02,100,0.3,0.6,Verified Match,"448064-1, 233752-1",4
115659,267834,93000181,URBAN GENERAL,MIAMI,URBAN MINOR ART,1WAY,US    1,SR    5,4,PALM BEACH,14000,2,35,1,LPI,Implement a Leading Pedestrian Interval (LPI),,LPI-01821,Potential Location,0.870000005,1,5408.8083328125,,,,,,,,,,,,,5408.8083328125,,4,93,93000181 = .375|93010000 = 9.563|93A18382 = 0,S FEDERAL HWY|SE 1ST ST,8800,93010000,93000181,Y,-80.06700012,26.4598433,10,,On-System / On-System,93010000,1113,LPI-01821,1,0.375,0.365,0.385,S FEDERAL HWY,Off Corridor,,0,0,0,0,88.6,29.6,No Match - Angle Mismatch,,0
115659,267834,93010000,URBAN GENERAL,MIAMI,URBAN MINOR ART,1WAY,US    1,SR    5,4,PALM BEACH,14000,2,35,1,LPI,Implement a Leading Pedestrian Interval (LPI),,LPI-01821,Potential Location,0.870000005,1,5408.8083328125,,,,,,,,,,,,,5408.8083328125,,4,93,93000181 = .375|93010000 = 9.563|93A18382 = 0,S FEDERAL HWY|SE 1ST ST,8800,93010000,93000181,Y,-80.06700012,26.4598433,10,,On-System / On-System,93010000,1113,LPI-01821,2,9.563,9.553,9.573,SE 1ST ST,On Corridor,"233752-1, 448107-1",4,106,0.02,100,0,0.7,Verified Match,"233752-1, 448107-1",4
115940,266352,93010000,URBAN GENERAL,MIAMI,URBAN MINOR ART,DIVIDED,US    1,SR    5,4,PALM BEACH,21500,4,35,1,LPI,Implement a Leading Pedestrian Interval (LPI),,LPI-01780,Potential Location,0.870000005,1,5408.8083328125,,,,,,,,,,,,,5408.8083328125,,4,93,93010000 = 18.743|93020000 = .015|93050000 = 0|93A31138 = 0,N DIXIE HWY|N FEDERAL HWY|WATERWAY DR S,23350,93010000,93050000,Y,-80.05229677,26.59210512,10,,On-System / On-System,93010000,1114,LPI-01780,1,18.743,18.732999999999997,18.753,N DIXIE HWY,On Corridor,"449832-1, 233752-1, 457558-1",5,106,0.02,100,17.3,0.6,Verified Match,"449832-1, 233752-1, 457558-1",5
115940,266352,93020000,URBAN GENERAL,MIAMI,URBAN MINOR ART,DIVIDED,US    1,SR    5,4,PALM BEACH,21500,4,35,1,LPI,Implement a Leading Pedestrian Interval (LPI),,LPI-01780,Potential Location,0.870000005,1,5408.8083328125,,,,,,,,,,,,,5408.8083328125,,4,93,93010000 = 18.743|93020000 = .015|93050000 = 0|93A31138 = 0,N DIXIE HWY|N FEDERAL HWY|WATERWAY DR S,23350,93010000,93050000,Y,-80.05229677,26.59210512,10,,On-System / On-System,93010000,1114,LPI-01780,2,0.015,0.004999999999999999,0.025,N FEDERAL HWY,On Corridor,"449832-1, 233752-1, 457558-1",5,106,0.02,100,8.2,0.7,Verified Match,"449832-1, 233752-1, 457558-1",5
115940,266352,93050000,URBAN GENERAL,MIAMI,URBAN MINOR ART,DIVIDED,US    1,SR    5,4,PALM BEACH,21500,4,35,1,LPI,Implement a Leading Pedestrian Interval (LPI),,LPI-01780,Potential Location,0.870000005,1,5408.8083328125,,,,,,,,,,,,,5408.8083328125,,4,93,93010000 = 18.743|93020000 = .015|93050000 = 0|93A31138 = 0,N DIXIE HWY|N FEDERAL HWY|WATERWAY DR S,23350,93010000,93050000,Y,-80.05229677,26.59210512,10,,On-System / On-System,93010000,1114,LPI-01780,3,0,0,0.01,WATERWAY DR S,On Corridor,"449832-1, 457558-1",2,53,0.01,100,18.9,0.6,Verified Parallel Fallback,"449832-1, 457558-1",2
116017,265452,93030000,URBAN GENERAL,MIAMI,URBAN MINOR ART,DIVIDED,,SR  806,4,PALM BEACH,43500,4,35,1,LPI,Implement a Leading Pedestrian Interval (LPI),,LPI-02264,Potential Location,0.870000005,1,5408.8083328125,,,,,,,,,,,,,5408.8083328125,,4,93,93030000 = 7.508|93A01861 = 0|93A18333 = 1.052,NW 12TH AVE|SW 12TH AVE|W ATLANTIC AVE,18250,93030000,93A01861,Y,-80.08534,26.46163501,10,,On-System / Off-System,93030000,1115,LPI-02264,1,7.508,7.498,7.518,NW 12TH AVE,Off Corridor,,0,0,0,0,,,Unmatched,,0
116132,265843,93010000,URBAN GENERAL,MIAMI,URBAN PRIN ART OTHER,DIVIDED,US    1,SR    5,4,PALM BEACH,25500,6,35,1,LPI,Implement a Leading Pedestrian Interval (LPI),,LPI-02268,Potential Location,0.870000005,1,5408.8083328125,,,,,,,,,,,,,5408.8083328125,,4,93,93010000 = 1.402|93537000 = .022|93A04282 = .135,S FEDERAL HWY|SE 5TH ST|SE MIZNER BLVD,17250,93010000,93537000,Y,-80.08602368,26.34525801,10,,On-System / On-System,93010000,1116,LPI-02268,1,1.402,1.392,1.412,S FEDERAL HWY,On Corridor,"438386-5, 448064-1, 233752-1",5,106,0.02,100,0.8,0.6,Verified Match,"438386-5, 448064-1, 233752-1",5
116132,265843,93537000,URBAN GENERAL,MIAMI,URBAN PRIN ART OTHER,DIVIDED,US    1,SR    5,4,PALM BEACH,25500,6,35,1,LPI,Implement a Leading Pedestrian Interval (LPI),,LPI-02268,Potential Location,0.870000005,1,5408.8083328125,,,,,,,,,,,,,5408.8083328125,,4,93,93010000 = 1.402|93537000 = .022|93A04282 = .135,S FEDERAL HWY|SE 5TH ST|SE MIZNER BLVD,17250,93010000,93537000,Y,-80.08602368,26.34525801,10,,On-System / On-System,93010000,1116,LPI-02268,2,0.022,0.011999999999999999,0.032,SE 5TH ST,Off Corridor,,0,0,0,0,86,95,No Match - Angle Mismatch,,0
116212,266269,93010000,URBAN GENERAL,MIAMI,URBAN PRIN ART OTHER,DIVIDED,US    1,SR    5,4,PALM BEACH,32000,4,45,1,LPI,Implement a Leading Pedestrian Interval (LPI),,LPI-02270,Potential Location,0.870000005,1,5408.8083328125,,,,,,,,,,,,,5408.8083328125,,4,93,93010000 = 2.884|93A20375 = 0,N FEDERAL HWY|NE 15TH TER,26750,93010000,93A13618,Y,-80.0798415,26.36497703,10,,On-System / Off-System,93010000,1117,LPI-02270,1,2.884,2.874,2.8939999999999997,N FEDERAL HWY,On Corridor,"451579-2, 448064-1, 448135-1, 233752-1",10,106,0.02,100,0.2,0.8,Verified Match,"451579-2, 448064-1, 448135-1, 233752-1",10
116551,268492,93006000,URBAN GENERAL,MIAMI,URBAN PRIN ART OTHER,DIVIDED,,SR  807,4,PALM BEACH,30500,6,40,0,LPI,Implement a Leading Pedestrian Interval (LPI),,LPI-02309,Potential Location,0.870000005,1,5408.8083328125,,,,,,,,,,,,,5408.8083328125,,4,93,93006000 = 5.117|93A13105 = 1.016,COLLIN DR|S CONGRESS AVE,14250,93006000,93A13105,Y,,,10,,On-System / Off-System,93006000,1118,LPI-02309,1,5.117,5.107,5.127,COLLIN DR,Off Corridor,,0,0,0,0,,,Unmatched,,0
116552,268492,93006000,URBAN GENERAL,MIAMI,URBAN PRIN ART OTHER,DIVIDED,,SR  807,4,PALM BEACH,30500,6,40,0,LPI,Implement a Leading Pedestrian Interval (LPI),,LPI-02308,Potential Location,0.870000005,1,5408.8083328125,,,,,,,,,,,,,5408.8083328125,,4,93,93006000 = 4.915|93A13203 = .123,RIDDLE RD|S CONGRESS AVE,14250,93006000,93A13203,Y,,,10,,On-System / Off-System,93006000,1119,LPI-02308,1,4.915,4.905,4.925,RIDDLE RD,Off Corridor,,0,0,0,0,,,Unmatched,,0
116600,268612,93010000,URBAN GENERAL,MIAMI,URBAN MINOR ART,DIVIDED,US    1,SR    5,4,PALM BEACH,21500,4,35,1,LPI,Implement a Leading Pedestrian Interval (LPI),,LPI-01971,Potential Location,0.870000005,1,5408.8083328125,,,,,,,,,,,,,5408.8083328125,,4,93,93010000 = 18.395|93530000 = 4.205|93A15436 = 0,E LANTANA RD|N DIXIE HWY|W LANTANA RD,19350,93010000,93530000,Y,-80.05198803,26.58674991,10,,On-System / On-System,93010000,1120,LPI-01971,1,18.395,18.384999999999998,18.405,E LANTANA RD,On Corridor,233752-1,3,106,0.02,100,0.8,0.7,Verified Match,233752-1,3
116600,268612,93530000,URBAN GENERAL,MIAMI,URBAN MINOR ART,DIVIDED,US    1,SR    5,4,PALM BEACH,21500,4,35,1,LPI,Implement a Leading Pedestrian Interval (LPI),,LPI-01971,Potential Location,0.870000005,1,5408.8083328125,,,,,,,,,,,,,5408.8083328125,,4,93,93010000 = 18.395|93530000 = 4.205|93A15436 = 0,E LANTANA RD|N DIXIE HWY|W LANTANA RD,19350,93010000,93530000,Y,-80.05198803,26.58674991,10,,On-System / On-System,93010000,1120,LPI-01971,2,4.205,4.195,4.215,N DIXIE HWY,Off Corridor,,0,0,0,0,84.6,27,No Match - Angle Mismatch,,0
116613,272026,93006100,URBAN GENERAL,MIAMI,URBAN PRIN ART OTHER,DIVIDED,US   98,SR   80,4,PALM BEACH,79500,8,45,1,LPI,Implement a Leading Pedestrian Interval (LPI),,LPI-02239,Potential Location,0.870000005,1,5408.8083328125,,,,,,,,,,,,,5408.8083328125,,4,93,93006100 = .372|93120000 = 19.146,AUSTRALIAN AVE|S CONGRESS AVE|SOUTHERN BLVD,48000,93120000,93006100,Y,,,10,,On-System / On-System,93120000,1121,LPI-02239,1,0.372,0.362,0.382,AUSTRALIAN AVE,On Corridor,455277-1,3,106,0.02,100,0.4,243,Verified Match,455277-1,3
116613,272026,93120000,URBAN GENERAL,MIAMI,URBAN PRIN ART OTHER,DIVIDED,US   98,SR   80,4,PALM BEACH,79500,8,45,1,LPI,Implement a Leading Pedestrian Interval (LPI),,LPI-02239,Potential Location,0.870000005,1,5408.8083328125,,,,,,,,,,,,,5408.8083328125,,4,93,93006100 = .372|93120000 = 19.146,AUSTRALIAN AVE|S CONGRESS AVE|SOUTHERN BLVD,48000,93120000,93006100,Y,,,10,,On-System / On-System,93120000,1121,LPI-02239,2,19.146,19.136,19.156000000000002,S CONGRESS AVE,On Corridor,"233752-1, 444202-2",4,105,0.02,100,0.3,0.4,Verified Match,"233752-1, 444202-2",4
117325,268125,93001000,URBAN GENERAL,MIAMI,URBAN PRIN ART OTHER,DIVIDED,,SR  786,4,PALM BEACH,43000,6,45,1,LPI,Implement a Leading Pedestrian Interval (LPI),,LPI-02307,Potential Location,0.870000005,1,5408.8083328125,,,,,,,,,,,,,5408.8083328125,,4,93,93001000 = 5.273|93A06700 = 0|93A08943 = 0,HICKORY DR|PGA BLVD|SHADY LAKES DR,17250,93001000,93A06700,Y,-80.11338,26.83846504,10,,On-System / Off-System,93001000,1122,LPI-02307,1,5.273,5.263,5.2829999999999995,HICKORY DR,Off Corridor,,0,0,0,0,,,Unmatched,,0
117378,264312,93000051,URBAN GENERAL,MIAMI,URBAN PRIN ART OTHER,DIVIDED,,SR  806,4,PALM BEACH,45000,5,45,1,LPI,Implement a Leading Pedestrian Interval (LPI),,LPI-02235,Potential Location,0.870000005,1,5408.8083328125,,,,,,,,,,,,,5408.8083328125,,4,93,93000051 = 5.882|93030000 = 3.558,JOG RD|W ATLANTIC AVE,74750,93030000,93000051,Y,-80.14706598,26.45375,10,,On-System / On-System,93030000,1123,LPI-02235,1,5.882,5.872,5.8919999999999995,JOG RD,Off Corridor,,0,0,0,0,89.5,23.2,No Match - Angle Mismatch,,0
117378,264312,93030000,URBAN GENERAL,MIAMI,URBAN PRIN ART OTHER,DIVIDED,,SR  806,4,PALM BEACH,45000,5,45,1,LPI,Implement a Leading Pedestrian Interval (LPI),,LPI-02235,Potential Location,0.870000005,1,5408.8083328125,,,,,,,,,,,,,5408.8083328125,,4,93,93000051 = 5.882|93030000 = 3.558,JOG RD|W ATLANTIC AVE,74750,93030000,93000051,Y,-80.14706598,26.45375,10,,On-System / On-System,93030000,1123,LPI-02235,2,3.558,3.548,3.5679999999999996,W ATLANTIC AVE,On Corridor,440575-5,5,106,0.02,100,0.4,0.5,Verified Match,440575-5,5
117384,271642,93000037,URBAN GENERAL,MIAMI,URBAN MINOR ART,NOT DIVIDED,,SR   80,4,PALM BEACH,13500,2,35,1,LPI,Implement a Leading Pedestrian Interval (LPI),,LPI-01918,Potential Location,0.870000005,1,5408.8083328125,,,,,,,,,,,,,5408.8083328125,,4,93,93000037 = 2.488|93120000 = 21.261|93A12466 = 0,S FLAGLER DR|SOUTHERN BLVD,8000,93120000,93000037,Y,-80.04864,26.67556597,10,,On-System / On-System,93120000,1124,LPI-01918,1,2.488,2.478,2.4979999999999998,S FLAGLER DR,Off Corridor,,0,0,0,0,88.3,26,No Match - Angle Mismatch,,0
117384,271642,93120000,URBAN GENERAL,MIAMI,URBAN MINOR ART,NOT DIVIDED,,SR   80,4,PALM BEACH,13500,2,35,1,LPI,Implement a Leading Pedestrian Interval (LPI),,LPI-01918,Potential Location,0.870000005,1,5408.8083328125,,,,,,,,,,,,,5408.8083328125,,4,93,93000037 = 2.488|93120000 = 21.261|93A12466 = 0,S FLAGLER DR|SOUTHERN BLVD,8000,93120000,93000037,Y,-80.04864,26.67556597,10,,On-System / On-System,93120000,1124,LPI-01918,2,21.261,21.250999999999998,21.271,SOUTHERN BLVD,On Corridor,233752-1,3,105,0.02,100,0,0.4,Verified Match,233752-1,3
117436,264349,93000202,URBAN GENERAL,MIAMI,URBAN MINOR ART,DIVIDED,US    1,SR    5,4,PALM BEACH,30500,4,45,1,LPI,Implement a Leading Pedestrian Interval (LPI),,LPI-01811,Potential Location,0.870000005,1,5408.8083328125,,,,,,,,,,,,,5408.8083328125,,4,93,93000202 = .574|93010000 = 7.08|93A19059 = 0,AVENUE L|LINDELL BLVD|S FEDERAL HWY,16950,93010000,93000202,Y,-80.07342841,26.42499303,10,,On-System / On-System,93010000,1125,LPI-01811,1,0.574,0.564,0.584,AVENUE L,Off Corridor,,0,0,0,0,89.9,62.2,No Match - Angle Mismatch,,0
117436,264349,93010000,URBAN GENERAL,MIAMI,URBAN MINOR ART,DIVIDED,US    1,SR    5,4,PALM BEACH,30500,4,45,1,LPI,Implement a Leading Pedestrian Interval (LPI),,LPI-01811,Potential Location,0.870000005,1,5408.8083328125,,,,,,,,,,,,,5408.8083328125,,4,93,93000202 = .574|93010000 = 7.08|93A19059 = 0,AVENUE L|LINDELL BLVD|S FEDERAL HWY,16950,93010000,93000202,Y,-80.07342841,26.42499303,10,,On-System / On-System,93010000,1125,LPI-01811,2,7.08,7.07,7.09,LINDELL BLVD,On Corridor,"447658-1, 453589-1, 233752-1",6,106,0.02,100,0,0.7,Verified Match,"447658-1, 453589-1, 233752-1",6
117779,265304,93006000,URBAN GENERAL,MIAMI,URBAN PRIN ART OTHER,DIVIDED,,SR  807,4,PALM BEACH,42500,6,40,0,LPI,Implement a Leading Pedestrian Interval (LPI),,LPI-00266,Potential Location,0.870000005,1,5408.8083328125,,,,,,,,,,,,,5408.8083328125,,4,93,93006000 = 3.181,S CONGRESS AVE,17500,93006000,93A37447,N,,,10,,On-System / Off-System,93006000,1126,LPI-00266,1,3.181,3.1710000000000003,3.191,S CONGRESS AVE,On Corridor,449879-1,5,106,0.02,100,0,0.8,Verified Match,449879-1,5
118423,272248,93000268,URBAN GENERAL,MIAMI,URBAN PRIN ART OTHER,DIVIDED,US  441,SR    7,4,PALM BEACH,48000,6,45,1,LPI,Implement a Leading Pedestrian Interval (LPI),,LPI-01853,Potential Location,0.870000005,1,5408.8083328125,,,,,,,,,,,,,5408.8083328125,,4,93,93000268 = 1.494|93210000 = 4.556|93862000 = .007,SR-7|YAMATO RD,61400,93210000,93862000,Y,-80.20373009,26.39428,10,,On-System / On-System,93210000,1127,LPI-01853,1,1.494,1.484,1.504,SR-7,Off Corridor,,0,0,0,0,89.5,74.8,No Match - Angle Mismatch,,0
118423,272248,93210000,URBAN GENERAL,MIAMI,URBAN PRIN ART OTHER,DIVIDED,US  441,SR    7,4,PALM BEACH,48000,6,45,1,LPI,Implement a Leading Pedestrian Interval (LPI),,LPI-01853,Potential Location,0.870000005,1,5408.8083328125,,,,,,,,,,,,,5408.8083328125,,4,93,93000268 = 1.494|93210000 = 4.556|93862000 = .007,SR-7|YAMATO RD,61400,93210000,93862000,Y,-80.20373009,26.39428,10,,On-System / On-System,93210000,1127,LPI-01853,2,4.556,4.546,4.566,YAMATO RD,On Corridor,447670-1,2,106,0.02,100,0.2,0.7,Verified Match,447670-1,2
118423,272248,93862000,URBAN GENERAL,MIAMI,URBAN PRIN ART OTHER,DIVIDED,US  441,SR    7,4,PALM BEACH,48000,6,45,1,LPI,Implement a Leading Pedestrian Interval (LPI),,LPI-01853,Potential Location,0.870000005,1,5408.8083328125,,,,,,,,,,,,,5408.8083328125,,4,93,93000268 = 1.494|93210000 = 4.556|93862000 = .007,SR-7|YAMATO RD,61400,93210000,93862000,Y,-80.20373009,26.39428,10,,On-System / On-System,93210000,1127,LPI-01853,3,0.007,0,0.017,,Off Corridor,,0,0,0,0,89,12.4,No Match - Angle Mismatch,,0
118553,265382,93006000,URBAN GENERAL,MIAMI,URBAN PRIN ART OTHER,DIVIDED,,SR  882,4,PALM BEACH,44000,6,45,0,LPI,Implement a Leading Pedestrian Interval (LPI),,LPI-01881,Potential Location,0.870000005,1,5408.8083328125,,,,,,,,,,,,,5408.8083328125,,4,93,93006000 = 4.386|93016000 = 7.157,FOREST HILL BLVD|S CONGRESS AVE,77750,93016000,93006000,Y,,,10,,On-System / Off-System,93016000,1128,LPI-01881,1,4.386,4.376,4.396,FOREST HILL BLVD,On Corridor,449879-1,5,106,0.02,100,0.1,29.4,Verified Match,449879-1,5
118553,265382,93016000,URBAN GENERAL,MIAMI,URBAN PRIN ART OTHER,DIVIDED,,SR  882,4,PALM BEACH,44000,6,45,0,LPI,Implement a Leading Pedestrian Interval (LPI),,LPI-01881,Potential Location,0.870000005,1,5408.8083328125,,,,,,,,,,,,,5408.8083328125,,4,93,93006000 = 4.386|93016000 = 7.157,FOREST HILL BLVD|S CONGRESS AVE,77750,93016000,93006000,Y,,,10,,On-System / Off-System,93016000,1128,LPI-01881,2,7.157,7.147,7.167,S CONGRESS AVE,Off Corridor,,0,0,0,0,87.2,22.9,No Match - Angle Mismatch,,0
118629,282642,94000011,URBAN GENERAL,PORT SAINT LUCIE,URBAN PRIN ART OTHER,DIVIDED,US    1,SR    5,4,ST. LUCIE,32000,4,35,1,LPI,Implement a Leading Pedestrian Interval (LPI),,LPI-00895,Potential Location,0.870000005,1,5408.8083328125,,,,,,,,,,,,,5408.8083328125,,4,94,94000011 = 2.219|94000021 = 1.266|94010000 = 12.722,GEORGIA AVE|S US HWY 1|SUNRISE BLVD,18050,94010000,94000011,Y,-80.32590815,27.43964002,10,,On-System / On-System,94010000,1129,LPI-00895,1,2.219,2.209,2.2289999999999996,GEORGIA AVE,Off Corridor,,0,0,0,0,,,Unmatched,,0
118629,282642,94000021,URBAN GENERAL,PORT SAINT LUCIE,URBAN PRIN ART OTHER,DIVIDED,US    1,SR    5,4,ST. LUCIE,32000,4,35,1,LPI,Implement a Leading Pedestrian Interval (LPI),,LPI-00895,Potential Location,0.870000005,1,5408.8083328125,,,,,,,,,,,,,5408.8083328125,,4,94,94000011 = 2.219|94000021 = 1.266|94010000 = 12.722,GEORGIA AVE|S US HWY 1|SUNRISE BLVD,18050,94010000,94000011,Y,-80.32590815,27.43964002,10,,On-System / On-System,94010000,1129,LPI-00895,2,1.266,1.256,1.276,S US HWY 1,Off Corridor,,0,0,0,0,,,Unmatched,,0
118629,282642,94010000,URBAN GENERAL,PORT SAINT LUCIE,URBAN PRIN ART OTHER,DIVIDED,US    1,SR    5,4,ST. LUCIE,32000,4,35,1,LPI,Implement a Leading Pedestrian Interval (LPI),,LPI-00895,Potential Location,0.870000005,1,5408.8083328125,,,,,,,,,,,,,5408.8083328125,,4,94,94000011 = 2.219|94000021 = 1.266|94010000 = 12.722,GEORGIA AVE|S US HWY 1|SUNRISE BLVD,18050,94010000,94000011,Y,-80.32590815,27.43964002,10,,On-System / On-System,94010000,1129,LPI-00895,3,12.722,12.712,12.732,SUNRISE BLVD,Off Corridor,,0,0,0,0,,,Unmatched,,0
118700,264535,93000044,URBAN GENERAL,MIAMI,URBAN MINOR ART,DIVIDED,,SR  882,4,PALM BEACH,22500,2,35,0,LPI,Implement a Leading Pedestrian Interval (LPI),,LPI-01776,Potential Location,0.870000005,1,5408.8083328125,,,,,,,,,,,,,5408.8083328125,,4,93,93000044 = 0|93000234 = .795|93016000 = 9.04,FOREST HILL BLVD|GEORGIA AVE,11375,93016000,93000044,Y,,,10,,On-System / Off-System,93016000,1130,LPI-01776,1,0,0,0.01,FOREST HILL BLVD,Off Corridor,,0,0,0,0,89.3,27.1,No Match - Angle Mismatch,,0
118700,264535,93000234,URBAN GENERAL,MIAMI,URBAN MINOR ART,DIVIDED,,SR  882,4,PALM BEACH,22500,2,35,0,LPI,Implement a Leading Pedestrian Interval (LPI),,LPI-01776,Potential Location,0.870000005,1,5408.8083328125,,,,,,,,,,,,,5408.8083328125,,4,93,93000044 = 0|93000234 = .795|93016000 = 9.04,FOREST HILL BLVD|GEORGIA AVE,11375,93016000,93000044,Y,,,10,,On-System / Off-System,93016000,1130,LPI-01776,2,0.795,0.785,0.805,GEORGIA AVE,Off Corridor,,0,0,0,0,89.4,26.4,No Match - Angle Mismatch,,0
118700,264535,93016000,URBAN GENERAL,MIAMI,URBAN MINOR ART,DIVIDED,,SR  882,4,PALM BEACH,22500,2,35,0,LPI,Implement a Leading Pedestrian Interval (LPI),,LPI-01776,Potential Location,0.870000005,1,5408.8083328125,,,,,,,,,,,,,5408.8083328125,,4,93,93000044 = 0|93000234 = .795|93016000 = 9.04,FOREST HILL BLVD|GEORGIA AVE,11375,93016000,93000044,Y,,,10,,On-System / Off-System,93016000,1130,LPI-01776,3,9.04,9.03,9.049999999999999,,On Corridor,446373-1,1,105,0.02,100,0,0.4,Verified Match,446373-1,1
118714,265501,93012000,URBAN GENERAL,MIAMI,URBAN MINOR ART,DIVIDED,,SR  708,4,PALM BEACH,23000,4,35,1,LPI,Implement a Leading Pedestrian Interval (LPI),,LPI-02285,Potential Location,0.870000005,1,5408.8083328125,,,,,,,,,,,,,5408.8083328125,,4,93,93012000 = 3.678|93020000 = 13.538|93080000 = .003,BROADWAY|E BLUE HERON BLVD|W BLUE HERON BLVD,45000,93012000,93020000,Y,-80.05484985,26.78341,10,,On-System / On-System,93012000,1131,LPI-02285,1,3.678,3.668,3.6879999999999997,BROADWAY,Off Corridor,,0,0,0,0,89.3,37.5,No Match - Angle Mismatch,,0
118714,265501,93020000,URBAN GENERAL,MIAMI,URBAN MINOR ART,DIVIDED,,SR  708,4,PALM BEACH,23000,4,35,1,LPI,Implement a Leading Pedestrian Interval (LPI),,LPI-02285,Potential Location,0.870000005,1,5408.8083328125,,,,,,,,,,,,,5408.8083328125,,4,93,93012000 = 3.678|93020000 = 13.538|93080000 = .003,BROADWAY|E BLUE HERON BLVD|W BLUE HERON BLVD,45000,93012000,93020000,Y,-80.05484985,26.78341,10,,On-System / On-System,93012000,1131,LPI-02285,2,13.538,13.528,13.548,E BLUE HERON BLVD,On Corridor,438386-2,1,106,0.02,100,0,0.8,Verified Match,438386-2,1
118714,265501,93080000,URBAN GENERAL,MIAMI,URBAN MINOR ART,DIVIDED,,SR  708,4,PALM BEACH,23000,4,35,1,LPI,Implement a Leading Pedestrian Interval (LPI),,LPI-02285,Potential Location,0.870000005,1,5408.8083328125,,,,,,,,,,,,,5408.8083328125,,4,93,93012000 = 3.678|93020000 = 13.538|93080000 = .003,BROADWAY|E BLUE HERON BLVD|W BLUE HERON BLVD,45000,93012000,93020000,Y,-80.05484985,26.78341,10,,On-System / On-System,93012000,1131,LPI-02285,3,0.003,0,0.013000000000000001,W BLUE HERON BLVD,Off Corridor,,0,0,0,0,89.6,33.3,No Match - Angle Mismatch,,0
118886,264647,93000250,URBAN GENERAL,MIAMI,URBAN PRIN ART OTHER,DIVIDED,,SR  882,4,PALM BEACH,35000,6,45,0,LPI,Implement a Leading Pedestrian Interval (LPI),,LPI-02237,Potential Location,0.870000005,1,5408.8083328125,,,,,,,,,,,,,5408.8083328125,,4,93,93000250 = 2.283|93016000 = 4.14,FOREST HILL BLVD|SHERWOOD FOREST BLVD,22950,93016000,93000250,Y,,,10,,On-System / Off-System,93016000,1132,LPI-02237,1,2.283,2.273,2.2929999999999997,FOREST HILL BLVD,Off Corridor,,0,0,0,0,88.2,20.4,No Match - Angle Mismatch,,0
118886,264647,93016000,URBAN GENERAL,MIAMI,URBAN PRIN ART OTHER,DIVIDED,,SR  882,4,PALM BEACH,35000,6,45,0,LPI,Implement a Leading Pedestrian Interval (LPI),,LPI-02237,Potential Location,0.870000005,1,5408.8083328125,,,,,,,,,,,,,5408.8083328125,,4,93,93000250 = 2.283|93016000 = 4.14,FOREST HILL BLVD|SHERWOOD FOREST BLVD,22950,93016000,93000250,Y,,,10,,On-System / Off-System,93016000,1132,LPI-02237,2,4.14,4.13,4.1499999999999995,SHERWOOD FOREST BLVD,On Corridor,"445628-1, 449877-1",4,105,0.02,100,0.6,0.4,Verified Match,"445628-1, 449877-1",4
119318,265058,93000042,URBAN GENERAL,MIAMI,URBAN MINOR ART,DIVIDED,,SR  882,4,PALM BEACH,22500,2,35,0,LPI,Implement a Leading Pedestrian Interval (LPI),,LPI-00228,Potential Location,0.870000005,1,5408.8083328125,,,,,,,,,,,,,5408.8083328125,,4,93,93000042 = .002|93016000 = 8.856|93A13379 = .106,FOREST HILL BLVD|S LAKE AVE,9200,93016000,93000042,Y,,,10,,On-System / Off-System,93016000,1133,LPI-00228,1,0.002,0,0.012,FOREST HILL BLVD,Off Corridor,,0,0,0,0,89.3,32.2,No Match - Angle Mismatch,,0
119318,265058,93016000,URBAN GENERAL,MIAMI,URBAN MINOR ART,DIVIDED,,SR  882,4,PALM BEACH,22500,2,35,0,LPI,Implement a Leading Pedestrian Interval (LPI),,LPI-00228,Potential Location,0.870000005,1,5408.8083328125,,,,,,,,,,,,,5408.8083328125,,4,93,93000042 = .002|93016000 = 8.856|93A13379 = .106,FOREST HILL BLVD|S LAKE AVE,9200,93016000,93000042,Y,,,10,,On-System / Off-System,93016000,1133,LPI-00228,2,8.856,8.846,8.866,S LAKE AVE,On Corridor,446373-1,1,105,0.02,100,0,0.4,Verified Match,446373-1,1
119322,279600,94005000,URBAN GENERAL,PORT SAINT LUCIE,URBAN PRIN ART OTHER,DIVIDED,,SR  615,4,ST. LUCIE,22000,4,35,1,LPI,Implement a Leading Pedestrian Interval (LPI),,LPI-02127,Potential Location,0.870000005,1,5408.8083328125,,,,,,,,,,,,,5408.8083328125,,4,94,94005000 = 1.799|94030500 = 1.391|94A01762 = .13,JERSEY AVE|OKEECHOBEE RD|S 25TH ST,19950,94005000,94030500,Y,-80.35002844,27.43735972,10,,On-System / On-System,94005000,1134,LPI-02127,1,1.799,1.789,1.809,JERSEY AVE,Off Corridor,,0,0,0,0,,,Unmatched,,0
119322,279600,94030500,URBAN GENERAL,PORT SAINT LUCIE,URBAN PRIN ART OTHER,DIVIDED,,SR  615,4,ST. LUCIE,22000,4,35,1,LPI,Implement a Leading Pedestrian Interval (LPI),,LPI-02127,Potential Location,0.870000005,1,5408.8083328125,,,,,,,,,,,,,5408.8083328125,,4,94,94005000 = 1.799|94030500 = 1.391|94A01762 = .13,JERSEY AVE|OKEECHOBEE RD|S 25TH ST,19950,94005000,94030500,Y,-80.35002844,27.43735972,10,,On-System / On-System,94005000,1134,LPI-02127,2,1.391,1.381,1.401,OKEECHOBEE RD,Off Corridor,,0,0,0,0,,,Unmatched,,0
119385,268600,93000045,URBAN GENERAL,MIAMI,URBAN MINOR ART,DIVIDED,US    1,SR    5,4,PALM BEACH,24000,4,35,1,LPI,Implement a Leading Pedestrian Interval (LPI),,LPI-01888,Potential Location,0.870000005,1,5408.8083328125,,,,,,,,,,,,,5408.8083328125,,4,93,93000045 = 3.265|93000129 = .816|93020000 = 10.95,36TH ST|BROADWAY,24450,93020000,93000045,Y,-80.0565553,26.74586,10,,On-System / On-System,93020000,1135,LPI-01888,1,3.265,3.2550000000000003,3.275,36TH ST,On Corridor,441570-1,2,74,0.01,100,0,0.4,Verified Parallel Fallback,441570-1,2
119385,268600,93000129,URBAN GENERAL,MIAMI,URBAN MINOR ART,DIVIDED,US    1,SR    5,4,PALM BEACH,24000,4,35,1,LPI,Implement a Leading Pedestrian Interval (LPI),,LPI-01888,Potential Location,0.870000005,1,5408.8083328125,,,,,,,,,,,,,5408.8083328125,,4,93,93000045 = 3.265|93000129 = .816|93020000 = 10.95,36TH ST|BROADWAY,24450,93020000,93000045,Y,-80.0565553,26.74586,10,,On-System / On-System,93020000,1135,LPI-01888,2,0.816,0.8059999999999999,0.826,BROADWAY,On Corridor,441570-1,4,84,0.02,100,0,0.4,Verified Match,441570-1,4
119385,268600,93020000,URBAN GENERAL,MIAMI,URBAN MINOR ART,DIVIDED,US    1,SR    5,4,PALM BEACH,24000,4,35,1,LPI,Implement a Leading Pedestrian Interval (LPI),,LPI-01888,Potential Location,0.870000005,1,5408.8083328125,,,,,,,,,,,,,5408.8083328125,,4,93,93000045 = 3.265|93000129 = .816|93020000 = 10.95,36TH ST|BROADWAY,24450,93020000,93000045,Y,-80.0565553,26.74586,10,,On-System / On-System,93020000,1135,LPI-01888,3,10.95,10.94,10.959999999999999,,On Corridor,438386-6,2,106,0.02,100,0,0.8,Verified Match,438386-6,2
119656,269071,93000046,URBAN GENERAL,MIAMI,URBAN MINOR ART,1WAY,,SR  704,4,PALM BEACH,18500,2,35,1,LPI,Implement a Leading Pedestrian Interval (LPI),,LPI-01991,Potential Location,0.870000005,1,5408.8083328125,,,,,,,,,,,,,5408.8083328125,,4,93,93000046 = 2.1|93280000 = 9.388|93310011 = 0,OKEECHOBEE BLVD|ROYAL PALM WAY|S FLAGLER DR,23900,93280000,93000046,Y,-80.04902987,26.70543257,10,,On-System / On-System,93280000,1136,LPI-01991,1,2.1,2.0900000000000003,2.11,OKEECHOBEE BLVD,On Corridor,"446179-1, 233752-1",5,53,0.01,100,32.5,18.1,Verified Parallel Fallback,"446179-1, 233752-1",5
119656,269071,93280000,URBAN GENERAL,MIAMI,URBAN MINOR ART,1WAY,,SR  704,4,PALM BEACH,18500,2,35,1,LPI,Implement a Leading Pedestrian Interval (LPI),,LPI-01991,Potential Location,0.870000005,1,5408.8083328125,,,,,,,,,,,,,5408.8083328125,,4,93,93000046 = 2.1|93280000 = 9.388|93310011 = 0,OKEECHOBEE BLVD|ROYAL PALM WAY|S FLAGLER DR,23900,93280000,93000046,Y,-80.04902987,26.70543257,10,,On-System / On-System,93280000,1136,LPI-01991,2,9.388,9.378,9.398,ROYAL PALM WAY,On Corridor,"446179-1, 233752-1",5,106,0.02,100,17.2,0.9,Verified Match,"446179-1, 233752-1",5
119656,269071,93310011,URBAN GENERAL,MIAMI,URBAN MINOR ART,1WAY,,SR  704,4,PALM BEACH,18500,2,35,1,LPI,Implement a Leading Pedestrian Interval (LPI),,LPI-01991,Potential Location,0.870000005,1,5408.8083328125,,,,,,,,,,,,,5408.8083328125,,4,93,93000046 = 2.1|93280000 = 9.388|93310011 = 0,OKEECHOBEE BLVD|ROYAL PALM WAY|S FLAGLER DR,23900,93280000,93000046,Y,-80.04902987,26.70543257,10,,On-System / On-System,93280000,1136,LPI-01991,3,0,0,0.01,S FLAGLER DR,Off Corridor,,0,0,0,0,20.2,60.3,No Match - Low Overlap,,0
119852,264438,93090000,URBAN GENERAL,MIAMI,URBAN MINOR ART,DIVIDED,,SR  811,4,PALM BEACH,24500,4,45,1,LPI,Implement a Leading Pedestrian Interval (LPI),,LPI-00223,Potential Location,0.870000005,1,5408.8083328125,,,,,,,,,,,,,5408.8083328125,,4,93,93090000 = 1.669|93A02064 = .185|93A09433 = .012,ALTERNATE A1A S|RICHARD RD,9100,93090000,93A02064,Y,-80.07863028,26.81366,10,,On-System / Off-System,93090000,1137,LPI-00223,1,1.669,1.659,1.679,ALTERNATE A1A S,Off Corridor,,0,0,0,0,,,Unmatched,,0
119916,264470,93000058,URBAN GENERAL,MIAMI,URBAN MINOR ART,DIVIDED,US    1,SR    5,4,PALM BEACH,21000,6,35,1,LPI,Implement a Leading Pedestrian Interval (LPI),,LPI-00258,Potential Location,0.870000005,1,5408.8083328125,,,,,,,,,,,,,5408.8083328125,,4,93,93000058 = 1.627|93040000 = 1.32|93A09322 = 0,LIGHTHOUSE DR|US HWY 1|US-1,13750,93040000,93000058,Y,-80.057753,26.81715631,10,,On-System / On-System,93040000,1138,LPI-00258,1,1.627,1.617,1.637,LIGHTHOUSE DR,Off Corridor,,0,0,0,0,86.7,61.5,No Match - Angle Mismatch,,0
119916,264470,93040000,URBAN GENERAL,MIAMI,URBAN MINOR ART,DIVIDED,US    1,SR    5,4,PALM BEACH,21000,6,35,1,LPI,Implement a Leading Pedestrian Interval (LPI),,LPI-00258,Potential Location,0.870000005,1,5408.8083328125,,,,,,,,,,,,,5408.8083328125,,4,93,93000058 = 1.627|93040000 = 1.32|93A09322 = 0,LIGHTHOUSE DR|US HWY 1|US-1,13750,93040000,93000058,Y,-80.057753,26.81715631,10,,On-System / On-System,93040000,1138,LPI-00258,2,1.32,1.31,1.33,US HWY 1,On Corridor,438386-7,1,106,0.02,100,0.9,0.7,Verified Match,438386-7,1
119955,282332,94000017,URBAN GENERAL,PORT SAINT LUCIE,URBAN PRIN ART OTHER,DIVIDED,,SR  615,4,ST. LUCIE,21000,4,35,1,LPI,Implement a Leading Pedestrian Interval (LPI),,LPI-02128,Potential Location,0.870000005,1,5408.8083328125,,,,,,,,,,,,,5408.8083328125,,4,94,94000017 = 0|94005000 = 2.875|94500001 = .699,AVENUE D|N 25TH ST,26300,94005000,94000017,Y,-80.34987012,27.45296,10,,On-System / On-System,94005000,1139,LPI-02128,1,0,0,0.01,AVENUE D,Off Corridor,,0,0,0,0,,,Unmatched,,0
119955,282332,94005000,URBAN GENERAL,PORT SAINT LUCIE,URBAN PRIN ART OTHER,DIVIDED,,SR  615,4,ST. LUCIE,21000,4,35,1,LPI,Implement a Leading Pedestrian Interval (LPI),,LPI-02128,Potential Location,0.870000005,1,5408.8083328125,,,,,,,,,,,,,5408.8083328125,,4,94,94000017 = 0|94005000 = 2.875|94500001 = .699,AVENUE D|N 25TH ST,26300,94005000,94000017,Y,-80.34987012,27.45296,10,,On-System / On-System,94005000,1139,LPI-02128,2,2.875,2.865,2.885,N 25TH ST,Off Corridor,,0,0,0,0,,,Unmatched,,0
119955,282332,94500001,URBAN GENERAL,PORT SAINT LUCIE,URBAN PRIN ART OTHER,DIVIDED,,SR  615,4,ST. LUCIE,21000,4,35,1,LPI,Implement a Leading Pedestrian Interval (LPI),,LPI-02128,Potential Location,0.870000005,1,5408.8083328125,,,,,,,,,,,,,5408.8083328125,,4,94,94000017 = 0|94005000 = 2.875|94500001 = .699,AVENUE D|N 25TH ST,26300,94005000,94000017,Y,-80.34987012,27.45296,10,,On-System / On-System,94005000,1139,LPI-02128,3,0.699,0.689,0.709,,Off Corridor,,0,0,0,0,,,Unmatched,,0
119987,283021,94000022,URBAN GENERAL,PORT SAINT LUCIE,URBAN PRIN ART OTHER,DIVIDED,,SR  615,4,ST. LUCIE,22000,4,35,1,LPI,Implement a Leading Pedestrian Interval (LPI),,LPI-00893,Potential Location,0.870000005,1,5408.8083328125,,,,,,,,,,,,,5408.8083328125,,4,94,94000022 = .501|94005000 = 2.245,DELAWARE AVE|S 25TH ST,13250,94005000,94000022,Y,-80.34994,27.4438324,10,,On-System / On-System,94005000,1140,LPI-00893,1,0.501,0.491,0.511,DELAWARE AVE,Off Corridor,,0,0,0,0,,,Unmatched,,0
119987,283021,94005000,URBAN GENERAL,PORT SAINT LUCIE,URBAN PRIN ART OTHER,DIVIDED,,SR  615,4,ST. LUCIE,22000,4,35,1,LPI,Implement a Leading Pedestrian Interval (LPI),,LPI-00893,Potential Location,0.870000005,1,5408.8083328125,,,,,,,,,,,,,5408.8083328125,,4,94,94000022 = .501|94005000 = 2.245,DELAWARE AVE|S 25TH ST,13250,94005000,94000022,Y,-80.34994,27.4438324,10,,On-System / On-System,94005000,1140,LPI-00893,2,2.245,2.2350000000000003,2.255,S 25TH ST,Off Corridor,,0,0,0,0,,,Unmatched,,0
120112,265829,93000034,URBAN GENERAL,MIAMI,URBAN MINOR ART,NOT DIVIDED,US    1,SR  805,4,PALM BEACH,21000,4,35,1,LPI,Implement a Leading Pedestrian Interval (LPI),,LPI-00268,Potential Location,0.870000005,1,5408.8083328125,,,,,,,,,,,,,5408.8083328125,,4,93,93000034 = .474|93000216 = 0|93050000 = 3.41,FORDHAM DR|N DIXIE HWY|WORTHMORE DR,22225,93050000,93000034,Y,-80.05649,26.64058752,10,,On-System / On-System,93050000,1141,LPI-00268,1,0.474,0.46399999999999997,0.484,FORDHAM DR,Off Corridor,,0,0,0,0,90,27.2,No Match - Angle Mismatch,,0
120112,265829,93000216,URBAN GENERAL,MIAMI,URBAN MINOR ART,NOT DIVIDED,US    1,SR  805,4,PALM BEACH,21000,4,35,1,LPI,Implement a Leading Pedestrian Interval (LPI),,LPI-00268,Potential Location,0.870000005,1,5408.8083328125,,,,,,,,,,,,,5408.8083328125,,4,93,93000034 = .474|93000216 = 0|93050000 = 3.41,FORDHAM DR|N DIXIE HWY|WORTHMORE DR,22225,93050000,93000034,Y,-80.05649,26.64058752,10,,On-System / On-System,93050000,1141,LPI-00268,2,0,0,0.01,N DIXIE HWY,Off Corridor,,0,0,0,0,89.9,25.6,No Match - Angle Mismatch,,0
120112,265829,93050000,URBAN GENERAL,MIAMI,URBAN MINOR ART,NOT DIVIDED,US    1,SR  805,4,PALM BEACH,21000,4,35,1,LPI,Implement a Leading Pedestrian Interval (LPI),,LPI-00268,Potential Location,0.870000005,1,5408.8083328125,,,,,,,,,,,,,5408.8083328125,,4,93,93000034 = .474|93000216 = 0|93050000 = 3.41,FORDHAM DR|N DIXIE HWY|WORTHMORE DR,22225,93050000,93000034,Y,-80.05649,26.64058752,10,,On-System / On-System,93050000,1141,LPI-00268,3,3.41,3.4000000000000004,3.42,WORTHMORE DR,On Corridor,"447553-1, 457558-1",2,106,0.02,100,0.3,0.8,Verified Match,"447553-1, 457558-1",2
120114,265829,93000035,URBAN GENERAL,MIAMI,URBAN MINOR ART,NOT DIVIDED,US    1,SR  805,4,PALM BEACH,21000,4,35,1,LPI,Implement a Leading Pedestrian Interval (LPI),,LPI-00267,Potential Location,0.870000005,1,5408.8083328125,,,,,,,,,,,,,5408.8083328125,,4,93,93000035 = .481|93050000 = 2.761,13TH AVE N|N DIXIE HWY,10250,93050000,93000035,Y,-80.05679993,26.63116291,10,,On-System / On-System,93050000,1142,LPI-00267,1,0.481,0.471,0.491,13TH AVE N,Off Corridor,,0,0,0,0,89.6,7.1,No Match - Angle Mismatch,,0
120114,265829,93050000,URBAN GENERAL,MIAMI,URBAN MINOR ART,NOT DIVIDED,US    1,SR  805,4,PALM BEACH,21000,4,35,1,LPI,Implement a Leading Pedestrian Interval (LPI),,LPI-00267,Potential Location,0.870000005,1,5408.8083328125,,,,,,,,,,,,,5408.8083328125,,4,93,93000035 = .481|93050000 = 2.761,13TH AVE N|N DIXIE HWY,10250,93050000,93000035,Y,-80.05679993,26.63116291,10,,On-System / On-System,93050000,1142,LPI-00267,2,2.761,2.7510000000000003,2.771,N DIXIE HWY,On Corridor,"447553-1, 457558-1, 448107-1",3,106,0.02,100,0,0.8,Verified Match,"447553-1, 457558-1, 448107-1",3
11479,32618,11000116,URBAN GENERAL,LEESBURG-EUSTIS-TAVARES,URBAN PRIN ART OTHER,DIVIDED,US   27,SR   25,5,LAKE,31500,4,35,1,LPI,Implement a Leading Pedestrian Interval (LPI),,LPI-01126,Potential Location,0.870000005,1,5408.8083328125,,,,,,,,,,,,,5408.8083328125,,5,11,11000116 = 1.095|11040000 = 3.697|11A01508 = 0,CENTER ST|N 14TH ST,16150,11040000,11000116,Y,-81.88754,28.81520496,10,,On-System / On-System,11040000,1143,LPI-01126,1,1.095,1.085,1.105,CENTER ST,Off Corridor,,0,0,0,0,,,Unmatched,,0
11479,32618,11040000,URBAN GENERAL,LEESBURG-EUSTIS-TAVARES,URBAN PRIN ART OTHER,DIVIDED,US   27,SR   25,5,LAKE,31500,4,35,1,LPI,Implement a Leading Pedestrian Interval (LPI),,LPI-01126,Potential Location,0.870000005,1,5408.8083328125,,,,,,,,,,,,,5408.8083328125,,5,11,11000116 = 1.095|11040000 = 3.697|11A01508 = 0,CENTER ST|N 14TH ST,16150,11040000,11000116,Y,-81.88754,28.81520496,10,,On-System / On-System,11040000,1143,LPI-01126,2,3.697,3.6870000000000003,3.707,N 14TH ST,Off Corridor,,0,0,0,0,,,Unmatched,,0
14656,33879,11002000,URBAN GENERAL,LEESBURG-EUSTIS-TAVARES,URBAN PRIN ART OTHER,DIVIDED,,SR   44,5,LAKE,30500,4,35,1,LPI,Implement a Leading Pedestrian Interval (LPI),,LPI-01127,Potential Location,0.870000005,1,5408.8083328125,,,,,,,,,,,,,5408.8083328125,,5,11,11002000 = 2.591|11A03903 = .199|11A11087 = 0,PARK DR|S 12TH ST|SR-44,13750,11002000,11A03903,Y,-81.88359324,28.80543078,10,,On-System / Off-System,11002000,1144,LPI-01127,1,2.591,2.5810000000000004,2.601,PARK DR,Off Corridor,,0,0,0,0,,,Unmatched,,0
18822,34034,11010000,URBAN GENERAL,LEESBURG-EUSTIS-TAVARES,URBAN PRIN ART OTHER,DIVIDED,US   27,SR   25,5,LAKE,26500,4,35,1,LPI,Implement a Leading Pedestrian Interval (LPI),,LPI-00296,Potential Location,0.870000005,1,5408.8083328125,,,,,,,,,,,,,5408.8083328125,,5,11,11010000 = 4.163|11040000 = 3.431,N 14TH ST|S 14TH ST|W MAIN ST,39250,11040000,11010000,Y,-81.88759,28.81133012,10,,On-System / On-System,11040000,1145,LPI-00296,1,4.163,4.1530000000000005,4.173,N 14TH ST,Off Corridor,,0,0,0,0,,,Unmatched,,0
18822,34034,11040000,URBAN GENERAL,LEESBURG-EUSTIS-TAVARES,URBAN PRIN ART OTHER,DIVIDED,US   27,SR   25,5,LAKE,26500,4,35,1,LPI,Implement a Leading Pedestrian Interval (LPI),,LPI-00296,Potential Location,0.870000005,1,5408.8083328125,,,,,,,,,,,,,5408.8083328125,,5,11,11010000 = 4.163|11040000 = 3.431,N 14TH ST|S 14TH ST|W MAIN ST,39250,11040000,11010000,Y,-81.88759,28.81133012,10,,On-System / On-System,11040000,1145,LPI-00296,2,3.431,3.4210000000000003,3.441,S 14TH ST,Off Corridor,,0,0,0,0,,,Unmatched,,0
23334,39167,11000095,URBAN GENERAL,ORLANDO,URBAN PRIN ART OTHER,DIVIDED,,SR   50,5,LAKE,44000,4,40,1,LPI,Implement a Leading Pedestrian Interval (LPI),,LPI-02391,Potential Location,0.870000005,1,5408.8083328125,,,,,,,,,,,,,5408.8083328125,,5,11,11000095 = 0|11070000 = 12.615|11A06027 = .5,E HWY 50|EAST AVE|SR-50,37850,11070000,11000095,Y,-81.75637942,28.5512619,10,,On-System / On-System,11070000,1146,LPI-02391,1,0,0,0.01,E HWY 50,Off Corridor,,0,0,0,0,73.2,26.4,No Match - Angle Mismatch,,0
23334,39167,11070000,URBAN GENERAL,ORLANDO,URBAN PRIN ART OTHER,DIVIDED,,SR   50,5,LAKE,44000,4,40,1,LPI,Implement a Leading Pedestrian Interval (LPI),,LPI-02391,Potential Location,0.870000005,1,5408.8083328125,,,,,,,,,,,,,5408.8083328125,,5,11,11000095 = 0|11070000 = 12.615|11A06027 = .5,E HWY 50|EAST AVE|SR-50,37850,11070000,11000095,Y,-81.75637942,28.5512619,10,,On-System / On-System,11070000,1146,LPI-02391,2,12.615,12.605,12.625,EAST AVE,On Corridor,454198-1,2,106,0.02,100,0,0.7,Verified Match,454198-1,2
40206,92377,36000134,URBAN GENERAL,OCALA,URBAN PRIN ART OTHER,DIVIDED,,SR   40,5,MARION,28500,4,40,1,LPI,Implement a Leading Pedestrian Interval (LPI),,LPI-01859,Potential Location,0.870000005,1,5408.8083328125,,,,,,,,,,,,,5408.8083328125,,5,36,36000134 = 1.268|36080000 = .916|36A01688 = 0,E SILVER SPRINGS BLVD|NE 11TH AVE|SE 11TH AVE,31300,36080000,36000134,Y,-82.12530967,29.18702,10,,On-System / On-System,36080000,1147,LPI-01859,1,1.268,1.258,1.278,E SILVER SPRINGS BLVD,Off Corridor,,0,0,0,0,,,Unmatched,,0
40206,92377,36080000,URBAN GENERAL,OCALA,URBAN PRIN ART OTHER,DIVIDED,,SR   40,5,MARION,28500,4,40,1,LPI,Implement a Leading Pedestrian Interval (LPI),,LPI-01859,Potential Location,0.870000005,1,5408.8083328125,,,,,,,,,,,,,5408.8083328125,,5,36,36000134 = 1.268|36080000 = .916|36A01688 = 0,E SILVER SPRINGS BLVD|NE 11TH AVE|SE 11TH AVE,31300,36080000,36000134,Y,-82.12530967,29.18702,10,,On-System / On-System,36080000,1147,LPI-01859,2,0.916,0.906,0.926,NE 11TH AVE,Off Corridor,,0,0,0,0,,,Unmatched,,0
56693,127056,70011000,URBAN GENERAL,PALM BAY-MELBOURNE,URBAN MINOR ART,DIVIDED,,SR  501,5,BREVARD,16900,4,45,1,LPI,Implement a Leading Pedestrian Interval (LPI),,LPI-00993,Potential Location,0.870000005,1,5408.8083328125,,,,,,,,,,,,,5408.8083328125,,5,70,70011000 = 1.201|70530000 = 0|70A07026 = .489,CLEARLAKE RD|DIXON BLVD,16800,70011000,70530000,Y,-80.75504,28.37309567,10,,On-System / On-System,70011000,1148,LPI-00993,1,1.201,1.191,1.211,CLEARLAKE RD,On Corridor,447085-1,1,106,0.02,100,0,1.2,Verified Match,447085-1,1
56693,127056,70530000,URBAN GENERAL,PALM BAY-MELBOURNE,URBAN MINOR ART,DIVIDED,,SR  501,5,BREVARD,16900,4,45,1,LPI,Implement a Leading Pedestrian Interval (LPI),,LPI-00993,Potential Location,0.870000005,1,5408.8083328125,,,,,,,,,,,,,5408.8083328125,,5,70,70011000 = 1.201|70530000 = 0|70A07026 = .489,CLEARLAKE RD|DIXON BLVD,16800,70011000,70530000,Y,-80.75504,28.37309567,10,,On-System / On-System,70011000,1148,LPI-00993,2,0,0,0.01,DIXON BLVD,Off Corridor,,0,0,0,0,89.8,25.1,No Match - Angle Mismatch,,0
56782,127355,70000019,URBAN GENERAL,PALM BAY-MELBOURNE,URBAN MINOR ART,DIVIDED,,SR  501,5,BREVARD,16900,4,45,1,LPI,Implement a Leading Pedestrian Interval (LPI),,LPI-00994,Potential Location,0.870000005,1,5408.8083328125,,,,,,,,,,,,,5408.8083328125,,5,70,70000019 = 1|70011000 = 1.807,CLEARLAKE RD|ROSETINE ST|TATE ST,12600,70011000,70000019,Y,-80.75504,28.3818752,10,,On-System / On-System,70011000,1149,LPI-00994,1,1,0.99,1.01,CLEARLAKE RD,Off Corridor,,0,0,0,0,83,3.1,No Match - Angle Mismatch,,0
56782,127355,70011000,URBAN GENERAL,PALM BAY-MELBOURNE,URBAN MINOR ART,DIVIDED,,SR  501,5,BREVARD,16900,4,45,1,LPI,Implement a Leading Pedestrian Interval (LPI),,LPI-00994,Potential Location,0.870000005,1,5408.8083328125,,,,,,,,,,,,,5408.8083328125,,5,70,70000019 = 1|70011000 = 1.807,CLEARLAKE RD|ROSETINE ST|TATE ST,12600,70011000,70000019,Y,-80.75504,28.3818752,10,,On-System / On-System,70011000,1149,LPI-00994,2,1.807,1.797,1.817,ROSETINE ST,On Corridor,447085-1,1,106,0.02,100,0,1.2,Verified Match,447085-1,1
57217,128178,70000426,URBAN GENERAL,PALM BAY-MELBOURNE,URBAN PRIN ART OTHER,DIVIDED,US  192,SR  500,5,BREVARD,20500,4,35,1,LPI,Implement a Leading Pedestrian Interval (LPI),,LPI-00678,Potential Location,0.870000005,1,5408.8083328125,,,,,,,,,,,,,5408.8083328125,,5,70,70000426 = .046|70050000 = 15.289,E NEW HAVEN AVE|E STRAWBRIDGE AVE,16250,70050000,70000426,Y,-80.61644188,28.07896106,10,,On-System / On-System,70050000,1150,LPI-00678,1,0.046,0.036,0.056,E NEW HAVEN AVE,Off Corridor,,0,0,0,0,,,Unmatched,,0
57217,128178,70050000,URBAN GENERAL,PALM BAY-MELBOURNE,URBAN PRIN ART OTHER,DIVIDED,US  192,SR  500,5,BREVARD,20500,4,35,1,LPI,Implement a Leading Pedestrian Interval (LPI),,LPI-00678,Potential Location,0.870000005,1,5408.8083328125,,,,,,,,,,,,,5408.8083328125,,5,70,70000426 = .046|70050000 = 15.289,E NEW HAVEN AVE|E STRAWBRIDGE AVE,16250,70050000,70000426,Y,-80.61644188,28.07896106,10,,On-System / On-System,70050000,1150,LPI-00678,2,15.289,15.279,15.299,E STRAWBRIDGE AVE,Off Corridor,,0,0,0,0,,,Unmatched,,0
59700,134994,70003500,URBAN GENERAL,PALM BAY-MELBOURNE,URBAN PRIN ART OTHER,1WAY,,SR  A1A,5,BREVARD,12000,2,35,1,LPI,Implement a Leading Pedestrian Interval (LPI),,LPI-01000,Potential Location,0.870000005,1,5408.8083328125,,,,,,,,,,,,,5408.8083328125,,5,70,70003500 = 1.473|70060000 = 33.404|70A08111 = 0,MINUTEMEN CSWY|N ATLANTIC AVE|S ATLANTIC AVE,9150,70060000,70003500,Y,-80.6089214,28.3184,10,,On-System / On-System,70060000,1151,LPI-01000,1,1.473,1.463,1.483,MINUTEMEN CSWY,Off Corridor,,0,0,0,0,,,Unmatched,,0
59700,134994,70060000,URBAN GENERAL,PALM BAY-MELBOURNE,URBAN PRIN ART OTHER,1WAY,,SR  A1A,5,BREVARD,12000,2,35,1,LPI,Implement a Leading Pedestrian Interval (LPI),,LPI-01000,Potential Location,0.870000005,1,5408.8083328125,,,,,,,,,,,,,5408.8083328125,,5,70,70003500 = 1.473|70060000 = 33.404|70A08111 = 0,MINUTEMEN CSWY|N ATLANTIC AVE|S ATLANTIC AVE,9150,70060000,70003500,Y,-80.6089214,28.3184,10,,On-System / On-System,70060000,1151,LPI-01000,2,33.404,33.394000000000005,33.414,N ATLANTIC AVE,Off Corridor,,0,0,0,0,,,Unmatched,,0
60674,134748,70140000,URBAN GENERAL,PALM BAY-MELBOURNE,URBAN PRIN ART OTHER,DIVIDED,,SR    3,5,BREVARD,27500,4,35,1,LPI,Implement a Leading Pedestrian Interval (LPI),,LPI-01313,Potential Location,0.870000005,1,5408.8083328125,,,,,,,,,,,,,5408.8083328125,,5,70,70140000 = .595|70A07326 = .01|70A07336 = .241,HURWOOD AVE|N COURTENAY PKWY|NEEDLE BLVD,12500,70140000,70A07326,Y,-80.70035,28.36560509,10,,On-System / Off-System,70140000,1152,LPI-01313,1,0.595,0.585,0.605,HURWOOD AVE,Off Corridor,,0,0,0,0,,,Unmatched,,0
61175,132965,70120000,URBAN GENERAL,PALM BAY-MELBOURNE,URBAN PRIN ART OTHER,DIVIDED,,SR  518,5,BREVARD,20100,4,45,1,LPI,Implement a Leading Pedestrian Interval (LPI),,LPI-01310,Potential Location,0.870000005,1,5408.8083328125,,,,,,,,,,,,,5408.8083328125,,5,70,70120000 = 8.212|70A09469 = 0,EAU GALLIE BLVD E|SAN JUAN DR,9750,70120000,70A04636,Y,-80.58411071,28.13867097,10,,On-System / Off-System,70120000,1153,LPI-01310,1,8.212,8.202,8.222,EAU GALLIE BLVD E,On Corridor,454893-1,2,105,0.02,100,0,0.6,Verified Match,454893-1,2
61546,128478,70000024,URBAN GENERAL,PALM BAY-MELBOURNE,URBAN PRIN ART OTHER,DIVIDED,,SR  519,5,BREVARD,27500,4,40,1,LPI,Implement a Leading Pedestrian Interval (LPI),,LPI-00679,Potential Location,0.870000005,1,5408.8083328125,,,,,,,,,,,,,5408.8083328125,,5,70,70000024 = 0|70014000 = 4.163|70A15673 = .375,FISKE BLVD|ROSA L JONES DR|SR-519,14500,70014000,70000024,Y,-80.74251,28.34930718,10,,On-System / On-System,70014000,1154,LPI-00679,1,0,0,0.01,FISKE BLVD,Off Corridor,,0,0,0,0,90,24.9,No Match - Angle Mismatch,,0
61546,128478,70014000,URBAN GENERAL,PALM BAY-MELBOURNE,URBAN PRIN ART OTHER,DIVIDED,,SR  519,5,BREVARD,27500,4,40,1,LPI,Implement a Leading Pedestrian Interval (LPI),,LPI-00679,Potential Location,0.870000005,1,5408.8083328125,,,,,,,,,,,,,5408.8083328125,,5,70,70000024 = 0|70014000 = 4.163|70A15673 = .375,FISKE BLVD|ROSA L JONES DR|SR-519,14500,70014000,70000024,Y,-80.74251,28.34930718,10,,On-System / On-System,70014000,1154,LPI-00679,2,4.163,4.1530000000000005,4.173,ROSA L JONES DR,On Corridor,456515-1,1,106,0.02,100,0,1.2,Verified Match,456515-1,1
64844,135498,70080000,URBAN GENERAL,PALM BAY-MELBOURNE,URBAN PRIN ART OTHER,DIVIDED,,SR  A1A,5,BREVARD,30000,4,40,1,LPI,Implement a Leading Pedestrian Interval (LPI),,LPI-01314,Potential Location,0.870000005,1,5408.8083328125,,,,,,,,,,,,,5408.8083328125,,5,70,70080000 = 1.174|70A03282 = 0|70A07118 = .218,HOLMAN AVE|MCKINLEY AVE|N ATLANTIC AVE,16750,70080000,70A03282,Y,-80.6056,28.37465965,10,,On-System / Off-System,70080000,1155,LPI-01314,1,1.174,1.164,1.184,HOLMAN AVE,On Corridor,452688-1,1,106,0.02,100,0,1.2,Verified Match,452688-1,1
66215,168690,77000012,URBAN GENERAL,ORLANDO,URBAN PRIN ART OTHER,DIVIDED,US   17,SR   15,5,SEMINOLE,27500,4,35,1,LPI,Implement a Leading Pedestrian Interval (LPI),,LPI-01721,Potential Location,0.870000005,1,5408.8083328125,,,,,,,,,,,,,5408.8083328125,,5,77,77000012 = 1.694|77010000 = 12.107,S FRENCH AVE|W 20TH ST,15000,77010000,77000012,Y,-81.27309948,28.79395,10,,On-System / On-System,77010000,1156,LPI-01721,1,1.694,1.684,1.704,S FRENCH AVE,Off Corridor,,0,0,0,0,,,Unmatched,,0
66215,168690,77010000,URBAN GENERAL,ORLANDO,URBAN PRIN ART OTHER,DIVIDED,US   17,SR   15,5,SEMINOLE,27500,4,35,1,LPI,Implement a Leading Pedestrian Interval (LPI),,LPI-01721,Potential Location,0.870000005,1,5408.8083328125,,,,,,,,,,,,,5408.8083328125,,5,77,77000012 = 1.694|77010000 = 12.107,S FRENCH AVE|W 20TH ST,15000,77010000,77000012,Y,-81.27309948,28.79395,10,,On-System / On-System,77010000,1156,LPI-01721,2,12.107,12.097,12.116999999999999,W 20TH ST,Off Corridor,,0,0,0,0,,,Unmatched,,0
66738,154863,75000148,URBAN GENERAL,ORLANDO,URBAN PRIN ART OTHER,DIVIDED,US   17,SR  500,5,ORANGE,30500,4,35,1,LPI,Implement a Leading Pedestrian Interval (LPI),,LPI-01015,Potential Location,0.870000005,1,5408.8083328125,,,,,,,,,,,,,5408.8083328125,,5,75,75000148 = 1.091|75010000 = 13.165,S ORANGE BLOSSOM TRL|W SOUTH ST,21575,75010000,75000148,Y,-81.39697579,28.53835408,10,,On-System / On-System,75010000,1157,LPI-01015,1,1.091,1.081,1.101,S ORANGE BLOSSOM TRL,On Corridor,"454963-1, 452304-1",3,102,0.02,100,5.7,0.8,Verified Match,"454963-1, 452304-1",3
66738,154863,75010000,URBAN GENERAL,ORLANDO,URBAN PRIN ART OTHER,DIVIDED,US   17,SR  500,5,ORANGE,30500,4,35,1,LPI,Implement a Leading Pedestrian Interval (LPI),,LPI-01015,Potential Location,0.870000005,1,5408.8083328125,,,,,,,,,,,,,5408.8083328125,,5,75,75000148 = 1.091|75010000 = 13.165,S ORANGE BLOSSOM TRL|W SOUTH ST,21575,75010000,75000148,Y,-81.39697579,28.53835408,10,,On-System / On-System,75010000,1157,LPI-01015,2,13.165,13.155,13.174999999999999,W SOUTH ST,Off Corridor,,0,0,0,0,89.5,33.6,No Match - Angle Mismatch,,0
67079,155218,75000081,URBAN GENERAL,ORLANDO,URBAN PRIN ART OTHER,DIVIDED,,SR  426,5,ORANGE,23000,4,35,1,LPI,Implement a Leading Pedestrian Interval (LPI),,LPI-00076,Potential Location,0.870000005,1,5408.8083328125,,,,,,,,,,,,,5408.8083328125,,5,75,75000081 = 0|75006001 = .794,S WYMORE RD|W FAIRBANKS AVE,12700,75006001,75000081,Y,-81.38593994,28.59478006,10,,On-System / On-System,75006001,1158,LPI-00076,1,0,0,0.01,S WYMORE RD,Off Corridor,,0,0,0,0,,,Unmatched,,0
67079,155218,75006001,URBAN GENERAL,ORLANDO,URBAN PRIN ART OTHER,DIVIDED,,SR  426,5,ORANGE,23000,4,35,1,LPI,Implement a Leading Pedestrian Interval (LPI),,LPI-00076,Potential Location,0.870000005,1,5408.8083328125,,,,,,,,,,,,,5408.8083328125,,5,75,75000081 = 0|75006001 = .794,S WYMORE RD|W FAIRBANKS AVE,12700,75006001,75000081,Y,-81.38593994,28.59478006,10,,On-System / On-System,75006001,1158,LPI-00076,2,0.794,0.784,0.804,W FAIRBANKS AVE,Off Corridor,,0,0,0,0,,,Unmatched,,0
67487,156041,75000037,URBAN GENERAL,ORLANDO,URBAN PRIN ART OTHER,DIVIDED,US   17,SR  500,5,ORANGE,30500,4,35,1,LPI,Implement a Leading Pedestrian Interval (LPI),,LPI-02374,Potential Location,0.870000005,1,5408.8083328125,,,,,,,,,,,,,5408.8083328125,,5,75,75000037 = .254|75010000 = 13.039,S ORANGE BLOSSOM TRL|W ANDERSON ST,27100,75010000,75000037,Y,-81.39719273,28.53651,10,,On-System / On-System,75010000,1159,LPI-02374,1,0.254,0.244,0.264,S ORANGE BLOSSOM TRL,On Corridor,452304-1,1,105,0.02,100,0,0.7,Verified Match,452304-1,1
67487,156041,75010000,URBAN GENERAL,ORLANDO,URBAN PRIN ART OTHER,DIVIDED,US   17,SR  500,5,ORANGE,30500,4,35,1,LPI,Implement a Leading Pedestrian Interval (LPI),,LPI-02374,Potential Location,0.870000005,1,5408.8083328125,,,,,,,,,,,,,5408.8083328125,,5,75,75000037 = .254|75010000 = 13.039,S ORANGE BLOSSOM TRL|W ANDERSON ST,27100,75010000,75000037,Y,-81.39719273,28.53651,10,,On-System / On-System,75010000,1159,LPI-02374,2,13.039,13.029,13.049,W ANDERSON ST,Off Corridor,,0,0,0,0,88.7,1.5,No Match - Angle Mismatch,,0
67823,157036,75000043,URBAN GENERAL,ORLANDO,URBAN PRIN ART OTHER,DIVIDED,US   17,SR  500,5,ORANGE,22000,4,35,1,LPI,Implement a Leading Pedestrian Interval (LPI),,LPI-01017,Potential Location,0.870000005,1,5408.8083328125,,,,,,,,,,,,,5408.8083328125,,5,75,75000043 = 0|75010000 = 13.67,ORANGE BLOSSOM TRL N|W ROBINSON ST,36850,75010000,75000043,Y,-81.39731322,28.54568972,10,,On-System / On-System,75010000,1160,LPI-01017,1,0,0,0.01,ORANGE BLOSSOM TRL N,Off Corridor,,0,0,0,0,,,Unmatched,,0
67823,157036,75010000,URBAN GENERAL,ORLANDO,URBAN PRIN ART OTHER,DIVIDED,US   17,SR  500,5,ORANGE,22000,4,35,1,LPI,Implement a Leading Pedestrian Interval (LPI),,LPI-01017,Potential Location,0.870000005,1,5408.8083328125,,,,,,,,,,,,,5408.8083328125,,5,75,75000043 = 0|75010000 = 13.67,ORANGE BLOSSOM TRL N|W ROBINSON ST,36850,75010000,75000043,Y,-81.39731322,28.54568972,10,,On-System / On-System,75010000,1160,LPI-01017,2,13.67,13.66,13.68,W ROBINSON ST,Off Corridor,,0,0,0,0,,,Unmatched,,0
68601,154520,75000048,URBAN GENERAL,ORLANDO,URBAN PRIN ART OTHER,DIVIDED,,SR  426,5,ORANGE,30000,4,35,1,LPI,Implement a Leading Pedestrian Interval (LPI),,LPI-02370,Potential Location,0.870000005,1,5408.8083328125,,,,,,,,,,,,,5408.8083328125,,5,75,75000048 = .98|75006000 = .584|75A05200 = .782,CLAY ST|FAIRBANKS AVE W,21000,75006000,75000048,Y,-81.37337,28.59316022,10,,On-System / On-System,75006000,1161,LPI-02370,1,0.98,0.97,0.99,CLAY ST,Off Corridor,,0,0,0,0,,,Unmatched,,0
68601,154520,75006000,URBAN GENERAL,ORLANDO,URBAN PRIN ART OTHER,DIVIDED,,SR  426,5,ORANGE,30000,4,35,1,LPI,Implement a Leading Pedestrian Interval (LPI),,LPI-02370,Potential Location,0.870000005,1,5408.8083328125,,,,,,,,,,,,,5408.8083328125,,5,75,75000048 = .98|75006000 = .584|75A05200 = .782,CLAY ST|FAIRBANKS AVE W,21000,75006000,75000048,Y,-81.37337,28.59316022,10,,On-System / On-System,75006000,1161,LPI-02370,2,0.584,0.574,0.594,FAIRBANKS AVE W,Off Corridor,,0,0,0,0,,,Unmatched,,0
69059,153027,75000400,URBAN GENERAL,ORLANDO,URBAN PRIN ART OTHER,DIVIDED,,SR  436,5,ORANGE,55000,6,45,1,LPI,Implement a Leading Pedestrian Interval (LPI),,LPI-02228,Potential Location,0.870000005,1,5408.8083328125,,,,,,,,,,,,,5408.8083328125,,5,75,75000400 = .011|75003000 = 4.564|75A11242 = .497,GRANT ST E|SEMORAN BLVD S,33400,75003000,75000400,Y,-81.31034287,28.51713214,10,,On-System / On-System,75003000,1162,LPI-02228,1,0.011,0.0009999999999999992,0.020999999999999998,GRANT ST E,Off Corridor,,0,0,0,0,,,Unmatched,,0
69059,153027,75003000,URBAN GENERAL,ORLANDO,URBAN PRIN ART OTHER,DIVIDED,,SR  436,5,ORANGE,55000,6,45,1,LPI,Implement a Leading Pedestrian Interval (LPI),,LPI-02228,Potential Location,0.870000005,1,5408.8083328125,,,,,,,,,,,,,5408.8083328125,,5,75,75000400 = .011|75003000 = 4.564|75A11242 = .497,GRANT ST E|SEMORAN BLVD S,33400,75003000,75000400,Y,-81.31034287,28.51713214,10,,On-System / On-System,75003000,1162,LPI-02228,2,4.564,4.554,4.574,SEMORAN BLVD S,Off Corridor,,0,0,0,0,,,Unmatched,,0
70910,156965,75000051,URBAN GENERAL,ORLANDO,URBAN PRIN ART OTHER,NOT DIVIDED,,SR  426,5,ORANGE,22000,4,35,1,LPI,Implement a Leading Pedestrian Interval (LPI),,LPI-00115,Potential Location,0.870000005,1,5408.8083328125,,,,,,,,,,,,,5408.8083328125,,5,75,75000051 = .252|75006000 = 1.34,S DENNING DR|W FAIRBANKS AVE,24150,75006000,75000051,Y,-81.36094133,28.59308,10,,On-System / On-System,75006000,1163,LPI-00115,1,0.252,0.242,0.262,S DENNING DR,Off Corridor,,0,0,0,0,89.5,12.4,No Match - Angle Mismatch,,0
70910,156965,75006000,URBAN GENERAL,ORLANDO,URBAN PRIN ART OTHER,NOT DIVIDED,,SR  426,5,ORANGE,22000,4,35,1,LPI,Implement a Leading Pedestrian Interval (LPI),,LPI-00115,Potential Location,0.870000005,1,5408.8083328125,,,,,,,,,,,,,5408.8083328125,,5,75,75000051 = .252|75006000 = 1.34,S DENNING DR|W FAIRBANKS AVE,24150,75006000,75000051,Y,-81.36094133,28.59308,10,,On-System / On-System,75006000,1163,LPI-00115,2,1.34,1.33,1.35,W FAIRBANKS AVE,On Corridor,452695-1,1,105,0.02,100,0.3,0.7,Verified Match,452695-1,1
70911,157045,75000047,URBAN GENERAL,ORLANDO,URBAN PRIN ART OTHER,DIVIDED,,SR  426,5,ORANGE,74500,4,35,1,LPI,Implement a Leading Pedestrian Interval (LPI),,LPI-02376,Potential Location,0.870000005,1,5408.8083328125,,,,,,,,,,,,,5408.8083328125,,5,75,75000047 = .754|75006000 = .339|75A05244 = 0,FORMOSA AVE|W FAIRBANKS AVE,36250,75006000,75000047,Y,-81.37740973,28.59316062,10,,On-System / On-System,75006000,1164,LPI-02376,1,0.754,0.744,0.764,FORMOSA AVE,Off Corridor,,0,0,0,0,,,Unmatched,,0
70911,157045,75006000,URBAN GENERAL,ORLANDO,URBAN PRIN ART OTHER,DIVIDED,,SR  426,5,ORANGE,74500,4,35,1,LPI,Implement a Leading Pedestrian Interval (LPI),,LPI-02376,Potential Location,0.870000005,1,5408.8083328125,,,,,,,,,,,,,5408.8083328125,,5,75,75000047 = .754|75006000 = .339|75A05244 = 0,FORMOSA AVE|W FAIRBANKS AVE,36250,75006000,75000047,Y,-81.37740973,28.59316062,10,,On-System / On-System,75006000,1164,LPI-02376,2,0.339,0.329,0.34900000000000003,W FAIRBANKS AVE,Off Corridor,,0,0,0,0,,,Unmatched,,0
71906,161945,75010000,URBAN GENERAL,ORLANDO,URBAN PRIN ART OTHER,DIVIDED,US   17,SR   50,5,ORANGE,33000,4,40,1,LPI,Implement a Leading Pedestrian Interval (LPI),,LPI-00128,Potential Location,0.870000005,1,5408.8083328125,,,,,,,,,,,,,5408.8083328125,,5,75,75010000 = 14.201|75020000 = 0|75050000 = 15.977|75060000 = .001,ORANGE BLOSSOM TRL N|W COLONIAL DR,60250,75060000,75020000,Y,-81.39560325,28.55297,10,,On-System / On-System,75060000,1165,LPI-00128,1,14.201,14.191,14.211,ORANGE BLOSSOM TRL N,Off Corridor,,0,0,0,0,,,Unmatched,,0
71906,161945,75020000,URBAN GENERAL,ORLANDO,URBAN PRIN ART OTHER,DIVIDED,US   17,SR   50,5,ORANGE,33000,4,40,1,LPI,Implement a Leading Pedestrian Interval (LPI),,LPI-00128,Potential Location,0.870000005,1,5408.8083328125,,,,,,,,,,,,,5408.8083328125,,5,75,75010000 = 14.201|75020000 = 0|75050000 = 15.977|75060000 = .001,ORANGE BLOSSOM TRL N|W COLONIAL DR,60250,75060000,75020000,Y,-81.39560325,28.55297,10,,On-System / On-System,75060000,1165,LPI-00128,2,0,0,0.01,W COLONIAL DR,Off Corridor,,0,0,0,0,,,Unmatched,,0
71906,161945,75050000,URBAN GENERAL,ORLANDO,URBAN PRIN ART OTHER,DIVIDED,US   17,SR   50,5,ORANGE,33000,4,40,1,LPI,Implement a Leading Pedestrian Interval (LPI),,LPI-00128,Potential Location,0.870000005,1,5408.8083328125,,,,,,,,,,,,,5408.8083328125,,5,75,75010000 = 14.201|75020000 = 0|75050000 = 15.977|75060000 = .001,ORANGE BLOSSOM TRL N|W COLONIAL DR,60250,75060000,75020000,Y,-81.39560325,28.55297,10,,On-System / On-System,75060000,1165,LPI-00128,3,15.977,15.967,15.987,,Off Corridor,,0,0,0,0,,,Unmatched,,0
71906,161945,75060000,URBAN GENERAL,ORLANDO,URBAN PRIN ART OTHER,DIVIDED,US   17,SR   50,5,ORANGE,33000,4,40,1,LPI,Implement a Leading Pedestrian Interval (LPI),,LPI-00128,Potential Location,0.870000005,1,5408.8083328125,,,,,,,,,,,,,5408.8083328125,,5,75,75010000 = 14.201|75020000 = 0|75050000 = 15.977|75060000 = .001,ORANGE BLOSSOM TRL N|W COLONIAL DR,60250,75060000,75020000,Y,-81.39560325,28.55297,10,,On-System / On-System,75060000,1165,LPI-00128,4,0.001,0,0.011,,Off Corridor,,0,0,0,0,,,Unmatched,,0
72208,160820,75030000,URBAN GENERAL,ORLANDO,URBAN PRIN ART OTHER,DIVIDED,US   17,SR   15,5,ORANGE,29500,4,35,1,LPI,Implement a Leading Pedestrian Interval (LPI),,LPI-00120,Potential Location,0.870000005,1,5408.8083328125,,,,,,,,,,,,,5408.8083328125,,5,75,75030000 = 6.277|75190000 = 9.853|75A00760 = .25,LEE RD|ORLANDO AVE N,54750,75030000,75190000,Y,-81.36523395,28.60594191,10,,On-System / On-System,75030000,1166,LPI-00120,1,6.277,6.267,6.287,LEE RD,On Corridor,452910-1,1,106,0.02,100,0.2,1.2,Verified Match,452910-1,1
72208,160820,75190000,URBAN GENERAL,ORLANDO,URBAN PRIN ART OTHER,DIVIDED,US   17,SR   15,5,ORANGE,29500,4,35,1,LPI,Implement a Leading Pedestrian Interval (LPI),,LPI-00120,Potential Location,0.870000005,1,5408.8083328125,,,,,,,,,,,,,5408.8083328125,,5,75,75030000 = 6.277|75190000 = 9.853|75A00760 = .25,LEE RD|ORLANDO AVE N,54750,75030000,75190000,Y,-81.36523395,28.60594191,10,,On-System / On-System,75030000,1166,LPI-00120,2,9.853,9.843,9.863,ORLANDO AVE N,On Corridor,454892-1,2,105,0.02,100,11,1.2,Verified Match,454892-1,2
73385,158824,75030000,URBAN GENERAL,ORLANDO,URBAN PRIN ART OTHER,DIVIDED,US   17,SR   15,5,ORANGE,32000,6,40,1,LPI,Implement a Leading Pedestrian Interval (LPI),,LPI-01023,Potential Location,0.870000005,1,5408.8083328125,,,,,,,,,,,,,5408.8083328125,,5,75,75030000 = 7.795|75706000 = .009|75A01960 = .267,HORATIO AVE E|N ORLANDO AVE|ORLANDO AVE S,30250,75030000,75706000,Y,-81.36351874,28.62747958,10,,On-System / On-System,75030000,1167,LPI-01023,1,7.795,7.785,7.805,HORATIO AVE E,On Corridor,452910-1,1,106,0.02,100,0.1,1.2,Verified Match,452910-1,1
73385,158824,75706000,URBAN GENERAL,ORLANDO,URBAN PRIN ART OTHER,DIVIDED,US   17,SR   15,5,ORANGE,32000,6,40,1,LPI,Implement a Leading Pedestrian Interval (LPI),,LPI-01023,Potential Location,0.870000005,1,5408.8083328125,,,,,,,,,,,,,5408.8083328125,,5,75,75030000 = 7.795|75706000 = .009|75A01960 = .267,HORATIO AVE E|N ORLANDO AVE|ORLANDO AVE S,30250,75030000,75706000,Y,-81.36351874,28.62747958,10,,On-System / On-System,75030000,1167,LPI-01023,2,0.009,0,0.019,N ORLANDO AVE,Off Corridor,,0,0,0,0,89.6,28.4,No Match - Angle Mismatch,,0
73505,159157,75000049,URBAN GENERAL,ORLANDO,URBAN PRIN ART OTHER,DIVIDED,US   17,SR   15,5,ORANGE,33000,4,35,1,LPI,Implement a Leading Pedestrian Interval (LPI),,LPI-00123,Potential Location,0.870000005,1,5408.8083328125,,,,,,,,,,,,,5408.8083328125,,5,75,75000049 = .814|75030000 = 5.149,MINNESOTA AVE|ORLANDO AVE S,15850,75030000,75000049,Y,-81.36500104,28.58945,10,,On-System / On-System,75030000,1168,LPI-00123,1,0.814,0.8039999999999999,0.824,MINNESOTA AVE,Off Corridor,,0,0,0,0,,,Unmatched,,0
73505,159157,75030000,URBAN GENERAL,ORLANDO,URBAN PRIN ART OTHER,DIVIDED,US   17,SR   15,5,ORANGE,33000,4,35,1,LPI,Implement a Leading Pedestrian Interval (LPI),,LPI-00123,Potential Location,0.870000005,1,5408.8083328125,,,,,,,,,,,,,5408.8083328125,,5,75,75000049 = .814|75030000 = 5.149,MINNESOTA AVE|ORLANDO AVE S,15850,75030000,75000049,Y,-81.36500104,28.58945,10,,On-System / On-System,75030000,1168,LPI-00123,2,5.149,5.139,5.159,ORLANDO AVE S,Off Corridor,,0,0,0,0,,,Unmatched,,0
73547,159245,75021501,URBAN GENERAL,ORLANDO,URBAN MAJOR COLLECTOR,1WAY,,SR   15,5,ORANGE,10500,3,35,1,LPI,Implement a Leading Pedestrian Interval (LPI),,LPI-00118,Potential Location,0.870000005,1,5408.8083328125,,,,,,,,,,,,,5408.8083328125,,5,75,75021501 = 1.054|75080000 = 18.257,E SOUTH ST|S BUMBY AVE,17600,75080000,75021501,Y,-81.35187,28.5386818,10,,On-System / On-System,75080000,1169,LPI-00118,1,1.054,1.044,1.064,E SOUTH ST,Off Corridor,,0,0,0,0,89.4,3.4,No Match - Angle Mismatch,,0
73547,159245,75080000,URBAN GENERAL,ORLANDO,URBAN MAJOR COLLECTOR,1WAY,,SR   15,5,ORANGE,10500,3,35,1,LPI,Implement a Leading Pedestrian Interval (LPI),,LPI-00118,Potential Location,0.870000005,1,5408.8083328125,,,,,,,,,,,,,5408.8083328125,,5,75,75021501 = 1.054|75080000 = 18.257,E SOUTH ST|S BUMBY AVE,17600,75080000,75021501,Y,-81.35187,28.5386818,10,,On-System / On-System,75080000,1169,LPI-00118,2,18.257,18.247,18.267000000000003,S BUMBY AVE,On Corridor,"452639-1, 452639-2, 000111-2",7,105,0.02,100,0,0.7,Verified Match,"452639-1, 452639-2, 000111-2",7
74046,159960,75013000,URBAN GENERAL,ORLANDO,URBAN PRIN ART OTHER,DIVIDED,,SR  527,5,ORANGE,36223,4,40,1,LPI,Implement a Leading Pedestrian Interval (LPI),,LPI-01025,Potential Location,0.870000005,1,5408.8083328125,,,,,,,,,,,,,5408.8083328125,,5,75,75013000 = 1.57|75040000 = 11.987,MICHIGAN ST E|MICHIGAN ST W|ORANGE AVE S,33391,75040000,75013000,Y,-81.37631489,28.51291872,10,,On-System / On-System,75040000,1170,LPI-01025,1,1.57,1.56,1.58,MICHIGAN ST E,Off Corridor,,0,0,0,0,86.2,1.2,No Match - Angle Mismatch,,0
74046,159960,75040000,URBAN GENERAL,ORLANDO,URBAN PRIN ART OTHER,DIVIDED,,SR  527,5,ORANGE,36223,4,40,1,LPI,Implement a Leading Pedestrian Interval (LPI),,LPI-01025,Potential Location,0.870000005,1,5408.8083328125,,,,,,,,,,,,,5408.8083328125,,5,75,75013000 = 1.57|75040000 = 11.987,MICHIGAN ST E|MICHIGAN ST W|ORANGE AVE S,33391,75040000,75013000,Y,-81.37631489,28.51291872,10,,On-System / On-System,75040000,1170,LPI-01025,2,11.987,11.977,11.997,MICHIGAN ST W,On Corridor,437508-2,1,106,0.02,100,0.4,1.3,Verified Match,437508-2,1
75091,161847,75090000,URBAN GENERAL,ORLANDO,URBAN PRIN ART OTHER,DIVIDED,,SR  426,5,ORANGE,40500,4,35,1,LPI,Implement a Leading Pedestrian Interval (LPI),,LPI-01717,Potential Location,0.870000005,1,5408.8083328125,,,,,,,,,,,,,5408.8083328125,,5,75,75090000 = 2.082|75A24852 = .251,ALOMA AVE|ST ANDREWS BLVD,20250,75090000,75A10028,Y,-81.32107504,28.60122027,10,,On-System / Off-System,75090000,1171,LPI-01717,1,2.082,2.072,2.0919999999999996,ALOMA AVE,Off Corridor,,0,0,0,0,,,Unmatched,,0
75153,161896,75000336,URBAN GENERAL,ORLANDO,URBAN PRIN ART OTHER,DIVIDED,,SR  434,5,ORANGE,30500,4,45,1,LPI,Implement a Leading Pedestrian Interval (LPI),,LPI-00010,Potential Location,0.870000005,1,5408.8083328125,,,,,,,,,,,,,5408.8083328125,,5,75,75000336 = .006|75260000 = 6.439,FOREST CITY RD|PEMBROOK DR,17400,75260000,75000336,Y,-81.41499186,28.63277,10,,On-System / On-System,75260000,1172,LPI-00010,1,0.006,0,0.016,FOREST CITY RD,Off Corridor,,0,0,0,0,89.6,8.8,No Match - Angle Mismatch,,0
75153,161896,75260000,URBAN GENERAL,ORLANDO,URBAN PRIN ART OTHER,DIVIDED,,SR  434,5,ORANGE,30500,4,45,1,LPI,Implement a Leading Pedestrian Interval (LPI),,LPI-00010,Potential Location,0.870000005,1,5408.8083328125,,,,,,,,,,,,,5408.8083328125,,5,75,75000336 = .006|75260000 = 6.439,FOREST CITY RD|PEMBROOK DR,17400,75260000,75000336,Y,-81.41499186,28.63277,10,,On-System / On-System,75260000,1172,LPI-00010,2,6.439,6.429,6.449,PEMBROOK DR,On Corridor,239422-1,3,106,0.02,100,0,1.2,Verified Match,239422-1,3
75440,162443,75000022,URBAN GENERAL,ORLANDO,URBAN MAJOR COLLECTOR,1WAY,,SR   15,5,ORANGE,15000,2,40,1,LPI,Implement a Leading Pedestrian Interval (LPI),,LPI-02436,Potential Location,0.870000005,1,5408.8083328125,,,,,,,,,,,,,5408.8083328125,,5,75,75000022 = 2.207|75080101 = 1.823,E ANDERSON ST|S PRIMROSE DR,14150,75080101,75000022,Y,-81.34764587,28.53792,10,,On-System / On-System,75080101,1173,LPI-02436,1,2.207,2.197,2.2169999999999996,E ANDERSON ST,Off Corridor,,0,0,0,0,89.8,80.8,No Match - Angle Mismatch,,0
75440,162443,75080101,URBAN GENERAL,ORLANDO,URBAN MAJOR COLLECTOR,1WAY,,SR   15,5,ORANGE,15000,2,40,1,LPI,Implement a Leading Pedestrian Interval (LPI),,LPI-02436,Potential Location,0.870000005,1,5408.8083328125,,,,,,,,,,,,,5408.8083328125,,5,75,75000022 = 2.207|75080101 = 1.823,E ANDERSON ST|S PRIMROSE DR,14150,75080101,75000022,Y,-81.34764587,28.53792,10,,On-System / On-System,75080101,1173,LPI-02436,2,1.823,1.813,1.833,S PRIMROSE DR,On Corridor,"452639-1, 452639-2, 000111-2",7,105,0.02,100,0.3,80.2,Verified Match,"452639-1, 452639-2, 000111-2",7
76050,158429,75030000,URBAN GENERAL,ORLANDO,URBAN PRIN ART OTHER,DIVIDED,US   17,SR   15,5,ORANGE,33000,4,35,1,LPI,Implement a Leading Pedestrian Interval (LPI),,LPI-02642,Potential Location,0.870000005,1,5408.8083328125,,,,,,,,,,,,,5408.8083328125,,5,75,75030000 = 4.905|75040000 = 17.389|75A05871 = .577,HARMON AVE|ORANGE AVE|ORLANDO AVE S,25750,75030000,75040000,Y,-81.364932,28.58589991,10,,On-System / On-System,75030000,1174,LPI-02642,1,4.905,4.8950000000000005,4.915,HARMON AVE,Off Corridor,,0,0,0,0,0,272.1,No Match - Low Overlap,,0
76050,158429,75040000,URBAN GENERAL,ORLANDO,URBAN PRIN ART OTHER,DIVIDED,US   17,SR   15,5,ORANGE,33000,4,35,1,LPI,Implement a Leading Pedestrian Interval (LPI),,LPI-02642,Potential Location,0.870000005,1,5408.8083328125,,,,,,,,,,,,,5408.8083328125,,5,75,75030000 = 4.905|75040000 = 17.389|75A05871 = .577,HARMON AVE|ORANGE AVE|ORLANDO AVE S,25750,75030000,75040000,Y,-81.364932,28.58589991,10,,On-System / On-System,75030000,1174,LPI-02642,2,17.389,17.378999999999998,17.399,ORANGE AVE,Off Corridor,,0,0,0,0,46.7,280.1,No Match - Angle Mismatch,,0
76076,158530,75030000,URBAN GENERAL,ORLANDO,URBAN PRIN ART OTHER,DIVIDED,US   17,SR   15,5,ORANGE,32000,6,45,1,LPI,Implement a Leading Pedestrian Interval (LPI),,LPI-00121,Potential Location,0.870000005,1,5408.8083328125,,,,,,,,,,,,,5408.8083328125,,5,75,75030000 = 8.056|75A03611 = .352|75A03717 = .432,E SYBELIA AVE|N ORLANDO AVE|SYBELIA PKWY,15500,75030000,75A03611,Y,-81.36327624,28.63129,10,,On-System / Off-System,75030000,1175,LPI-00121,1,8.056,8.046,8.065999999999999,E SYBELIA AVE,On Corridor,452910-1,1,106,0.02,100,0.3,1.4,Verified Match,452910-1,1
76117,158548,75030000,URBAN GENERAL,ORLANDO,URBAN PRIN ART OTHER,DIVIDED,US   17,SR   15,5,ORANGE,39500,5,40,1,LPI,Implement a Leading Pedestrian Interval (LPI),,LPI-00697,Potential Location,0.870000005,1,5408.8083328125,,,,,,,,,,,,,5408.8083328125,,5,75,75030000 = 6.794|75040500 = 2.057|75A04188 = 0,ALPINE DR|N PARK AVE|ORLANDO AVE S,21100,75030000,75040500,Y,-81.36514849,28.61284846,10,,On-System / On-System,75030000,1176,LPI-00697,1,6.794,6.784,6.803999999999999,ALPINE DR,On Corridor,452910-1,1,106,0.02,100,0,1.2,Verified Match,452910-1,1
76117,158548,75040500,URBAN GENERAL,ORLANDO,URBAN PRIN ART OTHER,DIVIDED,US   17,SR   15,5,ORANGE,39500,5,40,1,LPI,Implement a Leading Pedestrian Interval (LPI),,LPI-00697,Potential Location,0.870000005,1,5408.8083328125,,,,,,,,,,,,,5408.8083328125,,5,75,75030000 = 6.794|75040500 = 2.057|75A04188 = 0,ALPINE DR|N PARK AVE|ORLANDO AVE S,21100,75030000,75040500,Y,-81.36514849,28.61284846,10,,On-System / On-System,75030000,1176,LPI-00697,2,2.057,2.047,2.0669999999999997,N PARK AVE,On Corridor,452910-1,1,106,0.02,100,13.2,101.2,Verified Match,452910-1,1
76251,158806,75080000,URBAN GENERAL,ORLANDO,URBAN MAJOR COLLECTOR,1WAY,,SR   15,5,ORANGE,8900,3,35,1,LPI,Implement a Leading Pedestrian Interval (LPI),,LPI-01716,Potential Location,0.870000005,1,5408.8083328125,,,,,,,,,,,,,5408.8083328125,,5,75,75080000 = 19.01|75080102 = .124|75080103 = .529,E SOUTH ST|S MILLS AVE|S THORNTON AVE,25100,75080000,75080102,Y,-81.36426784,28.53854,10,,On-System / On-System,75080000,1177,LPI-01716,1,19.01,19,19.020000000000003,E SOUTH ST,On Corridor,"452639-1, 452639-2",2,105,0.02,100,0,0.7,Verified Match,"452639-1, 452639-2",2
76251,158806,75080102,URBAN GENERAL,ORLANDO,URBAN MAJOR COLLECTOR,1WAY,,SR   15,5,ORANGE,8900,3,35,1,LPI,Implement a Leading Pedestrian Interval (LPI),,LPI-01716,Potential Location,0.870000005,1,5408.8083328125,,,,,,,,,,,,,5408.8083328125,,5,75,75080000 = 19.01|75080102 = .124|75080103 = .529,E SOUTH ST|S MILLS AVE|S THORNTON AVE,25100,75080000,75080102,Y,-81.36426784,28.53854,10,,On-System / On-System,75080000,1177,LPI-01716,2,0.124,0.114,0.134,S MILLS AVE,Off Corridor,,0,0,0,0,83.3,4.4,No Match - Angle Mismatch,,0
76251,158806,75080103,URBAN GENERAL,ORLANDO,URBAN MAJOR COLLECTOR,1WAY,,SR   15,5,ORANGE,8900,3,35,1,LPI,Implement a Leading Pedestrian Interval (LPI),,LPI-01716,Potential Location,0.870000005,1,5408.8083328125,,,,,,,,,,,,,5408.8083328125,,5,75,75080000 = 19.01|75080102 = .124|75080103 = .529,E SOUTH ST|S MILLS AVE|S THORNTON AVE,25100,75080000,75080102,Y,-81.36426784,28.53854,10,,On-System / On-System,75080000,1177,LPI-01716,3,0.529,0.519,0.539,S THORNTON AVE,Off Corridor,,0,0,0,0,73,27.6,No Match - Angle Mismatch,,0
77167,172189,77040000,URBAN GENERAL,ORLANDO,URBAN PRIN ART OTHER,DIVIDED,,SR   46,5,SEMINOLE,31500,4,35,1,LPI,Implement a Leading Pedestrian Interval (LPI),,LPI-01743,Potential Location,0.870000005,1,5408.8083328125,,,,,,,,,,,,,5408.8083328125,,5,77,77040000 = .501|77510000 = 13.701|77A01970 = 0,E 25TH ST|SANFORD AVE,34100,77040000,77510000,Y,-81.26478892,28.78669,10,,On-System / On-System,77040000,1178,LPI-01743,1,0.501,0.491,0.511,E 25TH ST,Off Corridor,,0,0,0,0,,,Unmatched,,0
77167,172189,77510000,URBAN GENERAL,ORLANDO,URBAN PRIN ART OTHER,DIVIDED,,SR   46,5,SEMINOLE,31500,4,35,1,LPI,Implement a Leading Pedestrian Interval (LPI),,LPI-01743,Potential Location,0.870000005,1,5408.8083328125,,,,,,,,,,,,,5408.8083328125,,5,77,77040000 = .501|77510000 = 13.701|77A01970 = 0,E 25TH ST|SANFORD AVE,34100,77040000,77510000,Y,-81.26478892,28.78669,10,,On-System / On-System,77040000,1178,LPI-01743,2,13.701,13.691,13.711,SANFORD AVE,Off Corridor,,0,0,0,0,,,Unmatched,,0
77440,162100,75000104,URBAN GENERAL,ORLANDO,URBAN PRIN ART OTHER,DIVIDED,US   17,SR   50,5,ORANGE,33000,4,40,1,LPI,Implement a Leading Pedestrian Interval (LPI),,LPI-01028,Potential Location,0.870000005,1,5408.8083328125,,,,,,,,,,,,,5408.8083328125,,5,75,75000104 = 2.259|75060000 = .396,N PARRAMORE AVE|W COLONIAL DR,17600,75060000,75000104,Y,-81.38912014,28.55302,10,,On-System / On-System,75060000,1179,LPI-01028,1,2.259,2.249,2.2689999999999997,N PARRAMORE AVE,Off Corridor,,0,0,0,0,,,Unmatched,,0
77440,162100,75060000,URBAN GENERAL,ORLANDO,URBAN PRIN ART OTHER,DIVIDED,US   17,SR   50,5,ORANGE,33000,4,40,1,LPI,Implement a Leading Pedestrian Interval (LPI),,LPI-01028,Potential Location,0.870000005,1,5408.8083328125,,,,,,,,,,,,,5408.8083328125,,5,75,75000104 = 2.259|75060000 = .396,N PARRAMORE AVE|W COLONIAL DR,17600,75060000,75000104,Y,-81.38912014,28.55302,10,,On-System / On-System,75060000,1179,LPI-01028,2,0.396,0.386,0.406,W COLONIAL DR,Off Corridor,,0,0,0,0,,,Unmatched,,0
77803,170146,77000015,URBAN GENERAL,ORLANDO,URBAN PRIN ART OTHER,DIVIDED,,SR   46,5,SEMINOLE,23500,4,35,1,LPI,Implement a Leading Pedestrian Interval (LPI),,LPI-02617,Potential Location,0.870000005,1,5408.8083328125,,,,,,,,,,,,,5408.8083328125,,5,77,77000015 = .466|77040000 = .315,E 25TH ST|PARK DR|S PARK AVE|W 25TH ST,23950,77040000,77000015,Y,-81.26783372,28.78668,10,,On-System / On-System,77040000,1180,LPI-02617,1,0.466,0.456,0.47600000000000003,E 25TH ST,Off Corridor,,0,0,0,0,,,Unmatched,,0
77803,170146,77040000,URBAN GENERAL,ORLANDO,URBAN PRIN ART OTHER,DIVIDED,,SR   46,5,SEMINOLE,23500,4,35,1,LPI,Implement a Leading Pedestrian Interval (LPI),,LPI-02617,Potential Location,0.870000005,1,5408.8083328125,,,,,,,,,,,,,5408.8083328125,,5,77,77000015 = .466|77040000 = .315,E 25TH ST|PARK DR|S PARK AVE|W 25TH ST,23950,77040000,77000015,Y,-81.26783372,28.78668,10,,On-System / On-System,77040000,1180,LPI-02617,2,0.315,0.305,0.325,PARK DR,Off Corridor,,0,0,0,0,,,Unmatched,,0
79128,186932,79270000,URBAN GENERAL,DAYTONA BEACH-PORT ORANGE,URBAN PRIN ART OTHER,DIVIDED,,SR  483,5,VOLUSIA,21500,4,40,1,LPI,Implement a Leading Pedestrian Interval (LPI),,LPI-00836,Potential Location,0.870000005,1,5408.8083328125,,,,,,,,,,,,,5408.8083328125,,5,79,79270000 = 2.397|79A10792 = .38,HALIFAX MEDICAL CENTER DR|N CLYDE MORRIS BLVD,11000,79270000,79A07291,Y,-81.05539229,29.20055473,10,,On-System / Off-System,79270000,1181,LPI-00836,1,2.397,2.387,2.4069999999999996,HALIFAX MEDICAL CENTER DR,On Corridor,"448773-3, 452641-1, 448773-1",4,106,0.02,100,0,0.6,Verified Match,"448773-3, 452641-1, 448773-1",4
79869,179123,79060000,URBAN GENERAL,DAYTONA BEACH-PORT ORANGE,URBAN PRIN ART OTHER,DIVIDED,US   92,SR  600,5,VOLUSIA,24500,4,40,1,LPI,Implement a Leading Pedestrian Interval (LPI),,LPI-02648,Potential Location,0.870000005,1,5408.8083328125,,,,,,,,,,,,,5408.8083328125,,5,79,79060000 = 19.877|79A01763 = 0|79A01828 = .362,N ADAMS ST|S ADAMS ST|W INTERNATIONAL SPEEDWAY BLVD,14000,79060000,79A01763,Y,-81.0359156,29.20501488,10,,On-System / Off-System,79060000,1182,LPI-02648,1,19.877,19.866999999999997,19.887,N ADAMS ST,Off Corridor,,0,0,0,0,,,Unmatched,,0
80061,158412,75090000,URBAN GENERAL,ORLANDO,URBAN PRIN ART OTHER,DIVIDED,,SR  426,5,ORANGE,40500,4,40,1,LPI,Implement a Leading Pedestrian Interval (LPI),,LPI-01026,Potential Location,0.870000005,1,5408.8083328125,,,,,,,,,,,,,5408.8083328125,,5,75,75090000 = 2.306|75A04651 = .334|75A04801 = 0|75A17460 = 0,ALOMA AVE|BALFOUR DR,20250,75090000,75A04651,Y,-81.31751603,28.60205212,10,,On-System / Off-System,75090000,1183,LPI-01026,1,2.306,2.2960000000000003,2.316,ALOMA AVE,Off Corridor,,0,0,0,0,,,Unmatched,,0
82528,170739,77000015,URBAN GENERAL,ORLANDO,URBAN PRIN ART OTHER,DIVIDED,US   17,SR   15,5,SEMINOLE,23500,4,45,1,LPI,Implement a Leading Pedestrian Interval (LPI),,LPI-02018,Potential Location,0.870000005,1,5408.8083328125,,,,,,,,,,,,,5408.8083328125,,5,77,77000015 = .008|77010000 = 11.267,PARK DR|S FRENCH AVE|S ORLANDO DR,15200,77010000,77000015,Y,-81.27297971,28.78166409,10,,On-System / On-System,77010000,1184,LPI-02018,1,0.008,0,0.018000000000000002,PARK DR,Off Corridor,,0,0,0,0,,,Unmatched,,0
82528,170739,77010000,URBAN GENERAL,ORLANDO,URBAN PRIN ART OTHER,DIVIDED,US   17,SR   15,5,SEMINOLE,23500,4,45,1,LPI,Implement a Leading Pedestrian Interval (LPI),,LPI-02018,Potential Location,0.870000005,1,5408.8083328125,,,,,,,,,,,,,5408.8083328125,,5,77,77000015 = .008|77010000 = 11.267,PARK DR|S FRENCH AVE|S ORLANDO DR,15200,77010000,77000015,Y,-81.27297971,28.78166409,10,,On-System / On-System,77010000,1184,LPI-02018,2,11.267,11.257,11.277,S FRENCH AVE,Off Corridor,,0,0,0,0,,,Unmatched,,0
82894,136453,70000053,URBAN GENERAL,PALM BAY-MELBOURNE,URBAN PRIN ART OTHER,DIVIDED,,SR  520,5,BREVARD,29000,6,45,1,LPI,Implement a Leading Pedestrian Interval (LPI),,LPI-01309,Potential Location,0.870000005,1,5408.8083328125,,,,,,,,,,,,,5408.8083328125,,5,70,70000053 = 2.909|70100000 = 10.705|70140000 = .012,MERRITT ISLAND CSWY E|MERRITT ISLAND CSWY W|N COURTENAY PKWY|S COURTENAY PKWY,32750,70100000,70140000,Y,-80.70015516,28.35695968,10,,On-System / On-System,70100000,1185,LPI-01309,1,2.909,2.899,2.9189999999999996,MERRITT ISLAND CSWY E,Off Corridor,,0,0,0,0,,,Unmatched,,0
82894,136453,70100000,URBAN GENERAL,PALM BAY-MELBOURNE,URBAN PRIN ART OTHER,DIVIDED,,SR  520,5,BREVARD,29000,6,45,1,LPI,Implement a Leading Pedestrian Interval (LPI),,LPI-01309,Potential Location,0.870000005,1,5408.8083328125,,,,,,,,,,,,,5408.8083328125,,5,70,70000053 = 2.909|70100000 = 10.705|70140000 = .012,MERRITT ISLAND CSWY E|MERRITT ISLAND CSWY W|N COURTENAY PKWY|S COURTENAY PKWY,32750,70100000,70140000,Y,-80.70015516,28.35695968,10,,On-System / On-System,70100000,1185,LPI-01309,2,10.705,10.695,10.715,MERRITT ISLAND CSWY W,Off Corridor,,0,0,0,0,,,Unmatched,,0
82894,136453,70140000,URBAN GENERAL,PALM BAY-MELBOURNE,URBAN PRIN ART OTHER,DIVIDED,,SR  520,5,BREVARD,29000,6,45,1,LPI,Implement a Leading Pedestrian Interval (LPI),,LPI-01309,Potential Location,0.870000005,1,5408.8083328125,,,,,,,,,,,,,5408.8083328125,,5,70,70000053 = 2.909|70100000 = 10.705|70140000 = .012,MERRITT ISLAND CSWY E|MERRITT ISLAND CSWY W|N COURTENAY PKWY|S COURTENAY PKWY,32750,70100000,70140000,Y,-80.70015516,28.35695968,10,,On-System / On-System,70100000,1185,LPI-01309,3,0.012,0.002,0.022,N COURTENAY PKWY,Off Corridor,,0,0,0,0,,,Unmatched,,0
82995,136464,70000057,URBAN GENERAL,PALM BAY-MELBOURNE,URBAN PRIN ART OTHER,DIVIDED,,SR  A1A,5,BREVARD,35000,4,45,1,LPI,Implement a Leading Pedestrian Interval (LPI),,LPI-01005,Potential Location,0.870000005,1,5408.8083328125,,,,,,,,,,,,,5408.8083328125,,5,70,70000057 = 1.81|70080000 = 2.82,ASTRONAUT BLVD|CENTRAL BLVD W,16750,70080000,70000057,Y,-80.61254754,28.39666754,10,,On-System / On-System,70080000,1186,LPI-01005,1,1.81,1.8,1.82,ASTRONAUT BLVD,Off Corridor,,0,0,0,0,83.3,18.4,No Match - Angle Mismatch,,0
82995,136464,70080000,URBAN GENERAL,PALM BAY-MELBOURNE,URBAN PRIN ART OTHER,DIVIDED,,SR  A1A,5,BREVARD,35000,4,45,1,LPI,Implement a Leading Pedestrian Interval (LPI),,LPI-01005,Potential Location,0.870000005,1,5408.8083328125,,,,,,,,,,,,,5408.8083328125,,5,70,70000057 = 1.81|70080000 = 2.82,ASTRONAUT BLVD|CENTRAL BLVD W,16750,70080000,70000057,Y,-80.61254754,28.39666754,10,,On-System / On-System,70080000,1186,LPI-01005,2,2.82,2.81,2.8299999999999996,CENTRAL BLVD W,On Corridor,452688-1,1,106,0.02,100,0,0.6,Verified Match,452688-1,1
83954,136407,70100000,URBAN GENERAL,PALM BAY-MELBOURNE,URBAN PRIN ART OTHER,1WAY,,SR  520,5,BREVARD,14000,2,35,1,LPI,Implement a Leading Pedestrian Interval (LPI),,LPI-01829,Potential Location,0.870000005,1,5408.8083328125,,,,,,,,,,,,,5408.8083328125,,5,70,70100000 = 9.256|70A07546 = 0|70A15635 = .067,KING ST|RIVER EDGE BLVD|WILLARD ST,6875,70100000,70A07546,Y,-80.72393003,28.3559,10,,On-System / Off-System,70100000,1187,LPI-01829,1,9.256,9.246,9.266,KING ST,Off Corridor,,0,0,0,0,,,Unmatched,,0
84261,136259,70003500,URBAN GENERAL,PALM BAY-MELBOURNE,URBAN PRIN ART OTHER,1WAY,,SR  A1A,5,BREVARD,13000,2,35,1,LPI,Implement a Leading Pedestrian Interval (LPI),,LPI-01315,Potential Location,0.870000005,1,5408.8083328125,,,,,,,,,,,,,5408.8083328125,,5,70,70003500 = 1.405|70060001 = .587,MINUTEMEN CSWY|N ORLANDO AVE|S ORLANDO AVE,13400,70060001,70003500,Y,-80.61006001,28.31839949,10,,On-System / On-System,70060001,1188,LPI-01315,1,1.405,1.395,1.415,MINUTEMEN CSWY,Off Corridor,,0,0,0,0,,,Unmatched,,0
84261,136259,70060001,URBAN GENERAL,PALM BAY-MELBOURNE,URBAN PRIN ART OTHER,1WAY,,SR  A1A,5,BREVARD,13000,2,35,1,LPI,Implement a Leading Pedestrian Interval (LPI),,LPI-01315,Potential Location,0.870000005,1,5408.8083328125,,,,,,,,,,,,,5408.8083328125,,5,70,70003500 = 1.405|70060001 = .587,MINUTEMEN CSWY|N ORLANDO AVE|S ORLANDO AVE,13400,70060001,70003500,Y,-80.61006001,28.31839949,10,,On-System / On-System,70060001,1188,LPI-01315,2,0.587,0.577,0.597,N ORLANDO AVE,Off Corridor,,0,0,0,0,,,Unmatched,,0
85250,182460,79000063,URBAN GENERAL,DAYTONA BEACH-PORT ORANGE,URBAN PRIN ART OTHER,DIVIDED,,SR  A1A,5,VOLUSIA,18500,4,35,1,LPI,Implement a Leading Pedestrian Interval (LPI),,LPI-00831,Potential Location,0.870000005,1,5408.8083328125,,,,,,,,,,,,,5408.8083328125,,5,79,79000063 = .365|79080000 = 2.933|79A02901 = 0,N ATLANTIC AVE|UNIVERSITY BLVD,9975,79080000,79000063,Y,-81.01568926,29.24225877,10,,On-System / On-System,79080000,1189,LPI-00831,1,0.365,0.355,0.375,N ATLANTIC AVE,Off Corridor,,0,0,0,0,89.7,26.9,No Match - Angle Mismatch,,0
85250,182460,79080000,URBAN GENERAL,DAYTONA BEACH-PORT ORANGE,URBAN PRIN ART OTHER,DIVIDED,,SR  A1A,5,VOLUSIA,18500,4,35,1,LPI,Implement a Leading Pedestrian Interval (LPI),,LPI-00831,Potential Location,0.870000005,1,5408.8083328125,,,,,,,,,,,,,5408.8083328125,,5,79,79000063 = .365|79080000 = 2.933|79A02901 = 0,N ATLANTIC AVE|UNIVERSITY BLVD,9975,79080000,79000063,Y,-81.01568926,29.24225877,10,,On-System / On-System,79080000,1189,LPI-00831,2,2.933,2.923,2.9429999999999996,UNIVERSITY BLVD,On Corridor,442884-2,1,106,0.02,100,0,0.6,Verified Match,442884-2,1
85756,136609,70000055,URBAN GENERAL,PALM BAY-MELBOURNE,URBAN PRIN ART OTHER,DIVIDED,,SR  A1A,5,BREVARD,33000,4,35,1,LPI,Implement a Leading Pedestrian Interval (LPI),,LPI-01318,Potential Location,0.870000005,1,5408.8083328125,,,,,,,,,,,,,5408.8083328125,,5,70,70000055 = 0|70060000 = 35.835|70A07619 = 0,N ATLANTIC AVE|ST LUCIE LN,14900,70060000,70000055,Y,-80.6086016,28.35342256,10,,On-System / On-System,70060000,1190,LPI-01318,1,0,0,0.01,N ATLANTIC AVE,Off Corridor,,0,0,0,0,,,Unmatched,,0
85756,136609,70060000,URBAN GENERAL,PALM BAY-MELBOURNE,URBAN PRIN ART OTHER,DIVIDED,,SR  A1A,5,BREVARD,33000,4,35,1,LPI,Implement a Leading Pedestrian Interval (LPI),,LPI-01318,Potential Location,0.870000005,1,5408.8083328125,,,,,,,,,,,,,5408.8083328125,,5,70,70000055 = 0|70060000 = 35.835|70A07619 = 0,N ATLANTIC AVE|ST LUCIE LN,14900,70060000,70000055,Y,-80.6086016,28.35342256,10,,On-System / On-System,70060000,1190,LPI-01318,2,35.835,35.825,35.845,ST LUCIE LN,Off Corridor,,0,0,0,0,,,Unmatched,,0
85779,179761,79000034,URBAN GENERAL,DELTONA,URBAN PRIN ART OTHER,DIVIDED,,SR   15A,5,VOLUSIA,29500,4,45,1,LPI,Implement a Leading Pedestrian Interval (LPI),,LPI-00823,Potential Location,0.870000005,1,5408.8083328125,,,,,,,,,,,,,5408.8083328125,,5,79,79000034 = 1.012|79160000 = 2.264,S SPRING GARDEN AVE|W EUCLID AVE,13625,79160000,79000034,Y,-81.32400068,29.02073967,10,,On-System / On-System,79160000,1191,LPI-00823,1,1.012,1.002,1.022,S SPRING GARDEN AVE,Off Corridor,,0,0,0,0,,,Unmatched,,0
85779,179761,79160000,URBAN GENERAL,DELTONA,URBAN PRIN ART OTHER,DIVIDED,,SR   15A,5,VOLUSIA,29500,4,45,1,LPI,Implement a Leading Pedestrian Interval (LPI),,LPI-00823,Potential Location,0.870000005,1,5408.8083328125,,,,,,,,,,,,,5408.8083328125,,5,79,79000034 = 1.012|79160000 = 2.264,S SPRING GARDEN AVE|W EUCLID AVE,13625,79160000,79000034,Y,-81.32400068,29.02073967,10,,On-System / On-System,79160000,1191,LPI-00823,2,2.264,2.254,2.2739999999999996,W EUCLID AVE,Off Corridor,,0,0,0,0,,,Unmatched,,0
86663,182581,79000080,URBAN GENERAL,DAYTONA BEACH-PORT ORANGE,URBAN PRIN ART OTHER,DIVIDED,US    1,SR    5,5,VOLUSIA,24500,4,35,1,LPI,Implement a Leading Pedestrian Interval (LPI),,LPI-01470,Potential Location,0.870000005,1,5408.8083328125,,,,,,,,,,,,,5408.8083328125,,5,79,79000080 = 1.636|79030000 = 1.918|79A01414 = .008,6TH ST|RIDGEWOOD AVE,13150,79030000,79000080,Y,-81.03634019,29.23600492,10,,On-System / On-System,79030000,1192,LPI-01470,1,1.636,1.626,1.646,6TH ST,Off Corridor,,0,0,0,0,89.3,59.9,No Match - Angle Mismatch,,0
86663,182581,79030000,URBAN GENERAL,DAYTONA BEACH-PORT ORANGE,URBAN PRIN ART OTHER,DIVIDED,US    1,SR    5,5,VOLUSIA,24500,4,35,1,LPI,Implement a Leading Pedestrian Interval (LPI),,LPI-01470,Potential Location,0.870000005,1,5408.8083328125,,,,,,,,,,,,,5408.8083328125,,5,79,79000080 = 1.636|79030000 = 1.918|79A01414 = .008,6TH ST|RIDGEWOOD AVE,13150,79030000,79000080,Y,-81.03634019,29.23600492,10,,On-System / On-System,79030000,1192,LPI-01470,2,1.918,1.908,1.928,RIDGEWOOD AVE,On Corridor,452908-1,1,106,0.02,100,0,0.6,Verified Match,452908-1,1
86677,182581,79000090,URBAN GENERAL,DAYTONA BEACH-PORT ORANGE,URBAN PRIN ART OTHER,DIVIDED,US    1,SR    5,5,VOLUSIA,24500,4,35,1,LPI,Implement a Leading Pedestrian Interval (LPI),,LPI-01469,Potential Location,0.870000005,1,5408.8083328125,,,,,,,,,,,,,5408.8083328125,,5,79,79000090 = 1.063|79030000 = 1.57,3RD ST|RIDGEWOOD AVE,13300,79030000,79000090,Y,-81.0338598,29.23145508,10,,On-System / On-System,79030000,1193,LPI-01469,1,1.063,1.053,1.073,3RD ST,Off Corridor,,0,0,0,0,88.5,24.1,No Match - Angle Mismatch,,0
86677,182581,79030000,URBAN GENERAL,DAYTONA BEACH-PORT ORANGE,URBAN PRIN ART OTHER,DIVIDED,US    1,SR    5,5,VOLUSIA,24500,4,35,1,LPI,Implement a Leading Pedestrian Interval (LPI),,LPI-01469,Potential Location,0.870000005,1,5408.8083328125,,,,,,,,,,,,,5408.8083328125,,5,79,79000090 = 1.063|79030000 = 1.57,3RD ST|RIDGEWOOD AVE,13300,79030000,79000090,Y,-81.0338598,29.23145508,10,,On-System / On-System,79030000,1193,LPI-01469,2,1.57,1.56,1.58,RIDGEWOOD AVE,On Corridor,452908-1,1,106,0.02,100,0,0.6,Verified Match,452908-1,1
86847,137001,70000059,URBAN GENERAL,PALM BAY-MELBOURNE,URBAN PRIN ART OTHER,DIVIDED,,SR    3,5,BREVARD,27500,4,35,1,LPI,Implement a Leading Pedestrian Interval (LPI),,LPI-00623,Potential Location,0.870000005,1,5408.8083328125,,,,,,,,,,,,,5408.8083328125,,5,70,70000059 = .005|70140000 = .307|70620500 = .394,MERRITT AVE E|MERRITT AVE W|N COURTENAY PKWY,23050,70140000,70000059,Y,-80.70025391,28.3614267,10,,On-System / On-System,70140000,1194,LPI-00623,1,0.005,0,0.015,MERRITT AVE E,Off Corridor,,0,0,0,0,,,Unmatched,,0
86847,137001,70140000,URBAN GENERAL,PALM BAY-MELBOURNE,URBAN PRIN ART OTHER,DIVIDED,,SR    3,5,BREVARD,27500,4,35,1,LPI,Implement a Leading Pedestrian Interval (LPI),,LPI-00623,Potential Location,0.870000005,1,5408.8083328125,,,,,,,,,,,,,5408.8083328125,,5,70,70000059 = .005|70140000 = .307|70620500 = .394,MERRITT AVE E|MERRITT AVE W|N COURTENAY PKWY,23050,70140000,70000059,Y,-80.70025391,28.3614267,10,,On-System / On-System,70140000,1194,LPI-00623,2,0.307,0.297,0.317,MERRITT AVE W,Off Corridor,,0,0,0,0,,,Unmatched,,0
86847,137001,70620500,URBAN GENERAL,PALM BAY-MELBOURNE,URBAN PRIN ART OTHER,DIVIDED,,SR    3,5,BREVARD,27500,4,35,1,LPI,Implement a Leading Pedestrian Interval (LPI),,LPI-00623,Potential Location,0.870000005,1,5408.8083328125,,,,,,,,,,,,,5408.8083328125,,5,70,70000059 = .005|70140000 = .307|70620500 = .394,MERRITT AVE E|MERRITT AVE W|N COURTENAY PKWY,23050,70140000,70000059,Y,-80.70025391,28.3614267,10,,On-System / On-System,70140000,1194,LPI-00623,3,0.394,0.384,0.404,N COURTENAY PKWY,Off Corridor,,0,0,0,0,,,Unmatched,,0
87097,178874,79000035,URBAN GENERAL,DELTONA,URBAN MINOR ART,DIVIDED,US   17,SR   15,5,VOLUSIA,34500,4,35,1,LPI,Implement a Leading Pedestrian Interval (LPI),,LPI-01308,Potential Location,0.870000005,1,5408.8083328125,,,,,,,,,,,,,5408.8083328125,,5,79,79000035 = .253|79040000 = 12.346,E BERESFORD AVE|S WOODLAND BLVD|W BERESFORD AVE,27400,79040000,79000035,Y,-81.30294755,29.01378007,10,,On-System / On-System,79040000,1195,LPI-01308,1,0.253,0.243,0.263,E BERESFORD AVE,Off Corridor,,0,0,0,0,,,Unmatched,,0
87097,178874,79040000,URBAN GENERAL,DELTONA,URBAN MINOR ART,DIVIDED,US   17,SR   15,5,VOLUSIA,34500,4,35,1,LPI,Implement a Leading Pedestrian Interval (LPI),,LPI-01308,Potential Location,0.870000005,1,5408.8083328125,,,,,,,,,,,,,5408.8083328125,,5,79,79000035 = .253|79040000 = 12.346,E BERESFORD AVE|S WOODLAND BLVD|W BERESFORD AVE,27400,79040000,79000035,Y,-81.30294755,29.01378007,10,,On-System / On-System,79040000,1195,LPI-01308,2,12.346,12.336,12.356,S WOODLAND BLVD,Off Corridor,,0,0,0,0,,,Unmatched,,0
87123,178998,79030000,URBAN GENERAL,DAYTONA BEACH-PORT ORANGE,URBAN PRIN ART OTHER,DIVIDED,US    1,SR    5,5,VOLUSIA,24000,4,40,1,LPI,Implement a Leading Pedestrian Interval (LPI),,LPI-02030,Potential Location,0.870000005,1,5408.8083328125,,,,,,,,,,,,,5408.8083328125,,5,79,79030000 = 4.67|79517000 = 3.833|79A00904 = 0,HAND AVE|S YONGE ST|US-1,27700,79030000,79517000,Y,-81.05628953,29.2718752,10,,On-System / On-System,79030000,1196,LPI-02030,1,4.67,4.66,4.68,HAND AVE,Off Corridor,,0,0,0,0,,,Unmatched,,0
87123,178998,79517000,URBAN GENERAL,DAYTONA BEACH-PORT ORANGE,URBAN PRIN ART OTHER,DIVIDED,US    1,SR    5,5,VOLUSIA,24000,4,40,1,LPI,Implement a Leading Pedestrian Interval (LPI),,LPI-02030,Potential Location,0.870000005,1,5408.8083328125,,,,,,,,,,,,,5408.8083328125,,5,79,79030000 = 4.67|79517000 = 3.833|79A00904 = 0,HAND AVE|S YONGE ST|US-1,27700,79030000,79517000,Y,-81.05628953,29.2718752,10,,On-System / On-System,79030000,1196,LPI-02030,2,3.833,3.8230000000000004,3.843,S YONGE ST,Off Corridor,,0,0,0,0,,,Unmatched,,0
87187,179202,79000010,URBAN GENERAL,DELTONA,URBAN PRIN ART OTHER,DIVIDED,US   17,SR   15,5,VOLUSIA,32500,4,40,1,LPI,Implement a Leading Pedestrian Interval (LPI),,LPI-00821,Potential Location,0.870000005,1,5408.8083328125,,,,,,,,,,,,,5408.8083328125,,5,79,79000010 = 2.097|79040000 = 8.079|79A06113 = 0,E FRENCH AVE|N VOLUSIA AVE|US-17-92|W FRENCH AVE,17525,79040000,79000010,Y,-81.29888,28.95227255,10,,On-System / On-System,79040000,1197,LPI-00821,1,2.097,2.087,2.1069999999999998,E FRENCH AVE,Off Corridor,,0,0,0,0,88.8,12.1,No Match - Angle Mismatch,,0
87187,179202,79040000,URBAN GENERAL,DELTONA,URBAN PRIN ART OTHER,DIVIDED,US   17,SR   15,5,VOLUSIA,32500,4,40,1,LPI,Implement a Leading Pedestrian Interval (LPI),,LPI-00821,Potential Location,0.870000005,1,5408.8083328125,,,,,,,,,,,,,5408.8083328125,,5,79,79000010 = 2.097|79040000 = 8.079|79A06113 = 0,E FRENCH AVE|N VOLUSIA AVE|US-17-92|W FRENCH AVE,17525,79040000,79000010,Y,-81.29888,28.95227255,10,,On-System / On-System,79040000,1197,LPI-00821,2,8.079,8.069,8.089,N VOLUSIA AVE,On Corridor,450991-1,1,106,0.02,100,0.1,1.1,Verified Match,450991-1,1
87192,179202,79040000,URBAN GENERAL,DELTONA,URBAN PRIN ART OTHER,DIVIDED,US   17,SR   15,5,VOLUSIA,32500,4,40,1,LPI,Implement a Leading Pedestrian Interval (LPI),,LPI-00820,Potential Location,0.870000005,1,5408.8083328125,,,,,,,,,,,,,5408.8083328125,,5,79,79040000 = 7.834|79580000 = 0|79A06196 = .505,E GRAVES AVE|N VOLUSIA AVE|S VOLUSIA AVE|W GRAVES AVE,35700,79040000,79580000,Y,-81.29886,28.94872525,10,,On-System / On-System,79040000,1198,LPI-00820,1,7.834,7.824,7.843999999999999,E GRAVES AVE,On Corridor,450991-1,1,106,0.02,100,0.7,1.1,Verified Match,450991-1,1
87192,179202,79580000,URBAN GENERAL,DELTONA,URBAN PRIN ART OTHER,DIVIDED,US   17,SR   15,5,VOLUSIA,32500,4,40,1,LPI,Implement a Leading Pedestrian Interval (LPI),,LPI-00820,Potential Location,0.870000005,1,5408.8083328125,,,,,,,,,,,,,5408.8083328125,,5,79,79040000 = 7.834|79580000 = 0|79A06196 = .505,E GRAVES AVE|N VOLUSIA AVE|S VOLUSIA AVE|W GRAVES AVE,35700,79040000,79580000,Y,-81.29886,28.94872525,10,,On-System / On-System,79040000,1198,LPI-00820,2,0,0,0.01,N VOLUSIA AVE,Off Corridor,,0,0,0,0,88.6,25.3,No Match - Angle Mismatch,,0
87454,177845,79000145,URBAN GENERAL,DELTONA,URBAN PRIN ART OTHER,DIVIDED,US   17,SR   15,5,VOLUSIA,31000,4,45,1,LPI,Implement a Leading Pedestrian Interval (LPI),,LPI-02021,Potential Location,0.870000005,1,5408.8083328125,,,,,,,,,,,,,5408.8083328125,,5,79,79000145 = 0|79040000 = 6.827|79A01060 = 1.012,E RHODE ISLAND AVE|S VOLUSIA AVE|W RHODE ISLAND AVE,19600,79040000,79000145,Y,-81.2989,28.93408955,10,,On-System / On-System,79040000,1199,LPI-02021,1,0,0,0.01,E RHODE ISLAND AVE,Off Corridor,,0,0,0,0,90,25.3,No Match - Angle Mismatch,,0
87454,177845,79040000,URBAN GENERAL,DELTONA,URBAN PRIN ART OTHER,DIVIDED,US   17,SR   15,5,VOLUSIA,31000,4,45,1,LPI,Implement a Leading Pedestrian Interval (LPI),,LPI-02021,Potential Location,0.870000005,1,5408.8083328125,,,,,,,,,,,,,5408.8083328125,,5,79,79000145 = 0|79040000 = 6.827|79A01060 = 1.012,E RHODE ISLAND AVE|S VOLUSIA AVE|W RHODE ISLAND AVE,19600,79040000,79000145,Y,-81.2989,28.93408955,10,,On-System / On-System,79040000,1199,LPI-02021,2,6.827,6.817,6.837,S VOLUSIA AVE,On Corridor,450991-1,1,106,0.02,100,0,1.1,Verified Match,450991-1,1
87558,179569,79030000,URBAN GENERAL,DAYTONA BEACH-PORT ORANGE,URBAN PRIN ART OTHER,DIVIDED,,SR   40,5,VOLUSIA,35000,4,35,1,LPI,Implement a Leading Pedestrian Interval (LPI),,LPI-01471,Potential Location,0.870000005,1,5408.8083328125,,,,,,,,,,,,,5408.8083328125,,5,79,79030000 = 5.516|79100000 = 30.234|79150000 = 0,N YONGE ST|S YONGE ST|W GRANADA BLVD,54500,79150000,79100000,Y,-81.06207707,29.28302414,10,,On-System / On-System,79150000,1200,LPI-01471,1,5.516,5.506,5.526,N YONGE ST,On Corridor,452908-1,1,106,0.02,100,0.4,0.5,Verified Match,452908-1,1
87558,179569,79100000,URBAN GENERAL,DAYTONA BEACH-PORT ORANGE,URBAN PRIN ART OTHER,DIVIDED,,SR   40,5,VOLUSIA,35000,4,35,1,LPI,Implement a Leading Pedestrian Interval (LPI),,LPI-01471,Potential Location,0.870000005,1,5408.8083328125,,,,,,,,,,,,,5408.8083328125,,5,79,79030000 = 5.516|79100000 = 30.234|79150000 = 0,N YONGE ST|S YONGE ST|W GRANADA BLVD,54500,79150000,79100000,Y,-81.06207707,29.28302414,10,,On-System / On-System,79150000,1200,LPI-01471,2,30.234,30.224,30.244000000000003,S YONGE ST,Off Corridor,,0,0,0,0,80.9,68.8,No Match - Angle Mismatch,,0
87558,179569,79150000,URBAN GENERAL,DAYTONA BEACH-PORT ORANGE,URBAN PRIN ART OTHER,DIVIDED,,SR   40,5,VOLUSIA,35000,4,35,1,LPI,Implement a Leading Pedestrian Interval (LPI),,LPI-01471,Potential Location,0.870000005,1,5408.8083328125,,,,,,,,,,,,,5408.8083328125,,5,79,79030000 = 5.516|79100000 = 30.234|79150000 = 0,N YONGE ST|S YONGE ST|W GRANADA BLVD,54500,79150000,79100000,Y,-81.06207707,29.28302414,10,,On-System / On-System,79150000,1200,LPI-01471,3,0,0,0.01,W GRANADA BLVD,Off Corridor,,0,0,0,0,89.5,25.7,No Match - Angle Mismatch,,0
87674,180000,79000100,URBAN GENERAL,DAYTONA BEACH-PORT ORANGE,URBAN MINOR ART,NOT DIVIDED,,SR  430,5,VOLUSIA,19100,4,35,1,LPI,Implement a Leading Pedestrian Interval (LPI),,LPI-02033,Potential Location,0.870000005,1,5408.8083328125,,,,,,,,,,,,,5408.8083328125,,5,79,79000100 = 1.2|79220000 = .54|79A01642 = 0,MASON AVE|WHITE ST,12000,79220000,79000100,Y,-81.05399957,29.21692919,10,,On-System / On-System,79220000,1201,LPI-02033,1,1.2,1.19,1.21,MASON AVE,Off Corridor,,0,0,0,0,,,Unmatched,,0
87674,180000,79220000,URBAN GENERAL,DAYTONA BEACH-PORT ORANGE,URBAN MINOR ART,NOT DIVIDED,,SR  430,5,VOLUSIA,19100,4,35,1,LPI,Implement a Leading Pedestrian Interval (LPI),,LPI-02033,Potential Location,0.870000005,1,5408.8083328125,,,,,,,,,,,,,5408.8083328125,,5,79,79000100 = 1.2|79220000 = .54|79A01642 = 0,MASON AVE|WHITE ST,12000,79220000,79000100,Y,-81.05399957,29.21692919,10,,On-System / On-System,79220000,1201,LPI-02033,2,0.54,0.53,0.55,WHITE ST,Off Corridor,,0,0,0,0,,,Unmatched,,0
87682,180504,79000347,URBAN GENERAL,DELTONA,URBAN PRIN ART OTHER,DIVIDED,US   17,SR   15,5,VOLUSIA,31000,4,45,1,LPI,Implement a Leading Pedestrian Interval (LPI),,LPI-00825,Potential Location,0.870000005,1,5408.8083328125,,,,,,,,,,,,,5408.8083328125,,5,79,79000347 = .502|79040000 = 7.447|79A01006 = 0,E BLUE SPRINGS AVE|S VOLUSIA AVE|W BLUE SPRINGS AVE,17350,79040000,79000347,Y,-81.29889,28.94309979,10,,On-System / On-System,79040000,1202,LPI-00825,1,0.502,0.492,0.512,E BLUE SPRINGS AVE,Off Corridor,,0,0,0,0,89.9,27.5,No Match - Angle Mismatch,,0
87682,180504,79040000,URBAN GENERAL,DELTONA,URBAN PRIN ART OTHER,DIVIDED,US   17,SR   15,5,VOLUSIA,31000,4,45,1,LPI,Implement a Leading Pedestrian Interval (LPI),,LPI-00825,Potential Location,0.870000005,1,5408.8083328125,,,,,,,,,,,,,5408.8083328125,,5,79,79000347 = .502|79040000 = 7.447|79A01006 = 0,E BLUE SPRINGS AVE|S VOLUSIA AVE|W BLUE SPRINGS AVE,17350,79040000,79000347,Y,-81.29889,28.94309979,10,,On-System / On-System,79040000,1202,LPI-00825,2,7.447,7.437,7.457,S VOLUSIA AVE,On Corridor,450991-1,1,106,0.02,100,0,1.1,Verified Match,450991-1,1
87888,181238,79000066,URBAN GENERAL,DAYTONA BEACH-PORT ORANGE,URBAN MINOR ART,1WAY,,SR  430,5,VOLUSIA,6500,2,40,1,LPI,Implement a Leading Pedestrian Interval (LPI),,LPI-02027,Potential Location,0.870000005,1,5408.8083328125,,,,,,,,,,,,,5408.8083328125,,5,79,79000066 = .88|79220001 = .701,OAKRIDGE BLVD|PENINSULA DR N,8450,79220001,79000066,Y,-81.01602033,29.2323307,10,,On-System / On-System,79220001,1203,LPI-02027,1,0.88,0.87,0.89,OAKRIDGE BLVD,Off Corridor,,0,0,0,0,,,Unmatched,,0
87888,181238,79220001,URBAN GENERAL,DAYTONA BEACH-PORT ORANGE,URBAN MINOR ART,1WAY,,SR  430,5,VOLUSIA,6500,2,40,1,LPI,Implement a Leading Pedestrian Interval (LPI),,LPI-02027,Potential Location,0.870000005,1,5408.8083328125,,,,,,,,,,,,,5408.8083328125,,5,79,79000066 = .88|79220001 = .701,OAKRIDGE BLVD|PENINSULA DR N,8450,79220001,79000066,Y,-81.01602033,29.2323307,10,,On-System / On-System,79220001,1203,LPI-02027,2,0.701,0.691,0.711,PENINSULA DR N,Off Corridor,,0,0,0,0,,,Unmatched,,0
88027,181159,79010000,URBAN GENERAL,DAYTONA BEACH-PORT ORANGE,URBAN PRIN ART OTHER,DIVIDED,US    1,SR    5,5,VOLUSIA,0,4,35,0,LPI,Implement a Leading Pedestrian Interval (LPI),,LPI-02028,Potential Location,0.870000005,1,5408.8083328125,,,,,,,,,,,,,5408.8083328125,,5,79,79010000 = 32.696|79030000 = 0|79060000 = 20.761|79080000 = .004,N RIDGEWOOD AVE|S RIDGEWOOD AVE|W INTERNATIONAL SPEEDWAY BLVD,47250,79010000,79030000,Y,-81.0228147,29.21083012,10,,On-System / On-System,79010000,1204,LPI-02028,1,32.696,32.686,32.705999999999996,N RIDGEWOOD AVE,On Corridor,450782-1,4,53,0.01,100,0,0.6,Verified Parallel Fallback,450782-1,4
88027,181159,79030000,URBAN GENERAL,DAYTONA BEACH-PORT ORANGE,URBAN PRIN ART OTHER,DIVIDED,US    1,SR    5,5,VOLUSIA,0,4,35,0,LPI,Implement a Leading Pedestrian Interval (LPI),,LPI-02028,Potential Location,0.870000005,1,5408.8083328125,,,,,,,,,,,,,5408.8083328125,,5,79,79010000 = 32.696|79030000 = 0|79060000 = 20.761|79080000 = .004,N RIDGEWOOD AVE|S RIDGEWOOD AVE|W INTERNATIONAL SPEEDWAY BLVD,47250,79010000,79030000,Y,-81.0228147,29.21083012,10,,On-System / On-System,79010000,1204,LPI-02028,2,0,0,0.01,S RIDGEWOOD AVE,On Corridor,450782-1,4,53,0.01,100,0.6,0.6,Verified Parallel Fallback,450782-1,4
88027,181159,79060000,URBAN GENERAL,DAYTONA BEACH-PORT ORANGE,URBAN PRIN ART OTHER,DIVIDED,US    1,SR    5,5,VOLUSIA,0,4,35,0,LPI,Implement a Leading Pedestrian Interval (LPI),,LPI-02028,Potential Location,0.870000005,1,5408.8083328125,,,,,,,,,,,,,5408.8083328125,,5,79,79010000 = 32.696|79030000 = 0|79060000 = 20.761|79080000 = .004,N RIDGEWOOD AVE|S RIDGEWOOD AVE|W INTERNATIONAL SPEEDWAY BLVD,47250,79010000,79030000,Y,-81.0228147,29.21083012,10,,On-System / On-System,79010000,1204,LPI-02028,3,20.761,20.750999999999998,20.771,W INTERNATIONAL SPEEDWAY BLVD,Off Corridor,,0,0,0,0,90,63.5,No Match - Angle Mismatch,,0
88027,181159,79080000,URBAN GENERAL,DAYTONA BEACH-PORT ORANGE,URBAN PRIN ART OTHER,DIVIDED,US    1,SR    5,5,VOLUSIA,0,4,35,0,LPI,Implement a Leading Pedestrian Interval (LPI),,LPI-02028,Potential Location,0.870000005,1,5408.8083328125,,,,,,,,,,,,,5408.8083328125,,5,79,79010000 = 32.696|79030000 = 0|79060000 = 20.761|79080000 = .004,N RIDGEWOOD AVE|S RIDGEWOOD AVE|W INTERNATIONAL SPEEDWAY BLVD,47250,79010000,79030000,Y,-81.0228147,29.21083012,10,,On-System / On-System,79010000,1204,LPI-02028,4,0.004,0,0.014,,Off Corridor,,0,0,0,0,90,13,No Match - Angle Mismatch,,0
88304,182646,79000112,URBAN GENERAL,DAYTONA BEACH-PORT ORANGE,URBAN PRIN ART OTHER,DIVIDED,US    1,SR    5,5,VOLUSIA,30000,4,40,1,LPI,Implement a Leading Pedestrian Interval (LPI),,LPI-00832,Potential Location,0.870000005,1,5408.8083328125,,,,,,,,,,,,,5408.8083328125,,5,79,79000112 = .004|79001000 = 4.189|79010000 = 30.64,BEVILLE RD|S RIDGEWOOD AVE,34775,79010000,79001000,Y,-81.00855362,29.18372723,10,,On-System / On-System,79010000,1205,LPI-00832,1,0.004,0,0.014,BEVILLE RD,On Corridor,453490-1,1,76,0.01,100,0.6,14.7,Verified Match,453490-1,1
88304,182646,79001000,URBAN GENERAL,DAYTONA BEACH-PORT ORANGE,URBAN PRIN ART OTHER,DIVIDED,US    1,SR    5,5,VOLUSIA,30000,4,40,1,LPI,Implement a Leading Pedestrian Interval (LPI),,LPI-00832,Potential Location,0.870000005,1,5408.8083328125,,,,,,,,,,,,,5408.8083328125,,5,79,79000112 = .004|79001000 = 4.189|79010000 = 30.64,BEVILLE RD|S RIDGEWOOD AVE,34775,79010000,79001000,Y,-81.00855362,29.18372723,10,,On-System / On-System,79010000,1205,LPI-00832,2,4.189,4.179,4.199,S RIDGEWOOD AVE,On Corridor,453490-1,1,90,0.02,100,0.3,1.1,Verified Match,453490-1,1
88304,182646,79010000,URBAN GENERAL,DAYTONA BEACH-PORT ORANGE,URBAN PRIN ART OTHER,DIVIDED,US    1,SR    5,5,VOLUSIA,30000,4,40,1,LPI,Implement a Leading Pedestrian Interval (LPI),,LPI-00832,Potential Location,0.870000005,1,5408.8083328125,,,,,,,,,,,,,5408.8083328125,,5,79,79000112 = .004|79001000 = 4.189|79010000 = 30.64,BEVILLE RD|S RIDGEWOOD AVE,34775,79010000,79001000,Y,-81.00855362,29.18372723,10,,On-System / On-System,79010000,1205,LPI-00832,3,30.64,30.63,30.650000000000002,,On Corridor,450782-1,2,106,0.02,100,0.6,0.6,Verified Match,450782-1,2
88686,177740,79010000,SUBURBAN COMMERCIAL,DAYTONA BEACH-PORT ORANGE,URBAN PRIN ART OTHER,DIVIDED,US    1,SR    5,5,VOLUSIA,27500,4,45,1,LPI,Implement a Leading Pedestrian Interval (LPI),,LPI-02023,Potential Location,0.870000005,1,5408.8083328125,,,,,,,,,,,,,5408.8083328125,,5,79,79010000 = 24.96|79190000 = .047|79A08757 = 0,PALM AVE|S NOVA RD|S RIDGEWOOD AVE,28700,79010000,79190000,Y,-80.97309554,29.10790402,10,,On-System / On-System,79010000,1206,LPI-02023,1,24.96,24.95,24.970000000000002,PALM AVE,Off Corridor,,0,0,0,0,89.4,134.2,No Match - Angle Mismatch,,0
88686,177740,79190000,SUBURBAN COMMERCIAL,DAYTONA BEACH-PORT ORANGE,URBAN PRIN ART OTHER,DIVIDED,US    1,SR    5,5,VOLUSIA,27500,4,45,1,LPI,Implement a Leading Pedestrian Interval (LPI),,LPI-02023,Potential Location,0.870000005,1,5408.8083328125,,,,,,,,,,,,,5408.8083328125,,5,79,79010000 = 24.96|79190000 = .047|79A08757 = 0,PALM AVE|S NOVA RD|S RIDGEWOOD AVE,28700,79010000,79190000,Y,-80.97309554,29.10790402,10,,On-System / On-System,79010000,1206,LPI-02023,2,0.047,0.037,0.057,S NOVA RD,On Corridor,450643-1,1,106,0.02,100,1.3,0.8,Verified Match,450643-1,1
88908,167799,75011000,SUBURBAN COMMERCIAL,ORLANDO,URBAN PRIN ART OTHER,DIVIDED,US   17,SR   15,5,SEMINOLE,54000,6,45,1,LPI,Implement a Leading Pedestrian Interval (LPI),,LPI-02435,Potential Location,0.870000005,1,5408.8083328125,,,,,,,,,,,,,5408.8083328125,,5,75,75011000 = 1.915|75030000 = 8.512|75A02080 = 0|75A20542 = .01|77010000 = .06,E MAITLAND BLVD|MAYO AVE|MECHANIC ST|N ORLANDO AVE|US-17-92,62500,77010000,75011000,Y,,,10,,On-System / On-System,77010000,1207,LPI-02435,1,1.915,1.905,1.925,E MAITLAND BLVD,Off Corridor,,0,0,0,0,,,Unmatched,,0
88908,167799,75030000,SUBURBAN COMMERCIAL,ORLANDO,URBAN PRIN ART OTHER,DIVIDED,US   17,SR   15,5,SEMINOLE,54000,6,45,1,LPI,Implement a Leading Pedestrian Interval (LPI),,LPI-02435,Potential Location,0.870000005,1,5408.8083328125,,,,,,,,,,,,,5408.8083328125,,5,75,75011000 = 1.915|75030000 = 8.512|75A02080 = 0|75A20542 = .01|77010000 = .06,E MAITLAND BLVD|MAYO AVE|MECHANIC ST|N ORLANDO AVE|US-17-92,62500,77010000,75011000,Y,,,10,,On-System / On-System,77010000,1207,LPI-02435,2,8.512,8.502,8.522,MAYO AVE,On Corridor,452910-1,1,106,0.02,100,0.1,1.4,Verified Match,452910-1,1
88908,167799,77010000,SUBURBAN COMMERCIAL,ORLANDO,URBAN PRIN ART OTHER,DIVIDED,US   17,SR   15,5,SEMINOLE,54000,6,45,1,LPI,Implement a Leading Pedestrian Interval (LPI),,LPI-02435,Potential Location,0.870000005,1,5408.8083328125,,,,,,,,,,,,,5408.8083328125,,5,75,75011000 = 1.915|75030000 = 8.512|75A02080 = 0|75A20542 = .01|77010000 = .06,E MAITLAND BLVD|MAYO AVE|MECHANIC ST|N ORLANDO AVE|US-17-92,62500,77010000,75011000,Y,,,10,,On-System / On-System,77010000,1207,LPI-02435,5,0.06,0.049999999999999996,0.06999999999999999,US-17-92,Off Corridor,,0,0,0,0,0.9,282.2,No Match - Low Overlap,,0
90555,181524,79000062,URBAN GENERAL,DAYTONA BEACH-PORT ORANGE,URBAN PRIN ART OTHER,DIVIDED,,SR  A1A,5,VOLUSIA,18500,4,35,1,LPI,Implement a Leading Pedestrian Interval (LPI),,LPI-00826,Potential Location,0.870000005,1,5408.8083328125,,,,,,,,,,,,,5408.8083328125,,5,79,79000062 = .503|79080000 = 3.703|79A09930 = 0,N ATLANTIC AVE|SEAVIEW AVE,9425,79080000,79000062,Y,-81.02058975,29.25257001,10,,On-System / On-System,79080000,1208,LPI-00826,1,0.503,0.493,0.513,N ATLANTIC AVE,Off Corridor,,0,0,0,0,73.5,24.5,No Match - Angle Mismatch,,0
90555,181524,79080000,URBAN GENERAL,DAYTONA BEACH-PORT ORANGE,URBAN PRIN ART OTHER,DIVIDED,,SR  A1A,5,VOLUSIA,18500,4,35,1,LPI,Implement a Leading Pedestrian Interval (LPI),,LPI-00826,Potential Location,0.870000005,1,5408.8083328125,,,,,,,,,,,,,5408.8083328125,,5,79,79000062 = .503|79080000 = 3.703|79A09930 = 0,N ATLANTIC AVE|SEAVIEW AVE,9425,79080000,79000062,Y,-81.02058975,29.25257001,10,,On-System / On-System,79080000,1208,LPI-00826,2,3.703,3.693,3.7129999999999996,SEAVIEW AVE,On Corridor,442884-2,1,106,0.02,100,0.1,0.7,Verified Match,442884-2,1
90919,181513,79010000,URBAN GENERAL,DAYTONA BEACH-PORT ORANGE,URBAN PRIN ART OTHER,DIVIDED,US    1,SR    5,5,VOLUSIA,26500,4,40,1,LPI,Implement a Leading Pedestrian Interval (LPI),,LPI-01465,Potential Location,0.870000005,1,5408.8083328125,,,,,,,,,,,,,5408.8083328125,,5,79,79010000 = 18.34|79521000 = .004|79A04810 = .951,N DIXIE FWY|WASHINGTON ST,14950,79010000,79521000,Y,-80.92733563,29.02578476,10,,On-System / On-System,79010000,1209,LPI-01465,1,18.34,18.33,18.35,N DIXIE FWY,Off Corridor,,0,0,0,0,,,Unmatched,,0
90919,181513,79521000,URBAN GENERAL,DAYTONA BEACH-PORT ORANGE,URBAN PRIN ART OTHER,DIVIDED,US    1,SR    5,5,VOLUSIA,26500,4,40,1,LPI,Implement a Leading Pedestrian Interval (LPI),,LPI-01465,Potential Location,0.870000005,1,5408.8083328125,,,,,,,,,,,,,5408.8083328125,,5,79,79010000 = 18.34|79521000 = .004|79A04810 = .951,N DIXIE FWY|WASHINGTON ST,14950,79010000,79521000,Y,-80.92733563,29.02578476,10,,On-System / On-System,79010000,1209,LPI-01465,2,0.004,0,0.014,WASHINGTON ST,Off Corridor,,0,0,0,0,,,Unmatched,,0
108441,250315,92030000,URBAN GENERAL,KISSIMMEE,URBAN PRIN ART OTHER,DIVIDED,US  192,SR  500,5,OSCEOLA,48000,6,40,1,LPI,Implement a Leading Pedestrian Interval (LPI),,LPI-00205,Potential Location,0.870000005,1,5408.8083328125,,,,,,,,,,,,,5408.8083328125,,5,92,92030000 = 9.126|92A03217 = 0|92A08265 = .285,13TH ST|INDIANA AVE,17500,92030000,92A03217,N,,,10,,On-System / Off-System,92030000,1210,LPI-00205,1,9.126,9.116,9.136,13TH ST,Off Corridor,,0,0,0,0,,,Unmatched,,0
109107,249656,92030000,URBAN GENERAL,KISSIMMEE,URBAN PRIN ART OTHER,DIVIDED,US  192,SR  500,5,OSCEOLA,42000,6,40,1,LPI,Implement a Leading Pedestrian Interval (LPI),,LPI-02116,Potential Location,0.870000005,1,5408.8083328125,,,,,,,,,,,,,5408.8083328125,,5,92,92030000 = 8.986|92A00298 = .24|92A07543 = 0,13TH ST|FLORIDA AVE,37500,92030000,92A00298,N,,,10,,On-System / Off-System,92030000,1211,LPI-02116,1,8.986,8.976,8.996,13TH ST,Off Corridor,,0,0,0,0,,,Unmatched,,0
110887,254698,92000119,URBAN GENERAL,KISSIMMEE,URBAN PRIN ART OTHER,DIVIDED,US   17,SR  600,5,OSCEOLA,48500,6,40,1,LPI,Implement a Leading Pedestrian Interval (LPI),,LPI-00208,Potential Location,0.870000005,1,5408.8083328125,,,,,,,,,,,,,5408.8083328125,,5,92,92000119 = .502|92550002 = .374,MARTIN LUTHER KING BLVD|N JOHN YOUNG PKWY,21150,92550002,92000119,Y,-81.4160348,28.2972,10,,On-System / On-System,92550002,1212,LPI-00208,1,0.502,0.492,0.512,MARTIN LUTHER KING BLVD,Off Corridor,,0,0,0,0,,,Unmatched,,0
110887,254698,92550002,URBAN GENERAL,KISSIMMEE,URBAN PRIN ART OTHER,DIVIDED,US   17,SR  600,5,OSCEOLA,48500,6,40,1,LPI,Implement a Leading Pedestrian Interval (LPI),,LPI-00208,Potential Location,0.870000005,1,5408.8083328125,,,,,,,,,,,,,5408.8083328125,,5,92,92000119 = .502|92550002 = .374,MARTIN LUTHER KING BLVD|N JOHN YOUNG PKWY,21150,92550002,92000119,Y,-81.4160348,28.2972,10,,On-System / On-System,92550002,1212,LPI-00208,2,0.374,0.364,0.384,N JOHN YOUNG PKWY,Off Corridor,,0,0,0,0,,,Unmatched,,0
115405,252259,92000044,URBAN GENERAL,KISSIMMEE,URBAN PRIN ART OTHER,DIVIDED,US   17,SR  500,5,OSCEOLA,33500,4,40,1,LPI,Implement a Leading Pedestrian Interval (LPI),,LPI-00249,Potential Location,0.870000005,1,5408.8083328125,,,,,,,,,,,,,5408.8083328125,,5,92,92000044 = 2.574|92010000 = 12.053,N MAIN ST|W COLUMBIA AVE,23800,92010000,92000044,Y,-81.40374,28.30878,10,,On-System / On-System,92010000,1213,LPI-00249,1,2.574,2.564,2.5839999999999996,N MAIN ST,Off Corridor,,0,0,0,0,,,Unmatched,,0
115405,252259,92010000,URBAN GENERAL,KISSIMMEE,URBAN PRIN ART OTHER,DIVIDED,US   17,SR  500,5,OSCEOLA,33500,4,40,1,LPI,Implement a Leading Pedestrian Interval (LPI),,LPI-00249,Potential Location,0.870000005,1,5408.8083328125,,,,,,,,,,,,,5408.8083328125,,5,92,92000044 = 2.574|92010000 = 12.053,N MAIN ST|W COLUMBIA AVE,23800,92010000,92000044,Y,-81.40374,28.30878,10,,On-System / On-System,92010000,1213,LPI-00249,2,12.053,12.043000000000001,12.063,W COLUMBIA AVE,Off Corridor,,0,0,0,0,,,Unmatched,,0
91012,219209,87002000,URBAN GENERAL,MIAMI,URBAN PRIN ART OTHER,DIVIDED,,SR  823,6,MIAMI-DADE,41000,6,45,1,LPI,Implement a Leading Pedestrian Interval (LPI),,LPI-00404,Potential Location,0.870000005,1,5408.8083328125,,,,,,,,,,,,,5408.8083328125,,6,87,87002000 = 4.103,W 4TH AVE,17750,87002000,87A25925,N,,,10,,On-System / Off-System,87002000,1214,LPI-00404,1,4.103,4.093,4.1129999999999995,W 4TH AVE,Off Corridor,,0,0,0,0,,,Unmatched,,0
91096,219347,87000009,SUBURBAN COMMERCIAL,MIAMI,URBAN PRIN ART OTHER,DIVIDED,US    1,SR    5,6,MIAMI-DADE,30000,6,45,1,LPI,Implement a Leading Pedestrian Interval (LPI),,LPI-01415,Potential Location,0.870000005,1,5408.8083328125,,,,,,,,,,,,,5408.8083328125,,6,87,87000009 = .005|87020000 = .865|87160000 = 8.74,E PALM DR|S DIXIE HWY|SW 344TH ST,47500,87020000,87160000,Y,-80.47511053,25.4479,10,,On-System / On-System,87020000,1215,LPI-01415,1,0.005,0,0.015,E PALM DR,On Corridor,449447-1,1,79,0.01,100,3.5,15.3,Verified Match,449447-1,1
91096,219347,87020000,SUBURBAN COMMERCIAL,MIAMI,URBAN PRIN ART OTHER,DIVIDED,US    1,SR    5,6,MIAMI-DADE,30000,6,45,1,LPI,Implement a Leading Pedestrian Interval (LPI),,LPI-01415,Potential Location,0.870000005,1,5408.8083328125,,,,,,,,,,,,,5408.8083328125,,6,87,87000009 = .005|87020000 = .865|87160000 = 8.74,E PALM DR|S DIXIE HWY|SW 344TH ST,47500,87020000,87160000,Y,-80.47511053,25.4479,10,,On-System / On-System,87020000,1215,LPI-01415,2,0.865,0.855,0.875,S DIXIE HWY,On Corridor,452112-1,3,106,0.02,100,0.4,0.1,Verified Match,452112-1,3
91096,219347,87160000,SUBURBAN COMMERCIAL,MIAMI,URBAN PRIN ART OTHER,DIVIDED,US    1,SR    5,6,MIAMI-DADE,30000,6,45,1,LPI,Implement a Leading Pedestrian Interval (LPI),,LPI-01415,Potential Location,0.870000005,1,5408.8083328125,,,,,,,,,,,,,5408.8083328125,,6,87,87000009 = .005|87020000 = .865|87160000 = 8.74,E PALM DR|S DIXIE HWY|SW 344TH ST,47500,87020000,87160000,Y,-80.47511053,25.4479,10,,On-System / On-System,87020000,1215,LPI-01415,3,8.74,8.73,8.75,SW 344TH ST,On Corridor,449447-1,1,79,0.01,100,1.9,0.1,Verified Match,449447-1,1
91329,223357,87000223,URBAN GENERAL,MIAMI,URBAN MINOR ART,NOT DIVIDED,,SR  922,6,MIAMI-DADE,32500,4,35,1,LPI,Implement a Leading Pedestrian Interval (LPI),,LPI-01643,Potential Location,0.870000005,1,5408.8083328125,,,,,,,,,,,,,5408.8083328125,,6,87,87000223 = 1.998|87066000 = 1.14|87A12186 = 0,GRIFFING BLVD|NE 125TH ST|NE 3RD AVE,19475,87066000,87000223,Y,-80.19253473,25.88999503,10,,On-System / On-System,87066000,1216,LPI-01643,1,1.998,1.988,2.008,GRIFFING BLVD,Off Corridor,,0,0,0,0,,,Unmatched,,0
91329,223357,87066000,URBAN GENERAL,MIAMI,URBAN MINOR ART,NOT DIVIDED,,SR  922,6,MIAMI-DADE,32500,4,35,1,LPI,Implement a Leading Pedestrian Interval (LPI),,LPI-01643,Potential Location,0.870000005,1,5408.8083328125,,,,,,,,,,,,,5408.8083328125,,6,87,87000223 = 1.998|87066000 = 1.14|87A12186 = 0,GRIFFING BLVD|NE 125TH ST|NE 3RD AVE,19475,87066000,87000223,Y,-80.19253473,25.88999503,10,,On-System / On-System,87066000,1216,LPI-01643,2,1.14,1.13,1.15,NE 125TH ST,Off Corridor,,0,0,0,0,,,Unmatched,,0
91529,219619,87020000,URBAN GENERAL,MIAMI,URBAN PRIN ART OTHER,DIVIDED,US    1,SR    5,6,MIAMI-DADE,79000,5,45,1,LPI,Implement a Leading Pedestrian Interval (LPI),,LPI-02578,Potential Location,0.870000005,1,5408.8083328125,,,,,,,,,,,,,5408.8083328125,,6,87,87020000 = 20.038|87030000 = .002|87A21182 = .377,S DIXIE HWY|SW 98TH ST,67500,87020000,87030000,Y,-80.31706542,25.67948,10,,On-System / On-System,87020000,1217,LPI-02578,1,20.038,20.028,20.048000000000002,S DIXIE HWY,On Corridor,443908-1,1,74,0.01,100,0.6,0.2,Verified Parallel Fallback,443908-1,1
91529,219619,87030000,URBAN GENERAL,MIAMI,URBAN PRIN ART OTHER,DIVIDED,US    1,SR    5,6,MIAMI-DADE,79000,5,45,1,LPI,Implement a Leading Pedestrian Interval (LPI),,LPI-02578,Potential Location,0.870000005,1,5408.8083328125,,,,,,,,,,,,,5408.8083328125,,6,87,87020000 = 20.038|87030000 = .002|87A21182 = .377,S DIXIE HWY|SW 98TH ST,67500,87020000,87030000,Y,-80.31706542,25.67948,10,,On-System / On-System,87020000,1217,LPI-02578,2,0.002,0,0.012,SW 98TH ST,On Corridor,443908-1,1,63,0.01,100,0,0.2,Verified Parallel Fallback,443908-1,1
91539,225253,87000400,URBAN GENERAL,MIAMI,URBAN MINOR ART,DIVIDED,,SR  959,6,MIAMI-DADE,14100,2,35,1,LPI,Implement a Leading Pedestrian Interval (LPI),,LPI-00652,Potential Location,0.870000005,1,5408.8083328125,,,,,,,,,,,,,5408.8083328125,,6,87,87000400 = 0|87062000 = 2.776|87A27823 = .246|87A28059 = .51,DEVONSHIRE BLVD|RED RD|SEVILLA AVE|SW 28TH ST,8125,87062000,87000400,Y,-80.28709498,25.74469975,10,,On-System / On-System,87062000,1218,LPI-00652,1,0,0,0.01,DEVONSHIRE BLVD,Off Corridor,,0,0,0,0,,,Unmatched,,0
91539,225253,87062000,URBAN GENERAL,MIAMI,URBAN MINOR ART,DIVIDED,,SR  959,6,MIAMI-DADE,14100,2,35,1,LPI,Implement a Leading Pedestrian Interval (LPI),,LPI-00652,Potential Location,0.870000005,1,5408.8083328125,,,,,,,,,,,,,5408.8083328125,,6,87,87000400 = 0|87062000 = 2.776|87A27823 = .246|87A28059 = .51,DEVONSHIRE BLVD|RED RD|SEVILLA AVE|SW 28TH ST,8125,87062000,87000400,Y,-80.28709498,25.74469975,10,,On-System / On-System,87062000,1218,LPI-00652,2,2.776,2.766,2.7859999999999996,RED RD,Off Corridor,,0,0,0,0,,,Unmatched,,0
91587,225261,87000346,URBAN GENERAL,MIAMI,URBAN PRIN ART OTHER,DIVIDED,,SR  973,6,MIAMI-DADE,27500,4,40,1,LPI,Implement a Leading Pedestrian Interval (LPI),,LPI-01669,Potential Location,0.870000005,1,5408.8083328125,,,,,,,,,,,,,5408.8083328125,,6,87,87000346 = 2.019|87047000 = 7.537,SW 16TH ST|SW 87TH AVE,17900,87047000,87000346,Y,-80.33591982,25.75491,10,,On-System / On-System,87047000,1219,LPI-01669,1,2.019,2.0090000000000003,2.029,SW 16TH ST,Off Corridor,,0,0,0,0,,,Unmatched,,0
91587,225261,87047000,URBAN GENERAL,MIAMI,URBAN PRIN ART OTHER,DIVIDED,,SR  973,6,MIAMI-DADE,27500,4,40,1,LPI,Implement a Leading Pedestrian Interval (LPI),,LPI-01669,Potential Location,0.870000005,1,5408.8083328125,,,,,,,,,,,,,5408.8083328125,,6,87,87000346 = 2.019|87047000 = 7.537,SW 16TH ST|SW 87TH AVE,17900,87047000,87000346,Y,-80.33591982,25.75491,10,,On-System / On-System,87047000,1219,LPI-01669,2,7.537,7.527,7.547,SW 87TH AVE,Off Corridor,,0,0,0,0,,,Unmatched,,0
91655,218835,87000054,URBAN GENERAL,MIAMI,URBAN PRIN ART OTHER,DIVIDED,US    1,SR    5,6,MIAMI-DADE,37500,4,45,1,LPI,Implement a Leading Pedestrian Interval (LPI),,LPI-02576,Potential Location,0.870000005,1,5408.8083328125,,,,,,,,,,,,,5408.8083328125,,6,87,87000054 = .005|87020000 = 11.653|87077500 = .005,S DIXIE HWY|SW 211TH ST,33350,87020000,87000054,Y,-80.37628875,25.57176273,10,,On-System / On-System,87020000,1220,LPI-02576,1,0.005,0,0.015,S DIXIE HWY,Off Corridor,,0,0,0,0,,,Unmatched,,0
91655,218835,87020000,URBAN GENERAL,MIAMI,URBAN PRIN ART OTHER,DIVIDED,US    1,SR    5,6,MIAMI-DADE,37500,4,45,1,LPI,Implement a Leading Pedestrian Interval (LPI),,LPI-02576,Potential Location,0.870000005,1,5408.8083328125,,,,,,,,,,,,,5408.8083328125,,6,87,87000054 = .005|87020000 = 11.653|87077500 = .005,S DIXIE HWY|SW 211TH ST,33350,87020000,87000054,Y,-80.37628875,25.57176273,10,,On-System / On-System,87020000,1220,LPI-02576,2,11.653,11.643,11.663,SW 211TH ST,Off Corridor,,0,0,0,0,,,Unmatched,,0
91655,218835,87077500,URBAN GENERAL,MIAMI,URBAN PRIN ART OTHER,DIVIDED,US    1,SR    5,6,MIAMI-DADE,37500,4,45,1,LPI,Implement a Leading Pedestrian Interval (LPI),,LPI-02576,Potential Location,0.870000005,1,5408.8083328125,,,,,,,,,,,,,5408.8083328125,,6,87,87000054 = .005|87020000 = 11.653|87077500 = .005,S DIXIE HWY|SW 211TH ST,33350,87020000,87000054,Y,-80.37628875,25.57176273,10,,On-System / On-System,87020000,1220,LPI-02576,3,0.005,0,0.015,,Off Corridor,,0,0,0,0,,,Unmatched,,0
92314,221779,87000239,URBAN GENERAL,MIAMI,URBAN PRIN ART OTHER,DIVIDED,,SR  823,6,MIAMI-DADE,41000,6,45,1,LPI,Implement a Leading Pedestrian Interval (LPI),,LPI-01261,Potential Location,0.870000005,1,5408.8083328125,,,,,,,,,,,,,5408.8083328125,,6,87,87000239 = .509|87002000 = 3.761,RED RD|W 4TH AVE|W 68TH ST,27200,87002000,87000239,Y,-80.29133998,25.88437,10,,On-System / On-System,87002000,1221,LPI-01261,1,0.509,0.499,0.519,RED RD,Off Corridor,,0,0,0,0,,,Unmatched,,0
92314,221779,87002000,URBAN GENERAL,MIAMI,URBAN PRIN ART OTHER,DIVIDED,,SR  823,6,MIAMI-DADE,41000,6,45,1,LPI,Implement a Leading Pedestrian Interval (LPI),,LPI-01261,Potential Location,0.870000005,1,5408.8083328125,,,,,,,,,,,,,5408.8083328125,,6,87,87000239 = .509|87002000 = 3.761,RED RD|W 4TH AVE|W 68TH ST,27200,87002000,87000239,Y,-80.29133998,25.88437,10,,On-System / On-System,87002000,1221,LPI-01261,2,3.761,3.7510000000000003,3.771,W 4TH AVE,Off Corridor,,0,0,0,0,,,Unmatched,,0
92609,222720,87000326,URBAN GENERAL,MIAMI,URBAN PRIN ART OTHER,DIVIDED,,SR  823,6,MIAMI-DADE,34500,6,45,1,LPI,Implement a Leading Pedestrian Interval (LPI),,LPI-01256,Potential Location,0.870000005,1,5408.8083328125,,,,,,,,,,,,,5408.8083328125,,6,87,87000326 = 1.509|87002000 = 1.259,W 29TH ST|W 4TH AVE,41050,87002000,87000326,Y,-80.29021061,25.84802496,10,,On-System / On-System,87002000,1222,LPI-01256,1,1.509,1.4989999999999999,1.519,W 29TH ST,Off Corridor,,0,0,0,0,,,Unmatched,,0
92609,222720,87002000,URBAN GENERAL,MIAMI,URBAN PRIN ART OTHER,DIVIDED,,SR  823,6,MIAMI-DADE,34500,6,45,1,LPI,Implement a Leading Pedestrian Interval (LPI),,LPI-01256,Potential Location,0.870000005,1,5408.8083328125,,,,,,,,,,,,,5408.8083328125,,6,87,87000326 = 1.509|87002000 = 1.259,W 29TH ST|W 4TH AVE,41050,87002000,87000326,Y,-80.29021061,25.84802496,10,,On-System / On-System,87002000,1222,LPI-01256,2,1.259,1.2489999999999999,1.269,W 4TH AVE,Off Corridor,,0,0,0,0,,,Unmatched,,0
92613,222774,87000068,URBAN GENERAL,MIAMI,URBAN PRIN ART OTHER,1WAY,US    1,SR    5,6,MIAMI-DADE,26500,3,45,1,LPI,Implement a Leading Pedestrian Interval (LPI),,LPI-00112,Potential Location,0.870000005,1,5408.8083328125,,,,,,,,,,,,,5408.8083328125,,6,87,87000068 = .036|87020000 = 15.166|87020001 = .118|87042500 = 2.2,S DIXIE HWY|SW 168TH ST|US-1,34200,87020000,87020001,Y,-80.34686296,25.6139699,10,,On-System / On-System,87020000,1223,LPI-00112,1,0.036,0.025999999999999995,0.046,S DIXIE HWY,Off Corridor,,0,0,0,0,,,Unmatched,,0
92613,222774,87020000,URBAN GENERAL,MIAMI,URBAN PRIN ART OTHER,1WAY,US    1,SR    5,6,MIAMI-DADE,26500,3,45,1,LPI,Implement a Leading Pedestrian Interval (LPI),,LPI-00112,Potential Location,0.870000005,1,5408.8083328125,,,,,,,,,,,,,5408.8083328125,,6,87,87000068 = .036|87020000 = 15.166|87020001 = .118|87042500 = 2.2,S DIXIE HWY|SW 168TH ST|US-1,34200,87020000,87020001,Y,-80.34686296,25.6139699,10,,On-System / On-System,87020000,1223,LPI-00112,2,15.166,15.156,15.176,SW 168TH ST,Off Corridor,,0,0,0,0,,,Unmatched,,0
92613,222774,87020001,URBAN GENERAL,MIAMI,URBAN PRIN ART OTHER,1WAY,US    1,SR    5,6,MIAMI-DADE,26500,3,45,1,LPI,Implement a Leading Pedestrian Interval (LPI),,LPI-00112,Potential Location,0.870000005,1,5408.8083328125,,,,,,,,,,,,,5408.8083328125,,6,87,87000068 = .036|87020000 = 15.166|87020001 = .118|87042500 = 2.2,S DIXIE HWY|SW 168TH ST|US-1,34200,87020000,87020001,Y,-80.34686296,25.6139699,10,,On-System / On-System,87020000,1223,LPI-00112,3,0.118,0.108,0.128,US-1,Off Corridor,,0,0,0,0,,,Unmatched,,0
92613,222774,87042500,URBAN GENERAL,MIAMI,URBAN PRIN ART OTHER,1WAY,US    1,SR    5,6,MIAMI-DADE,26500,3,45,1,LPI,Implement a Leading Pedestrian Interval (LPI),,LPI-00112,Potential Location,0.870000005,1,5408.8083328125,,,,,,,,,,,,,5408.8083328125,,6,87,87000068 = .036|87020000 = 15.166|87020001 = .118|87042500 = 2.2,S DIXIE HWY|SW 168TH ST|US-1,34200,87020000,87020001,Y,-80.34686296,25.6139699,10,,On-System / On-System,87020000,1223,LPI-00112,4,2.2,2.1900000000000004,2.21,,Off Corridor,,0,0,0,0,,,Unmatched,,0
92659,226257,87000104,URBAN GENERAL,MIAMI,URBAN MINOR ART,DIVIDED,,SR  959,6,MIAMI-DADE,26000,2,35,1,LPI,Implement a Leading Pedestrian Interval (LPI),,LPI-01343,Potential Location,0.870000005,1,5408.8083328125,,,,,,,,,,,,,5408.8083328125,,6,87,87000104 = 1.522|87062000 = .5|87A19941 = 0,BRESCIA AVE|SW 57TH AVE|SW 64TH ST,22450,87062000,87000104,Y,-80.28567067,25.71169997,10,,On-System / On-System,87062000,1224,LPI-01343,1,1.522,1.512,1.532,BRESCIA AVE,Off Corridor,,0,0,0,0,,,Unmatched,,0
92659,226257,87062000,URBAN GENERAL,MIAMI,URBAN MINOR ART,DIVIDED,,SR  959,6,MIAMI-DADE,26000,2,35,1,LPI,Implement a Leading Pedestrian Interval (LPI),,LPI-01343,Potential Location,0.870000005,1,5408.8083328125,,,,,,,,,,,,,5408.8083328125,,6,87,87000104 = 1.522|87062000 = .5|87A19941 = 0,BRESCIA AVE|SW 57TH AVE|SW 64TH ST,22450,87062000,87000104,Y,-80.28567067,25.71169997,10,,On-System / On-System,87062000,1224,LPI-01343,2,0.5,0.49,0.51,SW 57TH AVE,Off Corridor,,0,0,0,0,,,Unmatched,,0
92688,226363,87000220,URBAN GENERAL,MIAMI,URBAN MINOR ART,DIVIDED,,SR  922,6,MIAMI-DADE,29000,4,35,1,LPI,Implement a Leading Pedestrian Interval (LPI),,LPI-01691,Potential Location,0.870000005,1,5408.8083328125,,,,,,,,,,,,,5408.8083328125,,6,87,87000220 = .47|87066000 = 2.8,NE 123RD ST|NE 16TH AVE,18700,87066000,87000220,Y,-80.16625001,25.88929039,10,,On-System / On-System,87066000,1225,LPI-01691,1,0.47,0.45999999999999996,0.48,NE 123RD ST,Off Corridor,,0,0,0,0,,,Unmatched,,0
92688,226363,87066000,URBAN GENERAL,MIAMI,URBAN MINOR ART,DIVIDED,,SR  922,6,MIAMI-DADE,29000,4,35,1,LPI,Implement a Leading Pedestrian Interval (LPI),,LPI-01691,Potential Location,0.870000005,1,5408.8083328125,,,,,,,,,,,,,5408.8083328125,,6,87,87000220 = .47|87066000 = 2.8,NE 123RD ST|NE 16TH AVE,18700,87066000,87000220,Y,-80.16625001,25.88929039,10,,On-System / On-System,87066000,1225,LPI-01691,2,2.8,2.79,2.8099999999999996,NE 16TH AVE,Off Corridor,,0,0,0,0,,,Unmatched,,0
92689,224258,87000473,URBAN GENERAL,MIAMI,URBAN MINOR ART,DIVIDED,,SR  959,6,MIAMI-DADE,16100,2,35,1,LPI,Implement a Leading Pedestrian Interval (LPI),,LPI-00627,Potential Location,0.870000005,1,5408.8083328125,,,,,,,,,,,,,5408.8083328125,,6,87,87000473 = 0|87045500 = 1.976|87062000 = 1,RED RD|SW 56TH ST,15400,87062000,87045500,Y,-80.28593916,25.71895004,10,,On-System / On-System,87062000,1226,LPI-00627,1,0,0,0.01,RED RD,Off Corridor,,0,0,0,0,,,Unmatched,,0
92689,224258,87045500,URBAN GENERAL,MIAMI,URBAN MINOR ART,DIVIDED,,SR  959,6,MIAMI-DADE,16100,2,35,1,LPI,Implement a Leading Pedestrian Interval (LPI),,LPI-00627,Potential Location,0.870000005,1,5408.8083328125,,,,,,,,,,,,,5408.8083328125,,6,87,87000473 = 0|87045500 = 1.976|87062000 = 1,RED RD|SW 56TH ST,15400,87062000,87045500,Y,-80.28593916,25.71895004,10,,On-System / On-System,87062000,1226,LPI-00627,2,1.976,1.966,1.986,SW 56TH ST,Off Corridor,,0,0,0,0,,,Unmatched,,0
92689,224258,87062000,URBAN GENERAL,MIAMI,URBAN MINOR ART,DIVIDED,,SR  959,6,MIAMI-DADE,16100,2,35,1,LPI,Implement a Leading Pedestrian Interval (LPI),,LPI-00627,Potential Location,0.870000005,1,5408.8083328125,,,,,,,,,,,,,5408.8083328125,,6,87,87000473 = 0|87045500 = 1.976|87062000 = 1,RED RD|SW 56TH ST,15400,87062000,87045500,Y,-80.28593916,25.71895004,10,,On-System / On-System,87062000,1226,LPI-00627,3,1,0.99,1.01,,Off Corridor,,0,0,0,0,,,Unmatched,,0
93110,220644,87020000,URBAN GENERAL,MIAMI,URBAN PRIN ART OTHER,DIVIDED,US    1,SR    5,6,MIAMI-DADE,37500,4,45,1,LPI,Implement a Leading Pedestrian Interval (LPI),,LPI-00416,Potential Location,0.870000005,1,5408.8083328125,,,,,,,,,,,,,5408.8083328125,,6,87,87020000 = 10.467|87A00032 = .009|87A24715 = .323,S DIXIE HWY|SW 224TH ST,19000,87020000,87A00032,Y,-80.38893446,25.55881842,10,,On-System / Off-System,87020000,1227,LPI-00416,1,10.467,10.457,10.477,S DIXIE HWY,Off Corridor,,0,0,0,0,,,Unmatched,,0
93123,220644,87000062,URBAN GENERAL,MIAMI,URBAN PRIN ART OTHER,DIVIDED,US    1,SR    5,6,MIAMI-DADE,37500,4,45,1,LPI,Implement a Leading Pedestrian Interval (LPI),,LPI-00414,Potential Location,0.870000005,1,5408.8083328125,,,,,,,,,,,,,5408.8083328125,,6,87,87000062 = .955|87020000 = 11.153|87A24643 = .2,S DIXIE HWY|SW 117TH CT|SW 216TH ST,31050,87020000,87000062,Y,-80.38154515,25.56628,10,,On-System / On-System,87020000,1228,LPI-00414,1,0.955,0.945,0.965,S DIXIE HWY,Off Corridor,,0,0,0,0,,,Unmatched,,0
93123,220644,87020000,URBAN GENERAL,MIAMI,URBAN PRIN ART OTHER,DIVIDED,US    1,SR    5,6,MIAMI-DADE,37500,4,45,1,LPI,Implement a Leading Pedestrian Interval (LPI),,LPI-00414,Potential Location,0.870000005,1,5408.8083328125,,,,,,,,,,,,,5408.8083328125,,6,87,87000062 = .955|87020000 = 11.153|87A24643 = .2,S DIXIE HWY|SW 117TH CT|SW 216TH ST,31050,87020000,87000062,Y,-80.38154515,25.56628,10,,On-System / On-System,87020000,1228,LPI-00414,2,11.153,11.143,11.163,SW 117TH CT,Off Corridor,,0,0,0,0,,,Unmatched,,0
93126,225370,87000423,URBAN GENERAL,MIAMI,URBAN MINOR ART,DIVIDED,,SR  959,6,MIAMI-DADE,20000,2,35,1,LPI,Implement a Leading Pedestrian Interval (LPI),,LPI-01673,Potential Location,0.870000005,1,5408.8083328125,,,,,,,,,,,,,5408.8083328125,,6,87,87000423 = .999|87062000 = 3.574,RED RD|SW 16TH ST,13650,87062000,87000423,Y,-80.2876463,25.75626905,10,,On-System / On-System,87062000,1229,LPI-01673,1,0.999,0.989,1.009,RED RD,Off Corridor,,0,0,0,0,,,Unmatched,,0
93126,225370,87062000,URBAN GENERAL,MIAMI,URBAN MINOR ART,DIVIDED,,SR  959,6,MIAMI-DADE,20000,2,35,1,LPI,Implement a Leading Pedestrian Interval (LPI),,LPI-01673,Potential Location,0.870000005,1,5408.8083328125,,,,,,,,,,,,,5408.8083328125,,6,87,87000423 = .999|87062000 = 3.574,RED RD|SW 16TH ST,13650,87062000,87000423,Y,-80.2876463,25.75626905,10,,On-System / On-System,87062000,1229,LPI-01673,2,3.574,3.564,3.5839999999999996,SW 16TH ST,Off Corridor,,0,0,0,0,,,Unmatched,,0
93182,220644,87020000,URBAN GENERAL,MIAMI,URBAN PRIN ART OTHER,DIVIDED,US    1,SR    5,6,MIAMI-DADE,37500,4,45,1,LPI,Implement a Leading Pedestrian Interval (LPI),,LPI-00415,Potential Location,0.870000005,1,5408.8083328125,,,,,,,,,,,,,5408.8083328125,,6,87,87020000 = 10.814|87067507 = .027|87A24690 = .455,S DIXIE HWY|SW 220TH ST,21050,87020000,87067507,Y,-80.38530335,25.56254014,10,,On-System / On-System,87020000,1230,LPI-00415,1,10.814,10.804,10.824,S DIXIE HWY,Off Corridor,,0,0,0,0,,,Unmatched,,0
93182,220644,87067507,URBAN GENERAL,MIAMI,URBAN PRIN ART OTHER,DIVIDED,US    1,SR    5,6,MIAMI-DADE,37500,4,45,1,LPI,Implement a Leading Pedestrian Interval (LPI),,LPI-00415,Potential Location,0.870000005,1,5408.8083328125,,,,,,,,,,,,,5408.8083328125,,6,87,87020000 = 10.814|87067507 = .027|87A24690 = .455,S DIXIE HWY|SW 220TH ST,21050,87020000,87067507,Y,-80.38530335,25.56254014,10,,On-System / On-System,87020000,1230,LPI-00415,2,0.027,0.017,0.037,SW 220TH ST,Off Corridor,,0,0,0,0,,,Unmatched,,0
93200,226052,87000105,URBAN GENERAL,MIAMI,URBAN PRIN ART OTHER,DIVIDED,,SR  973,6,MIAMI-DADE,22500,4,40,1,LPI,Implement a Leading Pedestrian Interval (LPI),,LPI-01576,Potential Location,0.870000005,1,5408.8083328125,,,,,,,,,,,,,5408.8083328125,,6,87,87000105 = 2.017|87047000 = 5.409,SW 48TH ST|SW 87TH AVE,13600,87047000,87000105,Y,-80.33529104,25.72403491,10,,On-System / On-System,87047000,1231,LPI-01576,1,2.017,2.007,2.0269999999999997,SW 48TH ST,Off Corridor,,0,0,0,0,,,Unmatched,,0
93200,226052,87047000,URBAN GENERAL,MIAMI,URBAN PRIN ART OTHER,DIVIDED,,SR  973,6,MIAMI-DADE,22500,4,40,1,LPI,Implement a Leading Pedestrian Interval (LPI),,LPI-01576,Potential Location,0.870000005,1,5408.8083328125,,,,,,,,,,,,,5408.8083328125,,6,87,87000105 = 2.017|87047000 = 5.409,SW 48TH ST|SW 87TH AVE,13600,87047000,87000105,Y,-80.33529104,25.72403491,10,,On-System / On-System,87047000,1231,LPI-01576,2,5.409,5.399,5.419,SW 87TH AVE,Off Corridor,,0,0,0,0,,,Unmatched,,0
93448,222270,87000301,URBAN GENERAL,MIAMI,URBAN PRIN ART OTHER,DIVIDED,US    1,SR    5,6,MIAMI-DADE,37500,4,45,1,LPI,Implement a Leading Pedestrian Interval (LPI),,LPI-01254,Potential Location,0.870000005,1,5408.8083328125,,,,,,,,,,,,,5408.8083328125,,6,87,87000301 = 1.029|87020000 = 9.741|87A24837 = 1.489,S DIXIE HWY|SW 127TH AVE|SW 232ND ST,22550,87020000,87000301,Y,-80.39671225,25.55096989,10,,On-System / On-System,87020000,1232,LPI-01254,1,1.029,1.019,1.039,S DIXIE HWY,Off Corridor,,0,0,0,0,,,Unmatched,,0
93448,222270,87020000,URBAN GENERAL,MIAMI,URBAN PRIN ART OTHER,DIVIDED,US    1,SR    5,6,MIAMI-DADE,37500,4,45,1,LPI,Implement a Leading Pedestrian Interval (LPI),,LPI-01254,Potential Location,0.870000005,1,5408.8083328125,,,,,,,,,,,,,5408.8083328125,,6,87,87000301 = 1.029|87020000 = 9.741|87A24837 = 1.489,S DIXIE HWY|SW 127TH AVE|SW 232ND ST,22550,87020000,87000301,Y,-80.39671225,25.55096989,10,,On-System / On-System,87020000,1232,LPI-01254,2,9.741,9.731,9.751,SW 127TH AVE,Off Corridor,,0,0,0,0,,,Unmatched,,0
93726,225488,87000222,URBAN GENERAL,MIAMI,URBAN MINOR ART,DIVIDED,,SR  922,6,MIAMI-DADE,29000,4,35,1,LPI,Implement a Leading Pedestrian Interval (LPI),,LPI-01677,Potential Location,0.870000005,1,5408.8083328125,,,,,,,,,,,,,5408.8083328125,,6,87,87000222 = 0|87066000 = 2.019|87A12236 = 1.169,NE 10TH AVE|NE 125TH ST,17450,87066000,87000222,Y,-80.17839995,25.89060911,10,,On-System / On-System,87066000,1233,LPI-01677,1,0,0,0.01,NE 10TH AVE,Off Corridor,,0,0,0,0,,,Unmatched,,0
93726,225488,87066000,URBAN GENERAL,MIAMI,URBAN MINOR ART,DIVIDED,,SR  922,6,MIAMI-DADE,29000,4,35,1,LPI,Implement a Leading Pedestrian Interval (LPI),,LPI-01677,Potential Location,0.870000005,1,5408.8083328125,,,,,,,,,,,,,5408.8083328125,,6,87,87000222 = 0|87066000 = 2.019|87A12236 = 1.169,NE 10TH AVE|NE 125TH ST,17450,87066000,87000222,Y,-80.17839995,25.89060911,10,,On-System / On-System,87066000,1233,LPI-01677,2,2.019,2.0090000000000003,2.029,NE 125TH ST,Off Corridor,,0,0,0,0,,,Unmatched,,0
93854,220469,87020000,URBAN GENERAL,MIAMI,URBAN PRIN ART OTHER,1WAY,US    1,SR    5,6,MIAMI-DADE,26500,3,45,1,LPI,Implement a Leading Pedestrian Interval (LPI),,LPI-01389,Potential Location,0.870000005,1,5408.8083328125,,,,,,,,,,,,,5408.8083328125,,6,87,87020000 = 14.612|87092500 = 2.151|87A00529 = .172,E EVERGREEN ST|FRANJO RD|SW 97TH AVE|US-1,20050,87020000,87092500,Y,-80.34860346,25.60621927,10,,On-System / On-System,87020000,1234,LPI-01389,1,14.612,14.602,14.622,E EVERGREEN ST,Off Corridor,,0,0,0,0,,,Unmatched,,0
93854,220469,87092500,URBAN GENERAL,MIAMI,URBAN PRIN ART OTHER,1WAY,US    1,SR    5,6,MIAMI-DADE,26500,3,45,1,LPI,Implement a Leading Pedestrian Interval (LPI),,LPI-01389,Potential Location,0.870000005,1,5408.8083328125,,,,,,,,,,,,,5408.8083328125,,6,87,87020000 = 14.612|87092500 = 2.151|87A00529 = .172,E EVERGREEN ST|FRANJO RD|SW 97TH AVE|US-1,20050,87020000,87092500,Y,-80.34860346,25.60621927,10,,On-System / On-System,87020000,1234,LPI-01389,2,2.151,2.141,2.1609999999999996,FRANJO RD,Off Corridor,,0,0,0,0,,,Unmatched,,0
94772,218494,87000274,URBAN GENERAL,MIAMI,URBAN PRIN ART OTHER,DIVIDED,,SR  817,6,MIAMI-DADE,43000,6,45,1,LPI,Implement a Leading Pedestrian Interval (LPI),,LPI-01260,Potential Location,0.870000005,1,5408.8083328125,,,,,,,,,,,,,5408.8083328125,,6,87,87000274 = .994|87019000 = 2.239|87A10870 = .248,NW 175TH ST|NW 27TH AVE|UNITY BLVD,22950,87019000,87000274,Y,-80.24502525,25.93366,10,,On-System / On-System,87019000,1235,LPI-01260,1,0.994,0.984,1.004,NW 175TH ST,Off Corridor,,0,0,0,0,89.6,46.4,No Match - Angle Mismatch,,0
94772,218494,87019000,URBAN GENERAL,MIAMI,URBAN PRIN ART OTHER,DIVIDED,,SR  817,6,MIAMI-DADE,43000,6,45,1,LPI,Implement a Leading Pedestrian Interval (LPI),,LPI-01260,Potential Location,0.870000005,1,5408.8083328125,,,,,,,,,,,,,5408.8083328125,,6,87,87000274 = .994|87019000 = 2.239|87A10870 = .248,NW 175TH ST|NW 27TH AVE|UNITY BLVD,22950,87019000,87000274,Y,-80.24502525,25.93366,10,,On-System / On-System,87019000,1235,LPI-01260,2,2.239,2.229,2.2489999999999997,NW 27TH AVE,On Corridor,438076-1,4,106,0.02,100,0,0.4,Verified Match,438076-1,4
95201,223256,87000427,URBAN GENERAL,MIAMI,URBAN MINOR ART,DIVIDED,,SR  986,6,MIAMI-DADE,39000,4,40,1,LPI,Implement a Leading Pedestrian Interval (LPI),,LPI-01262,Potential Location,0.870000005,1,5408.8083328125,,,,,,,,,,,,,5408.8083328125,,6,87,87000427 = .046|87055000 = 2.518|87A00584 = 0,SW 102ND AVE|SW 72ND ST,23700,87055000,87000427,Y,-80.35816287,25.70167732,10,,On-System / On-System,87055000,1236,LPI-01262,1,0.046,0.036,0.056,SW 102ND AVE,Off Corridor,,0,0,0,0,,,Unmatched,,0
95201,223256,87055000,URBAN GENERAL,MIAMI,URBAN MINOR ART,DIVIDED,,SR  986,6,MIAMI-DADE,39000,4,40,1,LPI,Implement a Leading Pedestrian Interval (LPI),,LPI-01262,Potential Location,0.870000005,1,5408.8083328125,,,,,,,,,,,,,5408.8083328125,,6,87,87000427 = .046|87055000 = 2.518|87A00584 = 0,SW 102ND AVE|SW 72ND ST,23700,87055000,87000427,Y,-80.35816287,25.70167732,10,,On-System / On-System,87055000,1236,LPI-01262,2,2.518,2.508,2.5279999999999996,SW 72ND ST,Off Corridor,,0,0,0,0,,,Unmatched,,0
95661,225444,87000113,URBAN GENERAL,MIAMI,URBAN MINOR ART,DIVIDED,,SR  986,6,MIAMI-DADE,39000,4,40,1,LPI,Implement a Leading Pedestrian Interval (LPI),,LPI-00654,Potential Location,0.870000005,1,5408.8083328125,,,,,,,,,,,,,5408.8083328125,,6,87,87000113 = .183|87055000 = 3.519,SW 72ND ST|SW 92ND AVE,22900,87055000,87000113,Y,-80.34213517,25.70197171,10,,On-System / On-System,87055000,1237,LPI-00654,1,0.183,0.173,0.193,SW 72ND ST,Off Corridor,,0,0,0,0,,,Unmatched,,0
95661,225444,87055000,URBAN GENERAL,MIAMI,URBAN MINOR ART,DIVIDED,,SR  986,6,MIAMI-DADE,39000,4,40,1,LPI,Implement a Leading Pedestrian Interval (LPI),,LPI-00654,Potential Location,0.870000005,1,5408.8083328125,,,,,,,,,,,,,5408.8083328125,,6,87,87000113 = .183|87055000 = 3.519,SW 72ND ST|SW 92ND AVE,22900,87055000,87000113,Y,-80.34213517,25.70197171,10,,On-System / On-System,87055000,1237,LPI-00654,2,3.519,3.5090000000000003,3.529,SW 92ND AVE,Off Corridor,,0,0,0,0,,,Unmatched,,0
96979,225750,87055000,URBAN GENERAL,MIAMI,URBAN MINOR ART,DIVIDED,,SR  986,6,MIAMI-DADE,39000,4,40,1,LPI,Implement a Leading Pedestrian Interval (LPI),,LPI-01513,Potential Location,0.870000005,1,5408.8083328125,,,,,,,,,,,,,5408.8083328125,,6,87,87055000 = 3.02|87071502 = .154|87A20395 = .364,SW 72ND ST|SW 97TH AVE,24950,87055000,87071502,Y,-80.35014,25.70156034,10,,On-System / On-System,87055000,1238,LPI-01513,1,3.02,3.0100000000000002,3.03,SW 72ND ST,Off Corridor,,0,0,0,0,,,Unmatched,,0
96979,225750,87071502,URBAN GENERAL,MIAMI,URBAN MINOR ART,DIVIDED,,SR  986,6,MIAMI-DADE,39000,4,40,1,LPI,Implement a Leading Pedestrian Interval (LPI),,LPI-01513,Potential Location,0.870000005,1,5408.8083328125,,,,,,,,,,,,,5408.8083328125,,6,87,87055000 = 3.02|87071502 = .154|87A20395 = .364,SW 72ND ST|SW 97TH AVE,24950,87055000,87071502,Y,-80.35014,25.70156034,10,,On-System / On-System,87055000,1238,LPI-01513,2,0.154,0.144,0.164,SW 97TH AVE,Off Corridor,,0,0,0,0,,,Unmatched,,0
97780,226201,87055000,URBAN GENERAL,MIAMI,URBAN MINOR ART,DIVIDED,,SR  986,6,MIAMI-DADE,39000,4,40,1,LPI,Implement a Leading Pedestrian Interval (LPI),,LPI-01581,Potential Location,0.870000005,1,5408.8083328125,,,,,,,,,,,,,5408.8083328125,,6,87,87055000 = 2.795,SW 72ND ST,20500,87055000,87A27911,Y,-80.35374,25.70159667,10,,On-System / Off-System,87055000,1239,LPI-01581,1,2.795,2.785,2.8049999999999997,SW 72ND ST,Off Corridor,,0,0,0,0,,,Unmatched,,0
98500,223634,87000265,URBAN GENERAL,MIAMI,URBAN MINOR ART,DIVIDED,,SR  860,6,MIAMI-DADE,33000,6,40,1,LPI,Implement a Leading Pedestrian Interval (LPI),,LPI-00442,Potential Location,0.870000005,1,5408.8083328125,,,,,,,,,,,,,5408.8083328125,,6,87,87000265 = .877|87026000 = 5.019,NW 183RD ST|NW 7TH AVE,21250,87026000,87000265,Y,-80.21319,25.94221563,10,,On-System / On-System,87026000,1240,LPI-00442,1,0.877,0.867,0.887,NW 183RD ST,Off Corridor,,0,0,0,0,89.7,28.3,No Match - Angle Mismatch,,0
98500,223634,87026000,URBAN GENERAL,MIAMI,URBAN MINOR ART,DIVIDED,,SR  860,6,MIAMI-DADE,33000,6,40,1,LPI,Implement a Leading Pedestrian Interval (LPI),,LPI-00442,Potential Location,0.870000005,1,5408.8083328125,,,,,,,,,,,,,5408.8083328125,,6,87,87000265 = .877|87026000 = 5.019,NW 183RD ST|NW 7TH AVE,21250,87026000,87000265,Y,-80.21319,25.94221563,10,,On-System / On-System,87026000,1240,LPI-00442,2,5.019,5.009,5.029,NW 7TH AVE,On Corridor,"447800-2, 447800-1, 449362-1",5,106,0.02,100,0,0.3,Verified Match,"447800-2, 447800-1, 449362-1",5
98567,223673,87000132,URBAN GENERAL,MIAMI,URBAN PRIN ART OTHER,DIVIDED,,SR  932,6,MIAMI-DADE,44500,4,40,1,LPI,Implement a Leading Pedestrian Interval (LPI),,LPI-01052,Potential Location,0.870000005,1,5408.8083328125,,,,,,,,,,,,,5408.8083328125,,6,87,87000132 = .512|87038000 = 3.638,E 49TH ST|NW 103RD ST|PALM AVE|W 49TH ST,45000,87038000,87000132,Y,-80.28303,25.86690396,10,,On-System / On-System,87038000,1241,LPI-01052,1,0.512,0.502,0.522,E 49TH ST,Off Corridor,,0,0,0,0,,,Unmatched,,0
98567,223673,87038000,URBAN GENERAL,MIAMI,URBAN PRIN ART OTHER,DIVIDED,,SR  932,6,MIAMI-DADE,44500,4,40,1,LPI,Implement a Leading Pedestrian Interval (LPI),,LPI-01052,Potential Location,0.870000005,1,5408.8083328125,,,,,,,,,,,,,5408.8083328125,,6,87,87000132 = .512|87038000 = 3.638,E 49TH ST|NW 103RD ST|PALM AVE|W 49TH ST,45000,87038000,87000132,Y,-80.28303,25.86690396,10,,On-System / On-System,87038000,1241,LPI-01052,2,3.638,3.628,3.6479999999999997,NW 103RD ST,Off Corridor,,0,0,0,0,,,Unmatched,,0
98611,225671,87000251,URBAN GENERAL,MIAMI,URBAN PRIN ART OTHER,DIVIDED,US    1,SR    5,6,MIAMI-DADE,48500,7,45,1,LPI,Implement a Leading Pedestrian Interval (LPI),,LPI-01684,Potential Location,0.870000005,1,5408.8083328125,,,,,,,,,,,,,5408.8083328125,,6,87,87000251 = 1.426|87024500 = .006|87030000 = 21.17,BISCAYNE BLVD|NE 151ST ST,25075,87030000,87024500,Y,-80.1565784,25.91513173,10,,On-System / On-System,87030000,1242,LPI-01684,1,1.426,1.416,1.436,BISCAYNE BLVD,Off Corridor,,0,0,0,0,77.7,65.5,No Match - Angle Mismatch,,0
98611,225671,87024500,URBAN GENERAL,MIAMI,URBAN PRIN ART OTHER,DIVIDED,US    1,SR    5,6,MIAMI-DADE,48500,7,45,1,LPI,Implement a Leading Pedestrian Interval (LPI),,LPI-01684,Potential Location,0.870000005,1,5408.8083328125,,,,,,,,,,,,,5408.8083328125,,6,87,87000251 = 1.426|87024500 = .006|87030000 = 21.17,BISCAYNE BLVD|NE 151ST ST,25075,87030000,87024500,Y,-80.1565784,25.91513173,10,,On-System / On-System,87030000,1242,LPI-01684,2,0.006,0,0.016,NE 151ST ST,Off Corridor,,0,0,0,0,76.5,14.5,No Match - Angle Mismatch,,0
98611,225671,87030000,URBAN GENERAL,MIAMI,URBAN PRIN ART OTHER,DIVIDED,US    1,SR    5,6,MIAMI-DADE,48500,7,45,1,LPI,Implement a Leading Pedestrian Interval (LPI),,LPI-01684,Potential Location,0.870000005,1,5408.8083328125,,,,,,,,,,,,,5408.8083328125,,6,87,87000251 = 1.426|87024500 = .006|87030000 = 21.17,BISCAYNE BLVD|NE 151ST ST,25075,87030000,87024500,Y,-80.1565784,25.91513173,10,,On-System / On-System,87030000,1242,LPI-01684,3,21.17,21.16,21.180000000000003,,On Corridor,451123-1,5,106,0.02,100,0.1,0.4,Verified Match,451123-1,5
98646,225708,87000194,URBAN GENERAL,MIAMI,URBAN MINOR ART,DIVIDED,,SR  968,6,MIAMI-DADE,43500,4,40,1,LPI,Implement a Leading Pedestrian Interval (LPI),,LPI-01056,Potential Location,0.870000005,1,5408.8083328125,,,,,,,,,,,,,5408.8083328125,,6,87,87000194 = .504|87053000 = 1.79,NW 69TH AVE|SW 69TH AVE|W FLAGLER ST,20000,87053000,87000194,Y,-80.30764,25.77036531,10,,On-System / On-System,87053000,1243,LPI-01056,1,0.504,0.494,0.514,NW 69TH AVE,Off Corridor,,0,0,0,0,88.6,14.2,No Match - Angle Mismatch,,0
98646,225708,87053000,URBAN GENERAL,MIAMI,URBAN MINOR ART,DIVIDED,,SR  968,6,MIAMI-DADE,43500,4,40,1,LPI,Implement a Leading Pedestrian Interval (LPI),,LPI-01056,Potential Location,0.870000005,1,5408.8083328125,,,,,,,,,,,,,5408.8083328125,,6,87,87000194 = .504|87053000 = 1.79,NW 69TH AVE|SW 69TH AVE|W FLAGLER ST,20000,87053000,87000194,Y,-80.30764,25.77036531,10,,On-System / On-System,87053000,1243,LPI-01056,2,1.79,1.78,1.8,SW 69TH AVE,On Corridor,"450835-3, 437782-3",6,106,0.02,100,0.1,0.2,Verified Match,"450835-3, 437782-3",6
98650,223713,87000271,URBAN GENERAL,MIAMI,URBAN MINOR ART,DIVIDED,,SR  860,6,MIAMI-DADE,36500,6,40,1,LPI,Implement a Leading Pedestrian Interval (LPI),,LPI-00747,Potential Location,0.870000005,1,5408.8083328125,,,,,,,,,,,,,5408.8083328125,,6,87,87000271 = 1.676|87026000 = 4.019|87A10432 = .448|87A10442 = 0,NW 17TH AVE|NW 183RD ST,20900,87026000,87000271,Y,-80.22926428,25.94154993,10,,On-System / On-System,87026000,1244,LPI-00747,1,1.676,1.666,1.686,NW 17TH AVE,Off Corridor,,0,0,0,0,89.9,17.6,No Match - Angle Mismatch,,0
98650,223713,87026000,URBAN GENERAL,MIAMI,URBAN MINOR ART,DIVIDED,,SR  860,6,MIAMI-DADE,36500,6,40,1,LPI,Implement a Leading Pedestrian Interval (LPI),,LPI-00747,Potential Location,0.870000005,1,5408.8083328125,,,,,,,,,,,,,5408.8083328125,,6,87,87000271 = 1.676|87026000 = 4.019|87A10432 = .448|87A10442 = 0,NW 17TH AVE|NW 183RD ST,20900,87026000,87000271,Y,-80.22926428,25.94154993,10,,On-System / On-System,87026000,1244,LPI-00747,2,4.019,4.009,4.029,NW 183RD ST,On Corridor,"447800-2, 447800-1, 449362-1",5,106,0.02,100,0,0.2,Verified Match,"447800-2, 447800-1, 449362-1",5
98663,223727,87026000,URBAN GENERAL,MIAMI,URBAN MINOR ART,DIVIDED,,SR  860,6,MIAMI-DADE,48000,4,40,1,LPI,Implement a Leading Pedestrian Interval (LPI),,LPI-00748,Potential Location,0.870000005,1,5408.8083328125,,,,,,,,,,,,,5408.8083328125,,6,87,87026000 = 8.305|87033500 = 1.393|87A10043 = 0,NE 19TH AVE|NE MIAMI GARDENS DR,33350,87026000,87033500,Y,-80.16287643,25.94608643,10,,On-System / On-System,87026000,1245,LPI-00748,1,8.305,8.295,8.315,NE 19TH AVE,Off Corridor,,0,0,0,0,,,Unmatched,,0
98663,223727,87033500,URBAN GENERAL,MIAMI,URBAN MINOR ART,DIVIDED,,SR  860,6,MIAMI-DADE,48000,4,40,1,LPI,Implement a Leading Pedestrian Interval (LPI),,LPI-00748,Potential Location,0.870000005,1,5408.8083328125,,,,,,,,,,,,,5408.8083328125,,6,87,87026000 = 8.305|87033500 = 1.393|87A10043 = 0,NE 19TH AVE|NE MIAMI GARDENS DR,33350,87026000,87033500,Y,-80.16287643,25.94608643,10,,On-System / On-System,87026000,1245,LPI-00748,2,1.393,1.383,1.403,NE MIAMI GARDENS DR,Off Corridor,,0,0,0,0,,,Unmatched,,0
98704,225718,87030000,URBAN GENERAL,MIAMI,URBAN PRIN ART OTHER,DIVIDED,US    1,SR    5,6,MIAMI-DADE,73500,6,45,1,LPI,Implement a Leading Pedestrian Interval (LPI),,LPI-01540,Potential Location,0.870000005,1,5408.8083328125,,,,,,,,,,,,,5408.8083328125,,6,87,87030000 = 4.745|87281000 = .005|87620500 = 1.324,S DIXIE HWY|SW 42ND AVE,87750,87030000,87281000,Y,-80.26167497,25.72650956,10,,On-System / On-System,87030000,1246,LPI-01540,1,4.745,4.735,4.755,S DIXIE HWY,Off Corridor,,0,0,0,0,47.9,194.3,No Match - Angle Mismatch,,0
98704,225718,87281000,URBAN GENERAL,MIAMI,URBAN PRIN ART OTHER,DIVIDED,US    1,SR    5,6,MIAMI-DADE,73500,6,45,1,LPI,Implement a Leading Pedestrian Interval (LPI),,LPI-01540,Potential Location,0.870000005,1,5408.8083328125,,,,,,,,,,,,,5408.8083328125,,6,87,87030000 = 4.745|87281000 = .005|87620500 = 1.324,S DIXIE HWY|SW 42ND AVE,87750,87030000,87281000,Y,-80.26167497,25.72650956,10,,On-System / On-System,87030000,1246,LPI-01540,2,0.005,0,0.015,SW 42ND AVE,On Corridor,446002-1,1,79,0.02,100,0.3,140,Verified Match,446002-1,1
98704,225718,87620500,URBAN GENERAL,MIAMI,URBAN PRIN ART OTHER,DIVIDED,US    1,SR    5,6,MIAMI-DADE,73500,6,45,1,LPI,Implement a Leading Pedestrian Interval (LPI),,LPI-01540,Potential Location,0.870000005,1,5408.8083328125,,,,,,,,,,,,,5408.8083328125,,6,87,87030000 = 4.745|87281000 = .005|87620500 = 1.324,S DIXIE HWY|SW 42ND AVE,87750,87030000,87281000,Y,-80.26167497,25.72650956,10,,On-System / On-System,87030000,1246,LPI-01540,3,1.324,1.314,1.334,,On Corridor,446002-1,1,85,0.02,100,0.3,222.2,Verified Match,446002-1,1
98729,225733,87000258,URBAN GENERAL,MIAMI,URBAN MINOR ART,DIVIDED,,SR  860,6,MIAMI-DADE,48000,4,40,1,LPI,Implement a Leading Pedestrian Interval (LPI),,LPI-01511,Potential Location,0.870000005,1,5408.8083328125,,,,,,,,,,,,,5408.8083328125,,6,87,87000258 = .004|87026000 = 8.175|87A04623 = .002,NE 18TH AVE|NE 18TH RD|NE MIAMI GARDENS DR,31400,87026000,87000258,Y,-80.16497962,25.94593,10,,On-System / On-System,87026000,1247,LPI-01511,1,0.004,0,0.014,NE 18TH AVE,Off Corridor,,0,0,0,0,,,Unmatched,,0
98729,225733,87026000,URBAN GENERAL,MIAMI,URBAN MINOR ART,DIVIDED,,SR  860,6,MIAMI-DADE,48000,4,40,1,LPI,Implement a Leading Pedestrian Interval (LPI),,LPI-01511,Potential Location,0.870000005,1,5408.8083328125,,,,,,,,,,,,,5408.8083328125,,6,87,87000258 = .004|87026000 = 8.175|87A04623 = .002,NE 18TH AVE|NE 18TH RD|NE MIAMI GARDENS DR,31400,87026000,87000258,Y,-80.16497962,25.94593,10,,On-System / On-System,87026000,1247,LPI-01511,2,8.175,8.165000000000001,8.185,NE 18TH RD,Off Corridor,,0,0,0,0,,,Unmatched,,0
98833,225207,87026000,URBAN GENERAL,MIAMI,URBAN MINOR ART,DIVIDED,,SR  860,6,MIAMI-DADE,33000,6,40,1,LPI,Implement a Leading Pedestrian Interval (LPI),,LPI-00441,Potential Location,0.870000005,1,5408.8083328125,,,,,,,,,,,,,5408.8083328125,,6,87,87026000 = 4.815|87A10406 = .198|87A10423 = .339,NW 183RD ST|NW 8TH PL,15750,87026000,87A10406,Y,-80.21646422,25.94199911,10,,On-System / Off-System,87026000,1248,LPI-00441,1,4.815,4.805000000000001,4.825,NW 183RD ST,On Corridor,"447800-2, 447800-1, 449362-1",5,106,0.02,100,0,0.3,Verified Match,"447800-2, 447800-1, 449362-1",5
98981,225314,87000746,URBAN GENERAL,MIAMI,URBAN MINOR ART,DIVIDED,,SR  860,6,MIAMI-DADE,29500,6,45,1,LPI,Implement a Leading Pedestrian Interval (LPI),,LPI-01501,Potential Location,0.870000005,1,5408.8083328125,,,,,,,,,,,,,5408.8083328125,,6,87,87000746 = .942|87026000 = .503|87A09736 = .008|87A10519 = 0|87A10539 = .454,NW 183RD ST|NW 52ND AVE,13750,87026000,87000746,Y,-80.28574982,25.93950386,10,,On-System / On-System,87026000,1249,LPI-01501,1,0.942,0.9319999999999999,0.952,NW 183RD ST,Off Corridor,,0,0,0,0,,,Unmatched,,0
98981,225314,87026000,URBAN GENERAL,MIAMI,URBAN MINOR ART,DIVIDED,,SR  860,6,MIAMI-DADE,29500,6,45,1,LPI,Implement a Leading Pedestrian Interval (LPI),,LPI-01501,Potential Location,0.870000005,1,5408.8083328125,,,,,,,,,,,,,5408.8083328125,,6,87,87000746 = .942|87026000 = .503|87A09736 = .008|87A10519 = 0|87A10539 = .454,NW 183RD ST|NW 52ND AVE,13750,87026000,87000746,Y,-80.28574982,25.93950386,10,,On-System / On-System,87026000,1249,LPI-01501,2,0.503,0.493,0.513,NW 52ND AVE,Off Corridor,,0,0,0,0,,,Unmatched,,0
98990,219734,87000714,URBAN GENERAL,MIAMI,URBAN PRIN ART OTHER,DIVIDED,,SR   94,6,MIAMI-DADE,46500,6,45,1,LPI,Implement a Leading Pedestrian Interval (LPI),,LPI-01387,Potential Location,0.870000005,1,5408.8083328125,,,,,,,,,,,,,5408.8083328125,,6,87,87000714 = 1.147|87001000 = 9.899,SW 79TH AVE|SW 88TH ST,42000,87001000,87000714,Y,-80.32138,25.68845603,10,,On-System / On-System,87001000,1250,LPI-01387,1,1.147,1.137,1.157,SW 79TH AVE,Off Corridor,,0,0,0,0,89.2,65.1,No Match - Angle Mismatch,,0
98990,219734,87001000,URBAN GENERAL,MIAMI,URBAN PRIN ART OTHER,DIVIDED,,SR   94,6,MIAMI-DADE,46500,6,45,1,LPI,Implement a Leading Pedestrian Interval (LPI),,LPI-01387,Potential Location,0.870000005,1,5408.8083328125,,,,,,,,,,,,,5408.8083328125,,6,87,87000714 = 1.147|87001000 = 9.899,SW 79TH AVE|SW 88TH ST,42000,87001000,87000714,Y,-80.32138,25.68845603,10,,On-System / On-System,87001000,1250,LPI-01387,2,9.899,9.889,9.908999999999999,SW 88TH ST,On Corridor,437784-1,1,106,0.02,100,0,0.1,Verified Match,437784-1,1
99120,223495,87000097,URBAN GENERAL,MIAMI,URBAN PRIN ART OTHER,DIVIDED,US    1,SR    5,6,MIAMI-DADE,86000,6,45,1,LPI,Implement a Leading Pedestrian Interval (LPI),,LPI-00742,Potential Location,0.870000005,1,5408.8083328125,,,,,,,,,,,,,5408.8083328125,,6,87,87000097 = .508|87030000 = 7.059|87504500 = .048|87A18500 = .511,S DIXIE HWY|SW 22ND AVE|SW 27TH ST,53650,87030000,87504500,Y,-80.22985,25.74302481,10,,On-System / On-System,87030000,1251,LPI-00742,1,0.508,0.498,0.518,S DIXIE HWY,Off Corridor,,0,0,0,0,,,Unmatched,,0
99120,223495,87030000,URBAN GENERAL,MIAMI,URBAN PRIN ART OTHER,DIVIDED,US    1,SR    5,6,MIAMI-DADE,86000,6,45,1,LPI,Implement a Leading Pedestrian Interval (LPI),,LPI-00742,Potential Location,0.870000005,1,5408.8083328125,,,,,,,,,,,,,5408.8083328125,,6,87,87000097 = .508|87030000 = 7.059|87504500 = .048|87A18500 = .511,S DIXIE HWY|SW 22ND AVE|SW 27TH ST,53650,87030000,87504500,Y,-80.22985,25.74302481,10,,On-System / On-System,87030000,1251,LPI-00742,2,7.059,7.049,7.069,SW 22ND AVE,Off Corridor,,0,0,0,0,,,Unmatched,,0
99120,223495,87504500,URBAN GENERAL,MIAMI,URBAN PRIN ART OTHER,DIVIDED,US    1,SR    5,6,MIAMI-DADE,86000,6,45,1,LPI,Implement a Leading Pedestrian Interval (LPI),,LPI-00742,Potential Location,0.870000005,1,5408.8083328125,,,,,,,,,,,,,5408.8083328125,,6,87,87000097 = .508|87030000 = 7.059|87504500 = .048|87A18500 = .511,S DIXIE HWY|SW 22ND AVE|SW 27TH ST,53650,87030000,87504500,Y,-80.22985,25.74302481,10,,On-System / On-System,87030000,1251,LPI-00742,3,0.048,0.038,0.058,SW 27TH ST,Off Corridor,,0,0,0,0,,,Unmatched,,0
99237,219018,87000222,URBAN GENERAL,MIAMI,URBAN MINOR ART,DIVIDED,,SR  916,6,MIAMI-DADE,26500,4,40,1,LPI,Implement a Leading Pedestrian Interval (LPI),,LPI-00794,Potential Location,0.870000005,1,5408.8083328125,,,,,,,,,,,,,5408.8083328125,,6,87,87000222 = .631|87008000 = 9.112|87190000 = 1.403,NE 10TH AVE|NE 135TH ST|W DIXIE HWY,20750,87008000,87190000,Y,-80.17880963,25.89975823,10,,On-System / On-System,87008000,1252,LPI-00794,1,0.631,0.621,0.641,NE 10TH AVE,On Corridor,440179-1,1,106,0.02,100,42.8,6.9,Verified Parallel Fallback,440179-1,1
99237,219018,87008000,URBAN GENERAL,MIAMI,URBAN MINOR ART,DIVIDED,,SR  916,6,MIAMI-DADE,26500,4,40,1,LPI,Implement a Leading Pedestrian Interval (LPI),,LPI-00794,Potential Location,0.870000005,1,5408.8083328125,,,,,,,,,,,,,5408.8083328125,,6,87,87000222 = .631|87008000 = 9.112|87190000 = 1.403,NE 10TH AVE|NE 135TH ST|W DIXIE HWY,20750,87008000,87190000,Y,-80.17880963,25.89975823,10,,On-System / On-System,87008000,1252,LPI-00794,2,9.112,9.102,9.122,NE 135TH ST,Off Corridor,,0,0,0,0,47.8,1.7,No Match - Angle Mismatch,,0
99237,219018,87190000,URBAN GENERAL,MIAMI,URBAN MINOR ART,DIVIDED,,SR  916,6,MIAMI-DADE,26500,4,40,1,LPI,Implement a Leading Pedestrian Interval (LPI),,LPI-00794,Potential Location,0.870000005,1,5408.8083328125,,,,,,,,,,,,,5408.8083328125,,6,87,87000222 = .631|87008000 = 9.112|87190000 = 1.403,NE 10TH AVE|NE 135TH ST|W DIXIE HWY,20750,87008000,87190000,Y,-80.17880963,25.89975823,10,,On-System / On-System,87008000,1252,LPI-00794,3,1.403,1.393,1.413,W DIXIE HWY,On Corridor,440179-1,1,106,0.02,100,0,0.5,Verified Match,440179-1,1
99310,220297,87000331,URBAN GENERAL,MIAMI,URBAN PRIN ART OTHER,DIVIDED,,SR  817,6,MIAMI-DADE,36000,6,35,1,LPI,Implement a Leading Pedestrian Interval (LPI),,LPI-00105,Potential Location,0.870000005,1,5408.8083328125,,,,,,,,,,,,,5408.8083328125,,6,87,87000331 = .886|87019000 = .736|87A11465 = .311,NW 151ST ST|NW 27TH AVE|UNITY BLVD,22550,87019000,87000331,Y,-80.24405346,25.91183,10,,On-System / On-System,87019000,1253,LPI-00105,1,0.886,0.876,0.896,NW 151ST ST,Off Corridor,,0,0,0,0,89.9,20.8,No Match - Angle Mismatch,,0
99310,220297,87019000,URBAN GENERAL,MIAMI,URBAN PRIN ART OTHER,DIVIDED,,SR  817,6,MIAMI-DADE,36000,6,35,1,LPI,Implement a Leading Pedestrian Interval (LPI),,LPI-00105,Potential Location,0.870000005,1,5408.8083328125,,,,,,,,,,,,,5408.8083328125,,6,87,87000331 = .886|87019000 = .736|87A11465 = .311,NW 151ST ST|NW 27TH AVE|UNITY BLVD,22550,87019000,87000331,Y,-80.24405346,25.91183,10,,On-System / On-System,87019000,1253,LPI-00105,2,0.736,0.726,0.746,NW 27TH AVE,On Corridor,438076-1,4,106,0.02,100,0,0.4,Verified Match,438076-1,4
99314,223247,87000103,URBAN GENERAL,MIAMI,URBAN PRIN ART OTHER,DIVIDED,US    1,SR    5,6,MIAMI-DADE,72000,6,40,1,LPI,Implement a Leading Pedestrian Interval (LPI),,LPI-01658,Potential Location,0.870000005,1,5408.8083328125,,,,,,,,,,,,,5408.8083328125,,6,87,87000103 = .64|87030000 = 1.624|87A20610 = .306,S DIXIE HWY|SW 65TH AVE|SW 80TH ST,44350,87030000,87000103,Y,-80.29909699,25.69641931,10,,On-System / On-System,87030000,1254,LPI-01658,1,0.64,0.63,0.65,S DIXIE HWY,Off Corridor,,0,0,0,0,,,Unmatched,,0
99314,223247,87030000,URBAN GENERAL,MIAMI,URBAN PRIN ART OTHER,DIVIDED,US    1,SR    5,6,MIAMI-DADE,72000,6,40,1,LPI,Implement a Leading Pedestrian Interval (LPI),,LPI-01658,Potential Location,0.870000005,1,5408.8083328125,,,,,,,,,,,,,5408.8083328125,,6,87,87000103 = .64|87030000 = 1.624|87A20610 = .306,S DIXIE HWY|SW 65TH AVE|SW 80TH ST,44350,87030000,87000103,Y,-80.29909699,25.69641931,10,,On-System / On-System,87030000,1254,LPI-01658,2,1.624,1.614,1.6340000000000001,SW 65TH AVE,Off Corridor,,0,0,0,0,,,Unmatched,,0
99348,223257,87000211,URBAN GENERAL,MIAMI,URBAN PRIN ART OTHER,DIVIDED,US    1,SR    5,6,MIAMI-DADE,41500,4,35,1,LPI,Implement a Leading Pedestrian Interval (LPI),,LPI-01618,Potential Location,0.870000005,1,5408.8083328125,,,,,,,,,,,,,5408.8083328125,,6,87,87000211 = 1.37|87030000 = 15.052|87A14649 = 0,BISCAYNE BLVD|NE 61ST ST,18700,87030000,87000211,Y,-80.18402249,25.83265994,10,,On-System / On-System,87030000,1255,LPI-01618,1,1.37,1.36,1.3800000000000001,BISCAYNE BLVD,Off Corridor,,0,0,0,0,89.7,26.5,No Match - Angle Mismatch,,0
99348,223257,87030000,URBAN GENERAL,MIAMI,URBAN PRIN ART OTHER,DIVIDED,US    1,SR    5,6,MIAMI-DADE,41500,4,35,1,LPI,Implement a Leading Pedestrian Interval (LPI),,LPI-01618,Potential Location,0.870000005,1,5408.8083328125,,,,,,,,,,,,,5408.8083328125,,6,87,87000211 = 1.37|87030000 = 15.052|87A14649 = 0,BISCAYNE BLVD|NE 61ST ST,18700,87030000,87000211,Y,-80.18402249,25.83265994,10,,On-System / On-System,87030000,1255,LPI-01618,2,15.052,15.042,15.062,NE 61ST ST,On Corridor,"445996-1, 447830-1, 447214-1",5,106,0.02,100,0,0.3,Verified Match,"445996-1, 447830-1, 447214-1",5
99349,225511,87000619,URBAN GENERAL,MIAMI,URBAN PRIN ART OTHER,DIVIDED,US    1,SR    5,6,MIAMI-DADE,86000,6,45,1,LPI,Implement a Leading Pedestrian Interval (LPI),,LPI-01679,Potential Location,0.870000005,1,5408.8083328125,,,,,,,,,,,,,5408.8083328125,,6,87,87000619 = .022|87030000 = 7.741|87A32412 = .13,S DIXIE HWY|SW 1ST AVE|SW 3RD AVE,43700,87030000,87000619,Y,-80.21982803,25.7467065,10,,On-System / On-System,87030000,1256,LPI-01679,1,0.022,0.011999999999999999,0.032,S DIXIE HWY,Off Corridor,,0,0,0,0,,,Unmatched,,0
99349,225511,87030000,URBAN GENERAL,MIAMI,URBAN PRIN ART OTHER,DIVIDED,US    1,SR    5,6,MIAMI-DADE,86000,6,45,1,LPI,Implement a Leading Pedestrian Interval (LPI),,LPI-01679,Potential Location,0.870000005,1,5408.8083328125,,,,,,,,,,,,,5408.8083328125,,6,87,87000619 = .022|87030000 = 7.741|87A32412 = .13,S DIXIE HWY|SW 1ST AVE|SW 3RD AVE,43700,87030000,87000619,Y,-80.21982803,25.7467065,10,,On-System / On-System,87030000,1256,LPI-01679,2,7.741,7.731,7.7509999999999994,SW 1ST AVE,Off Corridor,,0,0,0,0,,,Unmatched,,0
99353,223561,87053000,URBAN GENERAL,MIAMI,URBAN MINOR ART,DIVIDED,,SR  968,6,MIAMI-DADE,51000,6,40,1,LPI,Implement a Leading Pedestrian Interval (LPI),,LPI-00743,Potential Location,0.870000005,1,5408.8083328125,,,,,,,,,,,,,5408.8083328125,,6,87,87053000 = 1.263|87A04935 = .397|87A16687 = 0,FLORIDA BLVD|NW 74TH AVE|W FLAGLER ST,26000,87053000,87A04935,Y,-80.31599782,25.76981441,10,,On-System / Off-System,87053000,1257,LPI-00743,1,1.263,1.253,1.273,FLORIDA BLVD,On Corridor,437782-3,1,106,0.02,100,0,0.2,Verified Match,437782-3,1
99526,219158,87000480,URBAN GENERAL,MIAMI,URBAN PRIN ART OTHER,DIVIDED,,SR   94,6,MIAMI-DADE,54000,6,45,1,LPI,Implement a Leading Pedestrian Interval (LPI),,LPI-00403,Potential Location,0.870000005,1,5408.8083328125,,,,,,,,,,,,,5408.8083328125,,6,87,87000480 = 1.081|87001000 = 6.46,SW 112TH AVE|SW 88TH ST,24000,87001000,87000480,Y,-80.37652,25.68658263,10,,On-System / On-System,87001000,1258,LPI-00403,1,1.081,1.071,1.091,SW 112TH AVE,Off Corridor,,0,0,0,0,89.2,18.1,No Match - Angle Mismatch,,0
99526,219158,87001000,URBAN GENERAL,MIAMI,URBAN PRIN ART OTHER,DIVIDED,,SR   94,6,MIAMI-DADE,54000,6,45,1,LPI,Implement a Leading Pedestrian Interval (LPI),,LPI-00403,Potential Location,0.870000005,1,5408.8083328125,,,,,,,,,,,,,5408.8083328125,,6,87,87000480 = 1.081|87001000 = 6.46,SW 112TH AVE|SW 88TH ST,24000,87001000,87000480,Y,-80.37652,25.68658263,10,,On-System / On-System,87001000,1258,LPI-00403,2,6.46,6.45,6.47,SW 88TH ST,On Corridor,437784-1,1,106,0.02,100,0,0.1,Verified Match,437784-1,1
99672,223297,87000338,URBAN GENERAL,MIAMI,URBAN PRIN ART OTHER,DIVIDED,,SR  932,6,MIAMI-DADE,30500,6,40,1,LPI,Implement a Leading Pedestrian Interval (LPI),,LPI-01263,Potential Location,0.870000005,1,5408.8083328125,,,,,,,,,,,,,5408.8083328125,,6,87,87000338 = .004|87038000 = 7.68|87A29957 = .33,NW 103RD ST|NW 12TH AVE,24750,87038000,87000338,Y,-80.21802964,25.86891269,10,,On-System / On-System,87038000,1259,LPI-01263,1,0.004,0,0.014,NW 103RD ST,Off Corridor,,0,0,0,0,,,Unmatched,,0
99672,223297,87038000,URBAN GENERAL,MIAMI,URBAN PRIN ART OTHER,DIVIDED,,SR  932,6,MIAMI-DADE,30500,6,40,1,LPI,Implement a Leading Pedestrian Interval (LPI),,LPI-01263,Potential Location,0.870000005,1,5408.8083328125,,,,,,,,,,,,,5408.8083328125,,6,87,87000338 = .004|87038000 = 7.68|87A29957 = .33,NW 103RD ST|NW 12TH AVE,24750,87038000,87000338,Y,-80.21802964,25.86891269,10,,On-System / On-System,87038000,1259,LPI-01263,2,7.68,7.67,7.6899999999999995,NW 12TH AVE,Off Corridor,,0,0,0,0,,,Unmatched,,0
99702,223333,87029501,URBAN GENERAL,MIAMI,URBAN MINOR ART,DIVIDED,,SR  968,6,MIAMI-DADE,37500,4,40,1,LPI,Implement a Leading Pedestrian Interval (LPI),,LPI-00432,Potential Location,0.870000005,1,5408.8083328125,,,,,,,,,,,,,5408.8083328125,,6,87,87029501 = 1.51|87053000 = 5.042,NW 37TH AVE|SW 37TH AVE|W FLAGLER ST,28750,87053000,87029501,Y,-80.25544306,25.77183992,10,,On-System / On-System,87053000,1260,LPI-00432,1,1.51,1.5,1.52,NW 37TH AVE,Off Corridor,,0,0,0,0,88.8,1.4,No Match - Angle Mismatch,,0
99702,223333,87053000,URBAN GENERAL,MIAMI,URBAN MINOR ART,DIVIDED,,SR  968,6,MIAMI-DADE,37500,4,40,1,LPI,Implement a Leading Pedestrian Interval (LPI),,LPI-00432,Potential Location,0.870000005,1,5408.8083328125,,,,,,,,,,,,,5408.8083328125,,6,87,87029501 = 1.51|87053000 = 5.042,NW 37TH AVE|SW 37TH AVE|W FLAGLER ST,28750,87053000,87029501,Y,-80.25544306,25.77183992,10,,On-System / On-System,87053000,1260,LPI-00432,2,5.042,5.032,5.052,SW 37TH AVE,On Corridor,437782-3,1,105,0.02,100,1.4,0.2,Verified Match,437782-3,1
99912,223371,87000180,URBAN GENERAL,MIAMI,URBAN MINOR ART,DIVIDED,,SR  968,6,MIAMI-DADE,43500,4,40,1,LPI,Implement a Leading Pedestrian Interval (LPI),,LPI-01644,Potential Location,0.870000005,1,5408.8083328125,,,,,,,,,,,,,5408.8083328125,,6,87,87000180 = 1.565|87053000 = 2.507,NW 62ND AVE|SW 62ND AVE|W FLAGLER ST,21200,87053000,87000180,Y,-80.29615063,25.77067,10,,On-System / On-System,87053000,1261,LPI-01644,1,1.565,1.555,1.575,NW 62ND AVE,Off Corridor,,0,0,0,0,89.1,7.1,No Match - Angle Mismatch,,0
99912,223371,87053000,URBAN GENERAL,MIAMI,URBAN MINOR ART,DIVIDED,,SR  968,6,MIAMI-DADE,43500,4,40,1,LPI,Implement a Leading Pedestrian Interval (LPI),,LPI-01644,Potential Location,0.870000005,1,5408.8083328125,,,,,,,,,,,,,5408.8083328125,,6,87,87000180 = 1.565|87053000 = 2.507,NW 62ND AVE|SW 62ND AVE|W FLAGLER ST,21200,87053000,87000180,Y,-80.29615063,25.77067,10,,On-System / On-System,87053000,1261,LPI-01644,2,2.507,2.4970000000000003,2.517,SW 62ND AVE,On Corridor,"458151-1, 437782-3",2,106,0.02,100,0,0.2,Verified Match,"458151-1, 437782-3",2
99990,219543,87000094,URBAN GENERAL,MIAMI,URBAN MINOR ART,DIVIDED,,SR  913,6,MIAMI-DADE,22600,5,35,1,LPI,Implement a Leading Pedestrian Interval (LPI),,LPI-02575,Potential Location,0.870000005,1,5408.8083328125,,,,,,,,,,,,,5408.8083328125,,6,87,87000094 = 0|87017000 = .226|87030000 = 8.767|87270167 = .092,BRICKELL AVE|RICKENBACKER CSWY|SE 26TH RD|US-1,29950,87017000,87030000,Y,,,10,,On-System / On-System,87017000,1262,LPI-02575,1,0,0,0.01,BRICKELL AVE,Off Corridor,,0,0,0,0,6.5,247.6,No Match - Low Overlap,,0
99990,219543,87017000,URBAN GENERAL,MIAMI,URBAN MINOR ART,DIVIDED,,SR  913,6,MIAMI-DADE,22600,5,35,1,LPI,Implement a Leading Pedestrian Interval (LPI),,LPI-02575,Potential Location,0.870000005,1,5408.8083328125,,,,,,,,,,,,,5408.8083328125,,6,87,87000094 = 0|87017000 = .226|87030000 = 8.767|87270167 = .092,BRICKELL AVE|RICKENBACKER CSWY|SE 26TH RD|US-1,29950,87017000,87030000,Y,,,10,,On-System / On-System,87017000,1262,LPI-02575,2,0.226,0.216,0.23600000000000002,RICKENBACKER CSWY,On Corridor,443896-1,1,105,0.02,100,0.4,154.1,Verified Match,443896-1,1
99990,219543,87030000,URBAN GENERAL,MIAMI,URBAN MINOR ART,DIVIDED,,SR  913,6,MIAMI-DADE,22600,5,35,1,LPI,Implement a Leading Pedestrian Interval (LPI),,LPI-02575,Potential Location,0.870000005,1,5408.8083328125,,,,,,,,,,,,,5408.8083328125,,6,87,87000094 = 0|87017000 = .226|87030000 = 8.767|87270167 = .092,BRICKELL AVE|RICKENBACKER CSWY|SE 26TH RD|US-1,29950,87017000,87030000,Y,,,10,,On-System / On-System,87017000,1262,LPI-02575,3,8.767,8.757,8.777,SE 26TH RD,Off Corridor,,0,0,0,0,76.6,109.1,No Match - Angle Mismatch,,0
99990,219543,87270167,URBAN GENERAL,MIAMI,URBAN MINOR ART,DIVIDED,,SR  913,6,MIAMI-DADE,22600,5,35,1,LPI,Implement a Leading Pedestrian Interval (LPI),,LPI-02575,Potential Location,0.870000005,1,5408.8083328125,,,,,,,,,,,,,5408.8083328125,,6,87,87000094 = 0|87017000 = .226|87030000 = 8.767|87270167 = .092,BRICKELL AVE|RICKENBACKER CSWY|SE 26TH RD|US-1,29950,87017000,87030000,Y,,,10,,On-System / On-System,87017000,1262,LPI-02575,4,0.092,0.082,0.102,US-1,On Corridor,443896-1,1,106,0.02,100,0.5,0,Verified Match,443896-1,1
100091,226021,87000130,URBAN GENERAL,MIAMI,URBAN PRIN ART OTHER,DIVIDED,,SR  976,6,MIAMI-DADE,45000,6,40,1,LPI,Implement a Leading Pedestrian Interval (LPI),,LPI-00663,Potential Location,0.870000005,1,5408.8083328125,,,,,,,,,,,,,5408.8083328125,,6,87,87000130 = 1.778|87044000 = .646|87A05532 = .451,SW 112TH AVE|SW 40TH ST,25250,87044000,87000130,Y,-80.37571,25.73212006,10,,On-System / On-System,87044000,1263,LPI-00663,1,1.778,1.768,1.788,SW 112TH AVE,Off Corridor,,0,0,0,0,,,Unmatched,,0
100091,226021,87044000,URBAN GENERAL,MIAMI,URBAN PRIN ART OTHER,DIVIDED,,SR  976,6,MIAMI-DADE,45000,6,40,1,LPI,Implement a Leading Pedestrian Interval (LPI),,LPI-00663,Potential Location,0.870000005,1,5408.8083328125,,,,,,,,,,,,,5408.8083328125,,6,87,87000130 = 1.778|87044000 = .646|87A05532 = .451,SW 112TH AVE|SW 40TH ST,25250,87044000,87000130,Y,-80.37571,25.73212006,10,,On-System / On-System,87044000,1263,LPI-00663,2,0.646,0.636,0.656,SW 40TH ST,Off Corridor,,0,0,0,0,,,Unmatched,,0
100108,226024,87000427,URBAN GENERAL,MIAMI,URBAN PRIN ART OTHER,DIVIDED,,SR  976,6,MIAMI-DADE,47500,6,40,1,LPI,Implement a Leading Pedestrian Interval (LPI),,LPI-01061,Potential Location,0.870000005,1,5408.8083328125,,,,,,,,,,,,,5408.8083328125,,6,87,87000427 = 2.141|87044000 = 1.642|87A19155 = .119,SW 102ND AVE|SW 40TH ST,25700,87044000,87000427,Y,-80.35975869,25.73242515,10,,On-System / On-System,87044000,1264,LPI-01061,1,2.141,2.1310000000000002,2.151,SW 102ND AVE,Off Corridor,,0,0,0,0,,,Unmatched,,0
100108,226024,87044000,URBAN GENERAL,MIAMI,URBAN PRIN ART OTHER,DIVIDED,,SR  976,6,MIAMI-DADE,47500,6,40,1,LPI,Implement a Leading Pedestrian Interval (LPI),,LPI-01061,Potential Location,0.870000005,1,5408.8083328125,,,,,,,,,,,,,5408.8083328125,,6,87,87000427 = 2.141|87044000 = 1.642|87A19155 = .119,SW 102ND AVE|SW 40TH ST,25700,87044000,87000427,Y,-80.35975869,25.73242515,10,,On-System / On-System,87044000,1264,LPI-01061,2,1.642,1.632,1.652,SW 40TH ST,Off Corridor,,0,0,0,0,,,Unmatched,,0
100125,226184,87044000,URBAN GENERAL,MIAMI,URBAN PRIN ART OTHER,DIVIDED,,SR  976,6,MIAMI-DADE,45000,6,40,1,LPI,Implement a Leading Pedestrian Interval (LPI),,LPI-01580,Potential Location,0.870000005,1,5408.8083328125,,,,,,,,,,,,,5408.8083328125,,6,87,87044000 = .173|87077503 = 1.2|87A03508 = .012,SW 117TH AVE|SW 40TH ST,28550,87044000,87077503,Y,-80.38325,25.73206,10,,On-System / On-System,87044000,1265,LPI-01580,1,0.173,0.16299999999999998,0.183,SW 117TH AVE,Off Corridor,,0,0,0,0,88.8,6,No Match - Angle Mismatch,,0
100125,226184,87077503,URBAN GENERAL,MIAMI,URBAN PRIN ART OTHER,DIVIDED,,SR  976,6,MIAMI-DADE,45000,6,40,1,LPI,Implement a Leading Pedestrian Interval (LPI),,LPI-01580,Potential Location,0.870000005,1,5408.8083328125,,,,,,,,,,,,,5408.8083328125,,6,87,87044000 = .173|87077503 = 1.2|87A03508 = .012,SW 117TH AVE|SW 40TH ST,28550,87044000,87077503,Y,-80.38325,25.73206,10,,On-System / On-System,87044000,1265,LPI-01580,2,1.2,1.19,1.21,SW 40TH ST,On Corridor,444194-1,1,104,0.02,100,0,0.2,Verified Match,444194-1,1
100167,222768,87000218,URBAN GENERAL,MIAMI,URBAN MINOR ART,1WAY,,SR  916,6,MIAMI-DADE,18000,3,40,1,LPI,Implement a Leading Pedestrian Interval (LPI),,LPI-00424,Potential Location,0.870000005,1,5408.8083328125,,,,,,,,,,,,,5408.8083328125,,6,87,87000218 = 1|87008000 = 5.837|87A00965 = 0,NW 135TH ST|NW 19TH AVE,7000,87008000,87000218,Y,-80.23144765,25.89754004,10,,On-System / On-System,87008000,1266,LPI-00424,1,1,0.99,1.01,NW 135TH ST,Off Corridor,,0,0,0,0,,,Unmatched,,0
100167,222768,87008000,URBAN GENERAL,MIAMI,URBAN MINOR ART,1WAY,,SR  916,6,MIAMI-DADE,18000,3,40,1,LPI,Implement a Leading Pedestrian Interval (LPI),,LPI-00424,Potential Location,0.870000005,1,5408.8083328125,,,,,,,,,,,,,5408.8083328125,,6,87,87000218 = 1|87008000 = 5.837|87A00965 = 0,NW 135TH ST|NW 19TH AVE,7000,87008000,87000218,Y,-80.23144765,25.89754004,10,,On-System / On-System,87008000,1266,LPI-00424,2,5.837,5.827,5.8469999999999995,NW 19TH AVE,Off Corridor,,0,0,0,0,,,Unmatched,,0
100249,224364,87044000,URBAN GENERAL,MIAMI,URBAN PRIN ART OTHER,DIVIDED,,SR  976,6,MIAMI-DADE,47500,6,40,1,LPI,Implement a Leading Pedestrian Interval (LPI),,LPI-00759,Potential Location,0.870000005,1,5408.8083328125,,,,,,,,,,,,,5408.8083328125,,6,87,87044000 = 2.056,SW 40TH ST,22500,87044000,,Y,-80.35315895,25.73277947,10,,On-System / On-System,87044000,1267,LPI-00759,1,2.056,2.0460000000000003,2.066,SW 40TH ST,Off Corridor,,0,0,0,0,,,Unmatched,,0
100322,229061,87000412,URBAN GENERAL,MIAMI,URBAN MAJOR COLLECTOR,NOT DIVIDED,,SR 9336,6,MIAMI-DADE,26000,2,45,1,LPI,Implement a Leading Pedestrian Interval (LPI),,LPI-01603,Potential Location,0.870000005,1,5408.8083328125,,,,,,,,,,,,,5408.8083328125,,6,87,87000412 = 0|87000507 = .507|87160000 = 7.599,SW 187TH AVE|SW 344TH ST|W PALM DR,18500,87160000,87000412,Y,-80.49339007,25.44779165,10,,On-System / On-System,87160000,1268,LPI-01603,1,0,0,0.01,SW 187TH AVE,Off Corridor,,0,0,0,0,89.5,26.5,No Match - Angle Mismatch,,0
100322,229061,87000507,URBAN GENERAL,MIAMI,URBAN MAJOR COLLECTOR,NOT DIVIDED,,SR 9336,6,MIAMI-DADE,26000,2,45,1,LPI,Implement a Leading Pedestrian Interval (LPI),,LPI-01603,Potential Location,0.870000005,1,5408.8083328125,,,,,,,,,,,,,5408.8083328125,,6,87,87000412 = 0|87000507 = .507|87160000 = 7.599,SW 187TH AVE|SW 344TH ST|W PALM DR,18500,87160000,87000412,Y,-80.49339007,25.44779165,10,,On-System / On-System,87160000,1268,LPI-01603,2,0.507,0.497,0.517,SW 344TH ST,Off Corridor,,0,0,0,0,89.2,26.4,No Match - Angle Mismatch,,0
100322,229061,87160000,URBAN GENERAL,MIAMI,URBAN MAJOR COLLECTOR,NOT DIVIDED,,SR 9336,6,MIAMI-DADE,26000,2,45,1,LPI,Implement a Leading Pedestrian Interval (LPI),,LPI-01603,Potential Location,0.870000005,1,5408.8083328125,,,,,,,,,,,,,5408.8083328125,,6,87,87000412 = 0|87000507 = .507|87160000 = 7.599,SW 187TH AVE|SW 344TH ST|W PALM DR,18500,87160000,87000412,Y,-80.49339007,25.44779165,10,,On-System / On-System,87160000,1268,LPI-01603,3,7.599,7.589,7.609,W PALM DR,On Corridor,446969-1,1,106,0.02,100,0.8,0.1,Verified Match,446969-1,1
100342,229140,87000109,URBAN GENERAL,MIAMI,URBAN MINOR ART,DIVIDED,,SR  985,6,MIAMI-DADE,26500,4,40,1,LPI,Implement a Leading Pedestrian Interval (LPI),,LPI-02557,Potential Location,0.870000005,1,5408.8083328125,,,,,,,,,,,,,5408.8083328125,,6,87,87000109 = .001|87000406 = 1|87072000 = 4.674,SW 107TH AVE|SW 32ND ST,18800,87072000,87000406,Y,-80.36773,25.73957558,10,,On-System / On-System,87072000,1269,LPI-02557,1,0.001,0,0.011,SW 107TH AVE,Off Corridor,,0,0,0,0,88.2,28.9,No Match - Angle Mismatch,,0
100342,229140,87000406,URBAN GENERAL,MIAMI,URBAN MINOR ART,DIVIDED,,SR  985,6,MIAMI-DADE,26500,4,40,1,LPI,Implement a Leading Pedestrian Interval (LPI),,LPI-02557,Potential Location,0.870000005,1,5408.8083328125,,,,,,,,,,,,,5408.8083328125,,6,87,87000109 = .001|87000406 = 1|87072000 = 4.674,SW 107TH AVE|SW 32ND ST,18800,87072000,87000406,Y,-80.36773,25.73957558,10,,On-System / On-System,87072000,1269,LPI-02557,2,1,0.99,1.01,SW 32ND ST,Off Corridor,,0,0,0,0,88.3,26.3,No Match - Angle Mismatch,,0
100342,229140,87072000,URBAN GENERAL,MIAMI,URBAN MINOR ART,DIVIDED,,SR  985,6,MIAMI-DADE,26500,4,40,1,LPI,Implement a Leading Pedestrian Interval (LPI),,LPI-02557,Potential Location,0.870000005,1,5408.8083328125,,,,,,,,,,,,,5408.8083328125,,6,87,87000109 = .001|87000406 = 1|87072000 = 4.674,SW 107TH AVE|SW 32ND ST,18800,87072000,87000406,Y,-80.36773,25.73957558,10,,On-System / On-System,87072000,1269,LPI-02557,3,4.674,4.664000000000001,4.684,,On Corridor,452569-1,3,106,0.02,100,0,0.2,Verified Match,452569-1,3
100356,229257,87054504,URBAN GENERAL,MIAMI,URBAN MINOR ART,DIVIDED,,SR  985,6,MIAMI-DADE,45500,4,40,1,LPI,Implement a Leading Pedestrian Interval (LPI),,LPI-00172,Potential Location,0.870000005,1,5408.8083328125,,,,,,,,,,,,,5408.8083328125,,6,87,87054504 = .993|87072000 = 5.167,SW 107TH AVE|SW 24TH ST,62000,87072000,87054504,Y,-80.3677519,25.74669317,10,,On-System / On-System,87072000,1270,LPI-00172,1,0.993,0.983,1.003,SW 107TH AVE,Off Corridor,,0,0,0,0,88,62.1,No Match - Angle Mismatch,,0
100356,229257,87072000,URBAN GENERAL,MIAMI,URBAN MINOR ART,DIVIDED,,SR  985,6,MIAMI-DADE,45500,4,40,1,LPI,Implement a Leading Pedestrian Interval (LPI),,LPI-00172,Potential Location,0.870000005,1,5408.8083328125,,,,,,,,,,,,,5408.8083328125,,6,87,87054504 = .993|87072000 = 5.167,SW 107TH AVE|SW 24TH ST,62000,87072000,87054504,Y,-80.3677519,25.74669317,10,,On-System / On-System,87072000,1270,LPI-00172,2,5.167,5.157,5.177,SW 24TH ST,On Corridor,452569-1,3,106,0.02,100,9.7,100.2,Verified Match,452569-1,3
100371,226704,87000113,URBAN GENERAL,MIAMI,URBAN PRIN ART OTHER,DIVIDED,,SR  976,6,MIAMI-DADE,49000,6,40,1,LPI,Implement a Leading Pedestrian Interval (LPI),,LPI-01494,Potential Location,0.870000005,1,5408.8083328125,,,,,,,,,,,,,5408.8083328125,,6,87,87000113 = 2.347|87000114 = .005|87044000 = 2.646,BIRD RD|SW 40TH ST|SW 92ND AVE,32950,87044000,87000114,Y,-80.34372512,25.73291173,10,,On-System / On-System,87044000,1271,LPI-01494,1,2.347,2.337,2.3569999999999998,BIRD RD,Off Corridor,,0,0,0,0,,,Unmatched,,0
100371,226704,87000114,URBAN GENERAL,MIAMI,URBAN PRIN ART OTHER,DIVIDED,,SR  976,6,MIAMI-DADE,49000,6,40,1,LPI,Implement a Leading Pedestrian Interval (LPI),,LPI-01494,Potential Location,0.870000005,1,5408.8083328125,,,,,,,,,,,,,5408.8083328125,,6,87,87000113 = 2.347|87000114 = .005|87044000 = 2.646,BIRD RD|SW 40TH ST|SW 92ND AVE,32950,87044000,87000114,Y,-80.34372512,25.73291173,10,,On-System / On-System,87044000,1271,LPI-01494,2,0.005,0,0.015,SW 40TH ST,Off Corridor,,0,0,0,0,,,Unmatched,,0
100371,226704,87044000,URBAN GENERAL,MIAMI,URBAN PRIN ART OTHER,DIVIDED,,SR  976,6,MIAMI-DADE,49000,6,40,1,LPI,Implement a Leading Pedestrian Interval (LPI),,LPI-01494,Potential Location,0.870000005,1,5408.8083328125,,,,,,,,,,,,,5408.8083328125,,6,87,87000113 = 2.347|87000114 = .005|87044000 = 2.646,BIRD RD|SW 40TH ST|SW 92ND AVE,32950,87044000,87000114,Y,-80.34372512,25.73291173,10,,On-System / On-System,87044000,1271,LPI-01494,3,2.646,2.636,2.6559999999999997,SW 92ND AVE,Off Corridor,,0,0,0,0,,,Unmatched,,0
100398,224685,87000123,URBAN GENERAL,MIAMI,URBAN PRIN ART OTHER,DIVIDED,,SR  976,6,MIAMI-DADE,42000,4,35,1,LPI,Implement a Leading Pedestrian Interval (LPI),,LPI-00632,Potential Location,0.870000005,1,5408.8083328125,,,,,,,,,,,,,5408.8083328125,,6,87,87000123 = 2.198|87044000 = 7.618|87A27918 = .963,BIRD RD|RIVIERA DR,23550,87044000,87000123,Y,-80.264275,25.73469502,10,,On-System / On-System,87044000,1272,LPI-00632,1,2.198,2.188,2.2079999999999997,BIRD RD,Off Corridor,,0,0,0,0,,,Unmatched,,0
100398,224685,87044000,URBAN GENERAL,MIAMI,URBAN PRIN ART OTHER,DIVIDED,,SR  976,6,MIAMI-DADE,42000,4,35,1,LPI,Implement a Leading Pedestrian Interval (LPI),,LPI-00632,Potential Location,0.870000005,1,5408.8083328125,,,,,,,,,,,,,5408.8083328125,,6,87,87000123 = 2.198|87044000 = 7.618|87A27918 = .963,BIRD RD|RIVIERA DR,23550,87044000,87000123,Y,-80.264275,25.73469502,10,,On-System / On-System,87044000,1272,LPI-00632,2,7.618,7.6080000000000005,7.628,RIVIERA DR,Off Corridor,,0,0,0,0,,,Unmatched,,0
100400,229420,87080900,URBAN GENERAL,MIAMI,URBAN MINOR ART,DIVIDED,,SR  934,6,MIAMI-DADE,29500,4,35,1,LPI,Implement a Leading Pedestrian Interval (LPI),,LPI-00586,Potential Location,0.870000005,1,5408.8083328125,,,,,,,,,,,,,5408.8083328125,,6,87,87080900 = 33.935|87A08643 = .335|87A14355 = 1.374,CURTISS DR|E 21ST ST|E 2ND AVE,13500,87080900,87A08643,Y,-80.278033,25.84084308,10,,On-System / Off-System,87080900,1273,LPI-00586,1,33.935,33.925000000000004,33.945,CURTISS DR,Off Corridor,,0,0,0,0,,,Unmatched,,0
100403,229420,87000192,URBAN GENERAL,MIAMI,URBAN MINOR ART,DIVIDED,,SR  934,6,MIAMI-DADE,29500,4,35,1,LPI,Implement a Leading Pedestrian Interval (LPI),,LPI-00990,Potential Location,0.870000005,1,5408.8083328125,,,,,,,,,,,,,5408.8083328125,,6,87,87000192 = 1.642|87000329 = 0|87080900 = 34.187,E 21ST ST|E 4TH AVE,38950,87080900,87000192,Y,-80.27400972,25.84108491,10,,On-System / On-System,87080900,1274,LPI-00990,1,1.642,1.632,1.652,E 21ST ST,Off Corridor,,0,0,0,0,,,Unmatched,,0
100403,229420,87000329,URBAN GENERAL,MIAMI,URBAN MINOR ART,DIVIDED,,SR  934,6,MIAMI-DADE,29500,4,35,1,LPI,Implement a Leading Pedestrian Interval (LPI),,LPI-00990,Potential Location,0.870000005,1,5408.8083328125,,,,,,,,,,,,,5408.8083328125,,6,87,87000192 = 1.642|87000329 = 0|87080900 = 34.187,E 21ST ST|E 4TH AVE,38950,87080900,87000192,Y,-80.27400972,25.84108491,10,,On-System / On-System,87080900,1274,LPI-00990,2,0,0,0.01,E 4TH AVE,Off Corridor,,0,0,0,0,,,Unmatched,,0
100403,229420,87080900,URBAN GENERAL,MIAMI,URBAN MINOR ART,DIVIDED,,SR  934,6,MIAMI-DADE,29500,4,35,1,LPI,Implement a Leading Pedestrian Interval (LPI),,LPI-00990,Potential Location,0.870000005,1,5408.8083328125,,,,,,,,,,,,,5408.8083328125,,6,87,87000192 = 1.642|87000329 = 0|87080900 = 34.187,E 21ST ST|E 4TH AVE,38950,87080900,87000192,Y,-80.27400972,25.84108491,10,,On-System / On-System,87080900,1274,LPI-00990,3,34.187,34.177,34.196999999999996,,Off Corridor,,0,0,0,0,,,Unmatched,,0
100460,229451,87000346,URBAN GENERAL,MIAMI,URBAN MINOR ART,DIVIDED,,SR  985,6,MIAMI-DADE,45500,6,40,1,LPI,Implement a Leading Pedestrian Interval (LPI),,LPI-00322,Potential Location,0.870000005,1,5408.8083328125,,,,,,,,,,,,,5408.8083328125,,6,87,87000346 = .007|87072000 = 5.71,SW 107TH AVE|SW 16TH ST,24150,87072000,87000346,Y,-80.36810897,25.75428,10,,On-System / On-System,87072000,1275,LPI-00322,1,0.007,0,0.017,SW 107TH AVE,Off Corridor,,0,0,0,0,,,Unmatched,,0
100460,229451,87072000,URBAN GENERAL,MIAMI,URBAN MINOR ART,DIVIDED,,SR  985,6,MIAMI-DADE,45500,6,40,1,LPI,Implement a Leading Pedestrian Interval (LPI),,LPI-00322,Potential Location,0.870000005,1,5408.8083328125,,,,,,,,,,,,,5408.8083328125,,6,87,87000346 = .007|87072000 = 5.71,SW 107TH AVE|SW 16TH ST,24150,87072000,87000346,Y,-80.36810897,25.75428,10,,On-System / On-System,87072000,1275,LPI-00322,2,5.71,5.7,5.72,SW 16TH ST,Off Corridor,,0,0,0,0,,,Unmatched,,0
100479,224414,87000213,URBAN GENERAL,MIAMI,URBAN PRIN ART OTHER,DIVIDED,US    1,SR    5,6,MIAMI-DADE,45000,4,35,1,LPI,Implement a Leading Pedestrian Interval (LPI),,LPI-01409,Potential Location,0.870000005,1,5408.8083328125,,,,,,,,,,,,,5408.8083328125,,6,87,87000213 = 1.014|87030000 = 16.606|87A13713 = 0,BISCAYNE BLVD|NE 87TH ST,23250,87030000,87000213,Y,-80.18492743,25.85523005,10,,On-System / On-System,87030000,1276,LPI-01409,1,1.014,1.004,1.024,BISCAYNE BLVD,Off Corridor,,0,0,0,0,88.8,26.9,No Match - Angle Mismatch,,0
100479,224414,87030000,URBAN GENERAL,MIAMI,URBAN PRIN ART OTHER,DIVIDED,US    1,SR    5,6,MIAMI-DADE,45000,4,35,1,LPI,Implement a Leading Pedestrian Interval (LPI),,LPI-01409,Potential Location,0.870000005,1,5408.8083328125,,,,,,,,,,,,,5408.8083328125,,6,87,87000213 = 1.014|87030000 = 16.606|87A13713 = 0,BISCAYNE BLVD|NE 87TH ST,23250,87030000,87000213,Y,-80.18492743,25.85523005,10,,On-System / On-System,87030000,1276,LPI-01409,2,16.606,16.596,16.616000000000003,NE 87TH ST,On Corridor,445996-1,2,106,0.02,100,0.3,0.3,Verified Match,445996-1,2
100566,223911,87032502,URBAN GENERAL,MIAMI,URBAN MINOR ART,DIVIDED,,SR  932,6,MIAMI-DADE,28500,4,40,1,LPI,Implement a Leading Pedestrian Interval (LPI),,LPI-00669,Potential Location,0.870000005,1,5408.8083328125,,,,,,,,,,,,,5408.8083328125,,6,87,87032502 = 1.524|87038000 = 8.943,N MIAMI AVE|NE 103RD ST|NW 103RD ST,29800,87038000,87032502,Y,-80.19774965,25.86956001,10,,On-System / On-System,87038000,1277,LPI-00669,1,1.524,1.514,1.534,N MIAMI AVE,Off Corridor,,0,0,0,0,,,Unmatched,,0
100566,223911,87038000,URBAN GENERAL,MIAMI,URBAN MINOR ART,DIVIDED,,SR  932,6,MIAMI-DADE,28500,4,40,1,LPI,Implement a Leading Pedestrian Interval (LPI),,LPI-00669,Potential Location,0.870000005,1,5408.8083328125,,,,,,,,,,,,,5408.8083328125,,6,87,87032502 = 1.524|87038000 = 8.943,N MIAMI AVE|NE 103RD ST|NW 103RD ST,29800,87038000,87032502,Y,-80.19774965,25.86956001,10,,On-System / On-System,87038000,1277,LPI-00669,2,8.943,8.933,8.953,NE 103RD ST,Off Corridor,,0,0,0,0,,,Unmatched,,0
100646,222874,87000112,URBAN GENERAL,MIAMI,URBAN PRIN ART OTHER,DIVIDED,,SR   94,6,MIAMI-DADE,55500,6,45,1,LPI,Implement a Leading Pedestrian Interval (LPI),,LPI-00729,Potential Location,0.870000005,1,5408.8083328125,,,,,,,,,,,,,5408.8083328125,,6,87,87000112 = .007|87001000 = 7.824,SW 88TH ST|SW 99TH CT,30250,87001000,87000112,Y,-80.35466,25.68738093,10,,On-System / On-System,87001000,1278,LPI-00729,1,0.007,0,0.017,SW 88TH ST,Off Corridor,,0,0,0,0,89,65.6,No Match - Angle Mismatch,,0
100646,222874,87001000,URBAN GENERAL,MIAMI,URBAN PRIN ART OTHER,DIVIDED,,SR   94,6,MIAMI-DADE,55500,6,45,1,LPI,Implement a Leading Pedestrian Interval (LPI),,LPI-00729,Potential Location,0.870000005,1,5408.8083328125,,,,,,,,,,,,,5408.8083328125,,6,87,87000112 = .007|87001000 = 7.824,SW 88TH ST|SW 99TH CT,30250,87001000,87000112,Y,-80.35466,25.68738093,10,,On-System / On-System,87001000,1278,LPI-00729,2,7.824,7.814,7.834,SW 99TH CT,On Corridor,437784-1,1,106,0.02,100,0,0.1,Verified Match,437784-1,1
100710,223022,87000280,URBAN GENERAL,MIAMI,URBAN PRIN ART OTHER,DIVIDED,,SR  817,6,MIAMI-DADE,36000,6,45,1,LPI,Implement a Leading Pedestrian Interval (LPI),,LPI-01258,Potential Location,0.870000005,1,5408.8083328125,,,,,,,,,,,,,5408.8083328125,,6,87,87000280 = .019|87019000 = 1.313|87A11311 = .311,NW 160TH ST|NW 27TH AVE,18000,87019000,87000280,Y,-80.24428245,25.92021406,10,,On-System / On-System,87019000,1279,LPI-01258,1,0.019,0.009,0.028999999999999998,NW 160TH ST,Off Corridor,,0,0,0,0,89.6,79.8,No Match - Angle Mismatch,,0
100710,223022,87019000,URBAN GENERAL,MIAMI,URBAN PRIN ART OTHER,DIVIDED,,SR  817,6,MIAMI-DADE,36000,6,45,1,LPI,Implement a Leading Pedestrian Interval (LPI),,LPI-01258,Potential Location,0.870000005,1,5408.8083328125,,,,,,,,,,,,,5408.8083328125,,6,87,87000280 = .019|87019000 = 1.313|87A11311 = .311,NW 160TH ST|NW 27TH AVE,18000,87019000,87000280,Y,-80.24428245,25.92021406,10,,On-System / On-System,87019000,1279,LPI-01258,2,1.313,1.303,1.323,NW 27TH AVE,On Corridor,438076-1,4,106,0.02,100,0,0.4,Verified Match,438076-1,4
100818,223076,87000227,URBAN GENERAL,MIAMI,URBAN PRIN ART OTHER,DIVIDED,,SR  817,6,MIAMI-DADE,36000,6,35,1,LPI,Implement a Leading Pedestrian Interval (LPI),,LPI-00731,Potential Location,0.870000005,1,5408.8083328125,,,,,,,,,,,,,5408.8083328125,,6,87,87000227 = 1.064|87019000 = .266,ALI BABA AVE|NW 27TH AVE|UNITY BLVD,19950,87019000,87000227,Y,-80.24389494,25.90503503,10,,On-System / On-System,87019000,1280,LPI-00731,1,1.064,1.054,1.074,ALI BABA AVE,Off Corridor,,0,0,0,0,63.1,17,No Match - Angle Mismatch,,0
100818,223076,87019000,URBAN GENERAL,MIAMI,URBAN PRIN ART OTHER,DIVIDED,,SR  817,6,MIAMI-DADE,36000,6,35,1,LPI,Implement a Leading Pedestrian Interval (LPI),,LPI-00731,Potential Location,0.870000005,1,5408.8083328125,,,,,,,,,,,,,5408.8083328125,,6,87,87000227 = 1.064|87019000 = .266,ALI BABA AVE|NW 27TH AVE|UNITY BLVD,19950,87019000,87000227,Y,-80.24389494,25.90503503,10,,On-System / On-System,87019000,1280,LPI-00731,2,0.266,0.256,0.276,NW 27TH AVE,On Corridor,"455367-1, 438076-1, 443937-2",6,106,0.02,100,0,0.4,Verified Match,"455367-1, 438076-1, 443937-2",6
100859,221982,87000430,SUBURBAN COMMERCIAL,MIAMI,URBAN PRIN ART OTHER,DIVIDED,,SR   94,6,MIAMI-DADE,90500,8,45,1,LPI,Implement a Leading Pedestrian Interval (LPI),,LPI-00103,Potential Location,0.870000005,1,5408.8083328125,,,,,,,,,,,,,5408.8083328125,,6,87,87000430 = .992|87000431 = .008|87001000 = 4.953,SW 127TH AVE|SW 88TH ST,96150,87001000,87000430,Y,-80.40069,25.68586522,10,,On-System / On-System,87001000,1281,LPI-00103,1,0.992,0.982,1.002,SW 127TH AVE,Off Corridor,,0,0,0,0,88.7,19.5,No Match - Angle Mismatch,,0
100859,221982,87000431,SUBURBAN COMMERCIAL,MIAMI,URBAN PRIN ART OTHER,DIVIDED,,SR   94,6,MIAMI-DADE,90500,8,45,1,LPI,Implement a Leading Pedestrian Interval (LPI),,LPI-00103,Potential Location,0.870000005,1,5408.8083328125,,,,,,,,,,,,,5408.8083328125,,6,87,87000430 = .992|87000431 = .008|87001000 = 4.953,SW 127TH AVE|SW 88TH ST,96150,87001000,87000430,Y,-80.40069,25.68586522,10,,On-System / On-System,87001000,1281,LPI-00103,2,0.008,0,0.018000000000000002,SW 88TH ST,Off Corridor,,0,0,0,0,88.9,76.1,No Match - Angle Mismatch,,0
100859,221982,87001000,SUBURBAN COMMERCIAL,MIAMI,URBAN PRIN ART OTHER,DIVIDED,,SR   94,6,MIAMI-DADE,90500,8,45,1,LPI,Implement a Leading Pedestrian Interval (LPI),,LPI-00103,Potential Location,0.870000005,1,5408.8083328125,,,,,,,,,,,,,5408.8083328125,,6,87,87000430 = .992|87000431 = .008|87001000 = 4.953,SW 127TH AVE|SW 88TH ST,96150,87001000,87000430,Y,-80.40069,25.68586522,10,,On-System / On-System,87001000,1281,LPI-00103,3,4.953,4.9430000000000005,4.963,,On Corridor,437784-1,1,105,0.02,100,0.3,0.1,Verified Match,437784-1,1
100943,226028,87028503,URBAN GENERAL,MIAMI,URBAN PRIN ART OTHER,DIVIDED,,SR  932,6,MIAMI-DADE,30500,6,40,1,LPI,Implement a Leading Pedestrian Interval (LPI),,LPI-01713,Potential Location,0.870000005,1,5408.8083328125,,,,,,,,,,,,,5408.8083328125,,6,87,87028503 = 1.515|87028504 = .004|87038000 = 7.175,NW 103RD ST|NW 17TH AVE,47950,87038000,87028504,Y,-80.2261652,25.86861244,10,,On-System / On-System,87038000,1282,LPI-01713,1,1.515,1.505,1.525,NW 103RD ST,Off Corridor,,0,0,0,0,74,12.4,No Match - Angle Mismatch,,0
100943,226028,87028504,URBAN GENERAL,MIAMI,URBAN PRIN ART OTHER,DIVIDED,,SR  932,6,MIAMI-DADE,30500,6,40,1,LPI,Implement a Leading Pedestrian Interval (LPI),,LPI-01713,Potential Location,0.870000005,1,5408.8083328125,,,,,,,,,,,,,5408.8083328125,,6,87,87028503 = 1.515|87028504 = .004|87038000 = 7.175,NW 103RD ST|NW 17TH AVE,47950,87038000,87028504,Y,-80.2261652,25.86861244,10,,On-System / On-System,87038000,1282,LPI-01713,2,0.004,0,0.014,NW 17TH AVE,Off Corridor,,0,0,0,0,89.3,60.4,No Match - Angle Mismatch,,0
100943,226028,87038000,URBAN GENERAL,MIAMI,URBAN PRIN ART OTHER,DIVIDED,,SR  932,6,MIAMI-DADE,30500,6,40,1,LPI,Implement a Leading Pedestrian Interval (LPI),,LPI-01713,Potential Location,0.870000005,1,5408.8083328125,,,,,,,,,,,,,5408.8083328125,,6,87,87028503 = 1.515|87028504 = .004|87038000 = 7.175,NW 103RD ST|NW 17TH AVE,47950,87038000,87028504,Y,-80.2261652,25.86861244,10,,On-System / On-System,87038000,1282,LPI-01713,3,7.175,7.165,7.185,,On Corridor,454799-1,1,106,0.02,100,0,0.2,Verified Match,454799-1,1
101000,223933,87038000,URBAN GENERAL,MIAMI,URBAN PRIN ART OTHER,DIVIDED,,SR  932,6,MIAMI-DADE,47000,6,40,1,LPI,Implement a Leading Pedestrian Interval (LPI),,LPI-01278,Potential Location,0.870000005,1,5408.8083328125,,,,,,,,,,,,,5408.8083328125,,6,87,87038000 = 2.505,W 49TH ST,22500,87038000,87A27715,N,,,10,,On-System / Off-System,87038000,1283,LPI-01278,1,2.505,2.495,2.5149999999999997,W 49TH ST,On Corridor,"445993-1, 451122-1",7,106,0.02,100,0,0.2,Verified Match,"445993-1, 451122-1",7
101001,224254,87000231,URBAN GENERAL,MIAMI,URBAN PRIN ART OTHER,DIVIDED,,SR  932,6,MIAMI-DADE,44500,4,40,1,LPI,Implement a Leading Pedestrian Interval (LPI),,LPI-00448,Potential Location,0.870000005,1,5408.8083328125,,,,,,,,,,,,,5408.8083328125,,6,87,87000231 = 1.553|87038000 = 4.159,E 49TH ST|E 4TH AVE,28500,87038000,87000231,Y,-80.27464,25.86716558,10,,On-System / On-System,87038000,1284,LPI-00448,1,1.553,1.543,1.563,E 49TH ST,Off Corridor,,0,0,0,0,88.9,22.8,No Match - Angle Mismatch,,0
101001,224254,87038000,URBAN GENERAL,MIAMI,URBAN PRIN ART OTHER,DIVIDED,,SR  932,6,MIAMI-DADE,44500,4,40,1,LPI,Implement a Leading Pedestrian Interval (LPI),,LPI-00448,Potential Location,0.870000005,1,5408.8083328125,,,,,,,,,,,,,5408.8083328125,,6,87,87000231 = 1.553|87038000 = 4.159,E 49TH ST|E 4TH AVE,28500,87038000,87000231,Y,-80.27464,25.86716558,10,,On-System / On-System,87038000,1284,LPI-00448,2,4.159,4.149,4.169,E 4TH AVE,On Corridor,446300-1,1,106,0.02,100,0.4,0.2,Verified Match,446300-1,1
101007,223933,87000233,URBAN GENERAL,MIAMI,URBAN PRIN ART OTHER,DIVIDED,,SR  932,6,MIAMI-DADE,47000,6,40,1,LPI,Implement a Leading Pedestrian Interval (LPI),,LPI-01279,Potential Location,0.870000005,1,5408.8083328125,,,,,,,,,,,,,5408.8083328125,,6,87,87000233 = .546|87038000 = 2.658,W 49TH ST|W 8TH AVE,30900,87038000,87000233,Y,-80.29879,25.86664363,10,,On-System / On-System,87038000,1285,LPI-01279,1,0.546,0.536,0.556,W 49TH ST,Off Corridor,,0,0,0,0,88.8,17.7,No Match - Angle Mismatch,,0
101007,223933,87038000,URBAN GENERAL,MIAMI,URBAN PRIN ART OTHER,DIVIDED,,SR  932,6,MIAMI-DADE,47000,6,40,1,LPI,Implement a Leading Pedestrian Interval (LPI),,LPI-01279,Potential Location,0.870000005,1,5408.8083328125,,,,,,,,,,,,,5408.8083328125,,6,87,87000233 = .546|87038000 = 2.658,W 49TH ST|W 8TH AVE,30900,87038000,87000233,Y,-80.29879,25.86664363,10,,On-System / On-System,87038000,1285,LPI-01279,2,2.658,2.648,2.6679999999999997,W 8TH AVE,On Corridor,"445993-1, 451122-1",7,106,0.02,100,0,0.2,Verified Match,"445993-1, 451122-1",7
101093,226558,87000209,URBAN GENERAL,MIAMI,URBAN PRIN ART OTHER,DIVIDED,,SR  932,6,MIAMI-DADE,46000,6,40,1,LPI,Implement a Leading Pedestrian Interval (LPI),,LPI-01695,Potential Location,0.870000005,1,5408.8083328125,,,,,,,,,,,,,5408.8083328125,,6,87,87000209 = .542|87038000 = 5.643,NW 103RD ST|NW 32ND AVE,31750,87038000,87000209,Y,-80.2508,25.86781426,10,,On-System / On-System,87038000,1286,LPI-01695,1,0.542,0.532,0.552,NW 103RD ST,Off Corridor,,0,0,0,0,89,29.6,No Match - Angle Mismatch,,0
101093,226558,87038000,URBAN GENERAL,MIAMI,URBAN PRIN ART OTHER,DIVIDED,,SR  932,6,MIAMI-DADE,46000,6,40,1,LPI,Implement a Leading Pedestrian Interval (LPI),,LPI-01695,Potential Location,0.870000005,1,5408.8083328125,,,,,,,,,,,,,5408.8083328125,,6,87,87000209 = .542|87038000 = 5.643,NW 103RD ST|NW 32ND AVE,31750,87038000,87000209,Y,-80.2508,25.86781426,10,,On-System / On-System,87038000,1286,LPI-01695,2,5.643,5.633,5.653,NW 32ND AVE,On Corridor,445746-1,1,106,0.02,100,0,0.2,Verified Match,445746-1,1
101179,228809,87170000,URBAN GENERAL,MIAMI,URBAN PRIN ART OTHER,DIVIDED,,SR  826,6,MIAMI-DADE,47500,6,35,1,LPI,Implement a Leading Pedestrian Interval (LPI),,LPI-02556,Potential Location,0.870000005,1,5408.8083328125,,,,,,,,,,,,,5408.8083328125,,6,87,87170000 = 3.564|87190000 = 3.763|87550504 = .006,NE 163RD ST|NE 22ND AVE|W DIXIE HWY,38400,87170000,87190000,Y,-80.15594,25.92611653,10,,On-System / On-System,87170000,1287,LPI-02556,1,3.564,3.5540000000000003,3.574,NE 163RD ST,On Corridor,"452561-1, 449270-1",5,105,0.02,100,0.9,0.3,Verified Match,"452561-1, 449270-1",5
101179,228809,87190000,URBAN GENERAL,MIAMI,URBAN PRIN ART OTHER,DIVIDED,,SR  826,6,MIAMI-DADE,47500,6,35,1,LPI,Implement a Leading Pedestrian Interval (LPI),,LPI-02556,Potential Location,0.870000005,1,5408.8083328125,,,,,,,,,,,,,5408.8083328125,,6,87,87170000 = 3.564|87190000 = 3.763|87550504 = .006,NE 163RD ST|NE 22ND AVE|W DIXIE HWY,38400,87170000,87190000,Y,-80.15594,25.92611653,10,,On-System / On-System,87170000,1287,LPI-02556,2,3.763,3.753,3.7729999999999997,NE 22ND AVE,On Corridor,440179-1,1,75,0.01,100,1.2,0.3,Verified Parallel Fallback,440179-1,1
101179,228809,87550504,URBAN GENERAL,MIAMI,URBAN PRIN ART OTHER,DIVIDED,,SR  826,6,MIAMI-DADE,47500,6,35,1,LPI,Implement a Leading Pedestrian Interval (LPI),,LPI-02556,Potential Location,0.870000005,1,5408.8083328125,,,,,,,,,,,,,5408.8083328125,,6,87,87170000 = 3.564|87190000 = 3.763|87550504 = .006,NE 163RD ST|NE 22ND AVE|W DIXIE HWY,38400,87170000,87190000,Y,-80.15594,25.92611653,10,,On-System / On-System,87170000,1287,LPI-02556,3,0.006,0,0.016,W DIXIE HWY,On Corridor,440179-1,1,85,0.02,100,3.1,42.9,Verified Match,440179-1,1
101271,223973,87000262,URBAN GENERAL,MIAMI,URBAN MINOR ART,DIVIDED,,SR  915,6,MIAMI-DADE,26500,4,40,1,LPI,Implement a Leading Pedestrian Interval (LPI),,LPI-01654,Potential Location,0.870000005,1,5408.8083328125,,,,,,,,,,,,,5408.8083328125,,6,87,87000262 = 1.376|87000402 = 0|87034000 = 4.474,NE 159TH ST|NE 6TH AVE,22850,87034000,87000402,Y,-80.18794982,25.92123691,10,,On-System / On-System,87034000,1288,LPI-01654,1,1.376,1.3659999999999999,1.386,NE 159TH ST,Off Corridor,,0,0,0,0,89.8,29.4,No Match - Angle Mismatch,,0
101271,223973,87000402,URBAN GENERAL,MIAMI,URBAN MINOR ART,DIVIDED,,SR  915,6,MIAMI-DADE,26500,4,40,1,LPI,Implement a Leading Pedestrian Interval (LPI),,LPI-01654,Potential Location,0.870000005,1,5408.8083328125,,,,,,,,,,,,,5408.8083328125,,6,87,87000262 = 1.376|87000402 = 0|87034000 = 4.474,NE 159TH ST|NE 6TH AVE,22850,87034000,87000402,Y,-80.18794982,25.92123691,10,,On-System / On-System,87034000,1288,LPI-01654,2,0,0,0.01,NE 6TH AVE,Off Corridor,,0,0,0,0,89.9,26.1,No Match - Angle Mismatch,,0
101271,223973,87034000,URBAN GENERAL,MIAMI,URBAN MINOR ART,DIVIDED,,SR  915,6,MIAMI-DADE,26500,4,40,1,LPI,Implement a Leading Pedestrian Interval (LPI),,LPI-01654,Potential Location,0.870000005,1,5408.8083328125,,,,,,,,,,,,,5408.8083328125,,6,87,87000262 = 1.376|87000402 = 0|87034000 = 4.474,NE 159TH ST|NE 6TH AVE,22850,87034000,87000402,Y,-80.18794982,25.92123691,10,,On-System / On-System,87034000,1288,LPI-01654,3,4.474,4.464,4.484,,On Corridor,440179-2,1,106,0.02,100,0,0.3,Verified Match,440179-2,1
101283,222134,87000488,URBAN GENERAL,MIAMI,URBAN PRIN ART OTHER,DIVIDED,,SR   94,6,MIAMI-DADE,90500,8,45,1,LPI,Implement a Leading Pedestrian Interval (LPI),,LPI-00420,Potential Location,0.870000005,1,5408.8083328125,,,,,,,,,,,,,5408.8083328125,,6,87,87000488 = 2.075|87001000 = 5.377|87A20849 = 0,SW 122ND AVE|SW 124TH AVE|SW 88TH ST,48850,87001000,87000488,Y,-80.3939,25.68608377,10,,On-System / On-System,87001000,1289,LPI-00420,1,2.075,2.0650000000000004,2.085,SW 122ND AVE,Off Corridor,,0,0,0,0,87.6,17.7,No Match - Angle Mismatch,,0
101283,222134,87001000,URBAN GENERAL,MIAMI,URBAN PRIN ART OTHER,DIVIDED,,SR   94,6,MIAMI-DADE,90500,8,45,1,LPI,Implement a Leading Pedestrian Interval (LPI),,LPI-00420,Potential Location,0.870000005,1,5408.8083328125,,,,,,,,,,,,,5408.8083328125,,6,87,87000488 = 2.075|87001000 = 5.377|87A20849 = 0,SW 122ND AVE|SW 124TH AVE|SW 88TH ST,48850,87001000,87000488,Y,-80.3939,25.68608377,10,,On-System / On-System,87001000,1289,LPI-00420,2,5.377,5.367,5.387,SW 124TH AVE,On Corridor,437784-1,1,105,0.02,100,0.1,0.1,Verified Match,437784-1,1
101350,228864,87000342,URBAN GENERAL,MIAMI,URBAN PRIN ART OTHER,DIVIDED,,SR  948,6,MIAMI-DADE,70500,6,40,1,LPI,Implement a Leading Pedestrian Interval (LPI),,LPI-01478,Potential Location,0.870000005,1,5408.8083328125,,,,,,,,,,,,,5408.8083328125,,6,87,87000342 = .005|87220000 = 1.285,NW 36TH ST|NW 66TH AVE,37850,87220000,87000342,Y,-80.30323,25.80722873,10,,On-System / On-System,87220000,1290,LPI-01478,1,0.005,0,0.015,NW 36TH ST,On Corridor,451684-1,1,80,0.02,100,0,0.3,Verified Match,451684-1,1
101350,228864,87220000,URBAN GENERAL,MIAMI,URBAN PRIN ART OTHER,DIVIDED,,SR  948,6,MIAMI-DADE,70500,6,40,1,LPI,Implement a Leading Pedestrian Interval (LPI),,LPI-01478,Potential Location,0.870000005,1,5408.8083328125,,,,,,,,,,,,,5408.8083328125,,6,87,87000342 = .005|87220000 = 1.285,NW 36TH ST|NW 66TH AVE,37850,87220000,87000342,Y,-80.30323,25.80722873,10,,On-System / On-System,87220000,1290,LPI-01478,2,1.285,1.275,1.295,NW 66TH AVE,Off Corridor,,0,0,0,0,88.2,18.4,No Match - Angle Mismatch,,0
101423,226561,87000098,URBAN GENERAL,MIAMI,URBAN PRIN ART OTHER,DIVIDED,US    1,SR    5,6,MIAMI-DADE,86000,6,45,1,LPI,Implement a Leading Pedestrian Interval (LPI),,LPI-01072,Potential Location,0.870000005,1,5408.8083328125,,,,,,,,,,,,,5408.8083328125,,6,87,87000098 = .777|87030000 = 6.522|87240000 = .003,S DIXIE HWY|SW 27TH AVE,61400,87030000,87240000,Y,-80.23784525,25.73993778,10,,On-System / On-System,87030000,1291,LPI-01072,1,0.777,0.767,0.787,S DIXIE HWY,Off Corridor,,0,0,0,0,,,Unmatched,,0
101423,226561,87030000,URBAN GENERAL,MIAMI,URBAN PRIN ART OTHER,DIVIDED,US    1,SR    5,6,MIAMI-DADE,86000,6,45,1,LPI,Implement a Leading Pedestrian Interval (LPI),,LPI-01072,Potential Location,0.870000005,1,5408.8083328125,,,,,,,,,,,,,5408.8083328125,,6,87,87000098 = .777|87030000 = 6.522|87240000 = .003,S DIXIE HWY|SW 27TH AVE,61400,87030000,87240000,Y,-80.23784525,25.73993778,10,,On-System / On-System,87030000,1291,LPI-01072,2,6.522,6.5120000000000005,6.532,SW 27TH AVE,Off Corridor,,0,0,0,0,,,Unmatched,,0
101423,226561,87240000,URBAN GENERAL,MIAMI,URBAN PRIN ART OTHER,DIVIDED,US    1,SR    5,6,MIAMI-DADE,86000,6,45,1,LPI,Implement a Leading Pedestrian Interval (LPI),,LPI-01072,Potential Location,0.870000005,1,5408.8083328125,,,,,,,,,,,,,5408.8083328125,,6,87,87000098 = .777|87030000 = 6.522|87240000 = .003,S DIXIE HWY|SW 27TH AVE,61400,87030000,87240000,Y,-80.23784525,25.73993778,10,,On-System / On-System,87030000,1291,LPI-01072,3,0.003,0,0.013000000000000001,,Off Corridor,,0,0,0,0,,,Unmatched,,0
101445,223988,87038000,URBAN GENERAL,MIAMI,URBAN PRIN ART OTHER,DIVIDED,,SR  932,6,MIAMI-DADE,47000,4,40,1,LPI,Implement a Leading Pedestrian Interval (LPI),,LPI-00444,Potential Location,0.870000005,1,5408.8083328125,,,,,,,,,,,,,5408.8083328125,,6,87,87038000 = 3.398|87A13114 = 0|87A13280 = 1.714,W 2ND AVE|W 49TH ST,19500,87038000,87A13114,Y,-80.28679494,25.86678004,10,,On-System / Off-System,87038000,1292,LPI-00444,1,3.398,3.3880000000000003,3.408,W 2ND AVE,Off Corridor,,0,0,0,0,,,Unmatched,,0
101477,223995,87000455,URBAN GENERAL,MIAMI,URBAN PRIN ART OTHER,DIVIDED,US    1,SR    5,6,MIAMI-DADE,86000,6,45,1,LPI,Implement a Leading Pedestrian Interval (LPI),,LPI-00750,Potential Location,0.870000005,1,5408.8083328125,,,,,,,,,,,,,5408.8083328125,,6,87,87000455 = .394|87028500 = .003|87030000 = 7.601,S DIXIE HWY|SW 17TH AVE,56700,87030000,87028500,Y,-80.22178,25.74578638,10,,On-System / On-System,87030000,1293,LPI-00750,1,0.394,0.384,0.404,S DIXIE HWY,Off Corridor,,0,0,0,0,,,Unmatched,,0
101477,223995,87028500,URBAN GENERAL,MIAMI,URBAN PRIN ART OTHER,DIVIDED,US    1,SR    5,6,MIAMI-DADE,86000,6,45,1,LPI,Implement a Leading Pedestrian Interval (LPI),,LPI-00750,Potential Location,0.870000005,1,5408.8083328125,,,,,,,,,,,,,5408.8083328125,,6,87,87000455 = .394|87028500 = .003|87030000 = 7.601,S DIXIE HWY|SW 17TH AVE,56700,87030000,87028500,Y,-80.22178,25.74578638,10,,On-System / On-System,87030000,1293,LPI-00750,2,0.003,0,0.013000000000000001,SW 17TH AVE,Off Corridor,,0,0,0,0,,,Unmatched,,0
101477,223995,87030000,URBAN GENERAL,MIAMI,URBAN PRIN ART OTHER,DIVIDED,US    1,SR    5,6,MIAMI-DADE,86000,6,45,1,LPI,Implement a Leading Pedestrian Interval (LPI),,LPI-00750,Potential Location,0.870000005,1,5408.8083328125,,,,,,,,,,,,,5408.8083328125,,6,87,87000455 = .394|87028500 = .003|87030000 = 7.601,S DIXIE HWY|SW 17TH AVE,56700,87030000,87028500,Y,-80.22178,25.74578638,10,,On-System / On-System,87030000,1293,LPI-00750,3,7.601,7.591,7.611,,Off Corridor,,0,0,0,0,,,Unmatched,,0
101578,224051,87000750,URBAN GENERAL,MIAMI,URBAN PRIN ART OTHER,DIVIDED,US    1,SR    5,6,MIAMI-DADE,41500,4,35,1,LPI,Implement a Leading Pedestrian Interval (LPI),,LPI-01350,Potential Location,0.870000005,1,5408.8083328125,,,,,,,,,,,,,5408.8083328125,,6,87,87000750 = 0|87030000 = 15.896|87A32343 = .218,BISCAYNE BLVD|NE 76TH ST,17000,87030000,87000750,Y,-80.18452324,25.84493881,10,,On-System / On-System,87030000,1294,LPI-01350,1,0,0,0.01,BISCAYNE BLVD,Off Corridor,,0,0,0,0,89.8,26.1,No Match - Angle Mismatch,,0
101578,224051,87030000,URBAN GENERAL,MIAMI,URBAN PRIN ART OTHER,DIVIDED,US    1,SR    5,6,MIAMI-DADE,41500,4,35,1,LPI,Implement a Leading Pedestrian Interval (LPI),,LPI-01350,Potential Location,0.870000005,1,5408.8083328125,,,,,,,,,,,,,5408.8083328125,,6,87,87000750 = 0|87030000 = 15.896|87A32343 = .218,BISCAYNE BLVD|NE 76TH ST,17000,87030000,87000750,Y,-80.18452324,25.84493881,10,,On-System / On-System,87030000,1294,LPI-01350,2,15.896,15.886000000000001,15.906,NE 76TH ST,On Corridor,"445996-1, 447214-1",3,106,0.02,100,0,0.3,Verified Match,"445996-1, 447214-1",3
101591,224081,87000099,URBAN GENERAL,MIAMI,URBAN PRIN ART OTHER,DIVIDED,US    1,SR    5,6,MIAMI-DADE,73500,6,45,1,LPI,Implement a Leading Pedestrian Interval (LPI),,LPI-01087,Potential Location,0.870000005,1,5408.8083328125,,,,,,,,,,,,,5408.8083328125,,6,87,87000099 = .047|87030000 = 5.655|87044000 = 8.426,BIRD RD|S DIXIE HWY|SW 40TH ST,102050,87030000,87044000,Y,-80.25059245,25.73519,10,,On-System / On-System,87030000,1295,LPI-01087,1,0.047,0.037,0.057,BIRD RD,Off Corridor,,0,0,0,0,,,Unmatched,,0
101591,224081,87030000,URBAN GENERAL,MIAMI,URBAN PRIN ART OTHER,DIVIDED,US    1,SR    5,6,MIAMI-DADE,73500,6,45,1,LPI,Implement a Leading Pedestrian Interval (LPI),,LPI-01087,Potential Location,0.870000005,1,5408.8083328125,,,,,,,,,,,,,5408.8083328125,,6,87,87000099 = .047|87030000 = 5.655|87044000 = 8.426,BIRD RD|S DIXIE HWY|SW 40TH ST,102050,87030000,87044000,Y,-80.25059245,25.73519,10,,On-System / On-System,87030000,1295,LPI-01087,2,5.655,5.6450000000000005,5.665,S DIXIE HWY,Off Corridor,,0,0,0,0,,,Unmatched,,0
101591,224081,87044000,URBAN GENERAL,MIAMI,URBAN PRIN ART OTHER,DIVIDED,US    1,SR    5,6,MIAMI-DADE,73500,6,45,1,LPI,Implement a Leading Pedestrian Interval (LPI),,LPI-01087,Potential Location,0.870000005,1,5408.8083328125,,,,,,,,,,,,,5408.8083328125,,6,87,87000099 = .047|87030000 = 5.655|87044000 = 8.426,BIRD RD|S DIXIE HWY|SW 40TH ST,102050,87030000,87044000,Y,-80.25059245,25.73519,10,,On-System / On-System,87030000,1295,LPI-01087,3,8.426,8.416,8.436,SW 40TH ST,Off Corridor,,0,0,0,0,,,Unmatched,,0
101658,224495,87000220,URBAN GENERAL,MIAMI,URBAN PRIN ART OTHER,DIVIDED,US    1,SR    5,6,MIAMI-DADE,37000,4,35,1,LPI,Implement a Leading Pedestrian Interval (LPI),,LPI-01082,Potential Location,0.870000005,1,5408.8083328125,,,,,,,,,,,,,5408.8083328125,,6,87,87000220 = .021|87030000 = 18.853|87A12569 = .342,BISCAYNE BLVD|NE 116TH ST|NE 16TH AVE,22700,87030000,87000220,Y,-80.16621855,25.88274142,10,,On-System / On-System,87030000,1296,LPI-01082,1,0.021,0.011000000000000001,0.031,BISCAYNE BLVD,Off Corridor,,0,0,0,0,,,Unmatched,,0
101658,224495,87030000,URBAN GENERAL,MIAMI,URBAN PRIN ART OTHER,DIVIDED,US    1,SR    5,6,MIAMI-DADE,37000,4,35,1,LPI,Implement a Leading Pedestrian Interval (LPI),,LPI-01082,Potential Location,0.870000005,1,5408.8083328125,,,,,,,,,,,,,5408.8083328125,,6,87,87000220 = .021|87030000 = 18.853|87A12569 = .342,BISCAYNE BLVD|NE 116TH ST|NE 16TH AVE,22700,87030000,87000220,Y,-80.16621855,25.88274142,10,,On-System / On-System,87030000,1296,LPI-01082,2,18.853,18.843,18.863000000000003,NE 116TH ST,Off Corridor,,0,0,0,0,,,Unmatched,,0
101689,227222,87000401,URBAN GENERAL,MIAMI,URBAN PRIN ART OTHER,DIVIDED,,SR  976,6,MIAMI-DADE,45000,4,35,1,LPI,Implement a Leading Pedestrian Interval (LPI),,LPI-01497,Potential Location,0.870000005,1,5408.8083328125,,,,,,,,,,,,,5408.8083328125,,6,87,87000401 = .004|87044000 = 6.356|87A18814 = 1.208,ALHAMBRA CIR|BIRD RD,22500,87044000,87000401,Y,-80.28444503,25.73403036,10,,On-System / On-System,87044000,1297,LPI-01497,1,0.004,0,0.014,ALHAMBRA CIR,Off Corridor,,0,0,0,0,,,Unmatched,,0
101689,227222,87044000,URBAN GENERAL,MIAMI,URBAN PRIN ART OTHER,DIVIDED,,SR  976,6,MIAMI-DADE,45000,4,35,1,LPI,Implement a Leading Pedestrian Interval (LPI),,LPI-01497,Potential Location,0.870000005,1,5408.8083328125,,,,,,,,,,,,,5408.8083328125,,6,87,87000401 = .004|87044000 = 6.356|87A18814 = 1.208,ALHAMBRA CIR|BIRD RD,22500,87044000,87000401,Y,-80.28444503,25.73403036,10,,On-System / On-System,87044000,1297,LPI-01497,2,6.356,6.346,6.366,BIRD RD,Off Corridor,,0,0,0,0,,,Unmatched,,0
101702,219018,87000977,URBAN GENERAL,MIAMI,URBAN MINOR ART,DIVIDED,,SR  916,6,MIAMI-DADE,26500,4,40,1,LPI,Implement a Leading Pedestrian Interval (LPI),,LPI-00101,Potential Location,0.870000005,1,5408.8083328125,,,,,,,,,,,,,5408.8083328125,,6,87,87000977 = .63|87008000 = 8.863,NE 135TH ST|NE 8TH AVE,13800,87008000,87000977,Y,-80.18280941,25.89959523,10,,On-System / On-System,87008000,1298,LPI-00101,1,0.63,0.62,0.64,NE 135TH ST,Off Corridor,,0,0,0,0,89.7,26.2,No Match - Angle Mismatch,,0
101702,219018,87008000,URBAN GENERAL,MIAMI,URBAN MINOR ART,DIVIDED,,SR  916,6,MIAMI-DADE,26500,4,40,1,LPI,Implement a Leading Pedestrian Interval (LPI),,LPI-00101,Potential Location,0.870000005,1,5408.8083328125,,,,,,,,,,,,,5408.8083328125,,6,87,87000977 = .63|87008000 = 8.863,NE 135TH ST|NE 8TH AVE,13800,87008000,87000977,Y,-80.18280941,25.89959523,10,,On-System / On-System,87008000,1298,LPI-00101,2,8.863,8.853,8.873,NE 8TH AVE,On Corridor,446301-1,1,106,0.02,100,0,0.3,Verified Match,446301-1,1
101722,232662,87000339,URBAN GENERAL,MIAMI,URBAN MINOR ART,DIVIDED,,SR  934,6,MIAMI-DADE,25000,4,40,1,LPI,Implement a Leading Pedestrian Interval (LPI),,LPI-00799,Potential Location,0.870000005,1,5408.8083328125,,,,,,,,,,,,,5408.8083328125,,6,87,87000339 = 1.019|87080900 = 37.993,NW 12TH AVE|NW 79TH ST,17500,87080900,87000339,Y,-80.21724982,25.84679734,10,,On-System / On-System,87080900,1299,LPI-00799,1,1.019,1.009,1.029,NW 12TH AVE,Off Corridor,,0,0,0,0,82.9,1.9,No Match - Angle Mismatch,,0
101722,232662,87080900,URBAN GENERAL,MIAMI,URBAN MINOR ART,DIVIDED,,SR  934,6,MIAMI-DADE,25000,4,40,1,LPI,Implement a Leading Pedestrian Interval (LPI),,LPI-00799,Potential Location,0.870000005,1,5408.8083328125,,,,,,,,,,,,,5408.8083328125,,6,87,87000339 = 1.019|87080900 = 37.993,NW 12TH AVE|NW 79TH ST,17500,87080900,87000339,Y,-80.21724982,25.84679734,10,,On-System / On-System,87080900,1299,LPI-00799,2,37.993,37.983000000000004,38.003,NW 79TH ST,On Corridor,"410646-5, 410646-7",7,105,0.02,100,0,0.3,Verified Match,"410646-5, 410646-7",7
101772,227386,87000424,URBAN GENERAL,MIAMI,URBAN MINOR ART,DIVIDED,,SR  969,6,MIAMI-DADE,25000,6,40,1,LPI,Implement a Leading Pedestrian Interval (LPI),,LPI-01542,Potential Location,0.870000005,1,5408.8083328125,,,,,,,,,,,,,5408.8083328125,,6,87,87000424 = .007|87027000 = .446,NW 72ND AVE|NW 7TH ST,20650,87027000,87000424,Y,-80.31232,25.77666474,10,,On-System / On-System,87027000,1300,LPI-01542,1,0.007,0,0.017,NW 72ND AVE,Off Corridor,,0,0,0,0,,,Unmatched,,0
101772,227386,87027000,URBAN GENERAL,MIAMI,URBAN MINOR ART,DIVIDED,,SR  969,6,MIAMI-DADE,25000,6,40,1,LPI,Implement a Leading Pedestrian Interval (LPI),,LPI-01542,Potential Location,0.870000005,1,5408.8083328125,,,,,,,,,,,,,5408.8083328125,,6,87,87000424 = .007|87027000 = .446,NW 72ND AVE|NW 7TH ST,20650,87027000,87000424,Y,-80.31232,25.77666474,10,,On-System / On-System,87027000,1300,LPI-01542,2,0.446,0.436,0.456,NW 7TH ST,Off Corridor,,0,0,0,0,,,Unmatched,,0
101778,232793,87000191,URBAN GENERAL,MIAMI,URBAN MINOR ART,DIVIDED,,SR  934,6,MIAMI-DADE,29500,4,35,1,LPI,Implement a Leading Pedestrian Interval (LPI),,LPI-00317,Potential Location,0.870000005,1,5408.8083328125,,,,,,,,,,,,,5408.8083328125,,6,87,87000191 = 1.203|87080900 = 33.685,E 21ST ST|PALM AVE|W 21ST ST,18650,87080900,87000191,Y,-80.28204982,25.84083673,10,,On-System / On-System,87080900,1301,LPI-00317,1,1.203,1.193,1.213,E 21ST ST,Off Corridor,,0,0,0,0,,,Unmatched,,0
101778,232793,87080900,URBAN GENERAL,MIAMI,URBAN MINOR ART,DIVIDED,,SR  934,6,MIAMI-DADE,29500,4,35,1,LPI,Implement a Leading Pedestrian Interval (LPI),,LPI-00317,Potential Location,0.870000005,1,5408.8083328125,,,,,,,,,,,,,5408.8083328125,,6,87,87000191 = 1.203|87080900 = 33.685,E 21ST ST|PALM AVE|W 21ST ST,18650,87080900,87000191,Y,-80.28204982,25.84083673,10,,On-System / On-System,87080900,1301,LPI-00317,2,33.685,33.675000000000004,33.695,PALM AVE,Off Corridor,,0,0,0,0,,,Unmatched,,0
101854,223450,87000117,URBAN GENERAL,MIAMI,URBAN PRIN ART OTHER,DIVIDED,,SR  976,6,MIAMI-DADE,60500,6,40,1,LPI,Implement a Leading Pedestrian Interval (LPI),,LPI-00436,Potential Location,0.870000005,1,5408.8083328125,,,,,,,,,,,,,5408.8083328125,,6,87,87000117 = 1.035|87000118 = .023|87044000 = 4.694,SW 40TH ST|SW 72ND AVE,38700,87044000,87000117,Y,-80.31109459,25.73325914,10,,On-System / On-System,87044000,1302,LPI-00436,1,1.035,1.025,1.045,SW 40TH ST,Off Corridor,,0,0,0,0,,,Unmatched,,0
101854,223450,87000118,URBAN GENERAL,MIAMI,URBAN PRIN ART OTHER,DIVIDED,,SR  976,6,MIAMI-DADE,60500,6,40,1,LPI,Implement a Leading Pedestrian Interval (LPI),,LPI-00436,Potential Location,0.870000005,1,5408.8083328125,,,,,,,,,,,,,5408.8083328125,,6,87,87000117 = 1.035|87000118 = .023|87044000 = 4.694,SW 40TH ST|SW 72ND AVE,38700,87044000,87000117,Y,-80.31109459,25.73325914,10,,On-System / On-System,87044000,1302,LPI-00436,2,0.023,0.013,0.033,SW 72ND AVE,Off Corridor,,0,0,0,0,,,Unmatched,,0
101854,223450,87044000,URBAN GENERAL,MIAMI,URBAN PRIN ART OTHER,DIVIDED,,SR  976,6,MIAMI-DADE,60500,6,40,1,LPI,Implement a Leading Pedestrian Interval (LPI),,LPI-00436,Potential Location,0.870000005,1,5408.8083328125,,,,,,,,,,,,,5408.8083328125,,6,87,87000117 = 1.035|87000118 = .023|87044000 = 4.694,SW 40TH ST|SW 72ND AVE,38700,87044000,87000117,Y,-80.31109459,25.73325914,10,,On-System / On-System,87044000,1302,LPI-00436,3,4.694,4.684,4.704,,Off Corridor,,0,0,0,0,,,Unmatched,,0
101892,220330,87000221,URBAN GENERAL,MIAMI,URBAN MINOR ART,DIVIDED,,SR  916,6,MIAMI-DADE,26500,4,40,1,LPI,Implement a Leading Pedestrian Interval (LPI),,LPI-02580,Potential Location,0.870000005,1,5408.8083328125,,,,,,,,,,,,,5408.8083328125,,6,87,87000221 = .631|87008000 = 9.362,NE 12TH AVE|NE 135TH ST,14700,87008000,87000221,Y,-80.17480005,25.89993214,10,,On-System / On-System,87008000,1303,LPI-02580,1,0.631,0.621,0.641,NE 12TH AVE,Off Corridor,,0,0,0,0,,,Unmatched,,0
101892,220330,87008000,URBAN GENERAL,MIAMI,URBAN MINOR ART,DIVIDED,,SR  916,6,MIAMI-DADE,26500,4,40,1,LPI,Implement a Leading Pedestrian Interval (LPI),,LPI-02580,Potential Location,0.870000005,1,5408.8083328125,,,,,,,,,,,,,5408.8083328125,,6,87,87000221 = .631|87008000 = 9.362,NE 12TH AVE|NE 135TH ST,14700,87008000,87000221,Y,-80.17480005,25.89993214,10,,On-System / On-System,87008000,1303,LPI-02580,2,9.362,9.352,9.372,NE 135TH ST,Off Corridor,,0,0,0,0,,,Unmatched,,0
101896,220404,87019000,URBAN GENERAL,MIAMI,URBAN PRIN ART OTHER,DIVIDED,,SR  817,6,MIAMI-DADE,46000,6,35,1,LPI,Implement a Leading Pedestrian Interval (LPI),,LPI-01592,Potential Location,0.870000005,1,5408.8083328125,,,,,,,,,,,,,5408.8083328125,,6,87,87019000 = .176|87019001 = .173|87240101 = .094|87A11795 = .78,BURLINGTON ST|NW 27TH AVE|SR-9,43650,87019001,87019000,Y,-80.24384485,25.90368006,10,,On-System / On-System,87019001,1304,LPI-01592,1,0.176,0.16599999999999998,0.186,BURLINGTON ST,On Corridor,"455367-1, 438076-1",5,106,0.02,100,0,0.4,Verified Match,"455367-1, 438076-1",5
101896,220404,87019001,URBAN GENERAL,MIAMI,URBAN PRIN ART OTHER,DIVIDED,,SR  817,6,MIAMI-DADE,46000,6,35,1,LPI,Implement a Leading Pedestrian Interval (LPI),,LPI-01592,Potential Location,0.870000005,1,5408.8083328125,,,,,,,,,,,,,5408.8083328125,,6,87,87019000 = .176|87019001 = .173|87240101 = .094|87A11795 = .78,BURLINGTON ST|NW 27TH AVE|SR-9,43650,87019001,87019000,Y,-80.24384485,25.90368006,10,,On-System / On-System,87019001,1304,LPI-01592,2,0.173,0.16299999999999998,0.183,NW 27TH AVE,On Corridor,"455367-1, 438076-1",5,79,0.02,100,0,0.4,Verified Match,"455367-1, 438076-1",5
101896,220404,87240101,URBAN GENERAL,MIAMI,URBAN PRIN ART OTHER,DIVIDED,,SR  817,6,MIAMI-DADE,46000,6,35,1,LPI,Implement a Leading Pedestrian Interval (LPI),,LPI-01592,Potential Location,0.870000005,1,5408.8083328125,,,,,,,,,,,,,5408.8083328125,,6,87,87019000 = .176|87019001 = .173|87240101 = .094|87A11795 = .78,BURLINGTON ST|NW 27TH AVE|SR-9,43650,87019001,87019000,Y,-80.24384485,25.90368006,10,,On-System / On-System,87019001,1304,LPI-01592,3,0.094,0.084,0.104,SR-9,Off Corridor,,0,0,0,0,67.2,13.6,No Match - Angle Mismatch,,0
101906,220515,87000621,URBAN GENERAL,MIAMI,URBAN MINOR ART,DIVIDED,,SR  916,6,MIAMI-DADE,21500,4,40,1,LPI,Implement a Leading Pedestrian Interval (LPI),,LPI-00108,Potential Location,0.870000005,1,5408.8083328125,,,,,,,,,,,,,5408.8083328125,,6,87,87000621 = .995|87008000 = 4.574,NW 135TH ST|NW 32ND AVE,18000,87008000,87000621,Y,-80.25174393,25.89697467,10,,On-System / On-System,87008000,1305,LPI-00108,1,0.995,0.985,1.005,NW 135TH ST,Off Corridor,,0,0,0,0,68.4,23.8,No Match - Angle Mismatch,,0
101906,220515,87008000,URBAN GENERAL,MIAMI,URBAN MINOR ART,DIVIDED,,SR  916,6,MIAMI-DADE,21500,4,40,1,LPI,Implement a Leading Pedestrian Interval (LPI),,LPI-00108,Potential Location,0.870000005,1,5408.8083328125,,,,,,,,,,,,,5408.8083328125,,6,87,87000621 = .995|87008000 = 4.574,NW 135TH ST|NW 32ND AVE,18000,87008000,87000621,Y,-80.25174393,25.89697467,10,,On-System / On-System,87008000,1305,LPI-00108,2,4.574,4.564,4.584,NW 32ND AVE,On Corridor,449947-1,2,106,0.02,100,0,0.2,Verified Match,449947-1,2
101910,220515,87008000,URBAN GENERAL,MIAMI,URBAN MINOR ART,DIVIDED,,SR  916,6,MIAMI-DADE,21500,4,40,1,LPI,Implement a Leading Pedestrian Interval (LPI),,LPI-00109,Potential Location,0.870000005,1,5408.8083328125,,,,,,,,,,,,,5408.8083328125,,6,87,87008000 = 4.824|87008001 = 2.779|87A05977 = 0|87A12219 = .755,NW 135TH ST|NW 30TH AVE|SINBAD AVE|SR-916,11750,87008000,87008001,Y,-80.24724073,25.89718,10,,On-System / On-System,87008000,1306,LPI-00109,1,4.824,4.814,4.834,NW 135TH ST,On Corridor,449947-1,2,106,0.02,100,1.2,63,Verified Match,449947-1,2
101910,220515,87008001,URBAN GENERAL,MIAMI,URBAN MINOR ART,DIVIDED,,SR  916,6,MIAMI-DADE,21500,4,40,1,LPI,Implement a Leading Pedestrian Interval (LPI),,LPI-00109,Potential Location,0.870000005,1,5408.8083328125,,,,,,,,,,,,,5408.8083328125,,6,87,87008000 = 4.824|87008001 = 2.779|87A05977 = 0|87A12219 = .755,NW 135TH ST|NW 30TH AVE|SINBAD AVE|SR-916,11750,87008000,87008001,Y,-80.24724073,25.89718,10,,On-System / On-System,87008000,1306,LPI-00109,2,2.779,2.769,2.7889999999999997,NW 30TH AVE,Off Corridor,,0,0,0,0,,,Unmatched,,0
101926,223566,87044000,URBAN GENERAL,MIAMI,URBAN PRIN ART OTHER,DIVIDED,,SR  976,6,MIAMI-DADE,47500,6,40,1,LPI,Implement a Leading Pedestrian Interval (LPI),,LPI-02333,Potential Location,0.870000005,1,5408.8083328125,,,,,,,,,,,,,5408.8083328125,,6,87,87044000 = 1.173|87072000 = 4.171|87A05532 = .948,SW 107TH AVE|SW 40TH ST,67500,87044000,87072000,Y,-80.36704971,25.73236,10,,On-System / On-System,87044000,1307,LPI-02333,1,1.173,1.163,1.183,SW 107TH AVE,Off Corridor,,0,0,0,0,90,162.2,No Match - Angle Mismatch,,0
101926,223566,87072000,URBAN GENERAL,MIAMI,URBAN PRIN ART OTHER,DIVIDED,,SR  976,6,MIAMI-DADE,47500,6,40,1,LPI,Implement a Leading Pedestrian Interval (LPI),,LPI-02333,Potential Location,0.870000005,1,5408.8083328125,,,,,,,,,,,,,5408.8083328125,,6,87,87044000 = 1.173|87072000 = 4.171|87A05532 = .948,SW 107TH AVE|SW 40TH ST,67500,87044000,87072000,Y,-80.36704971,25.73236,10,,On-System / On-System,87044000,1307,LPI-02333,2,4.171,4.1610000000000005,4.181,SW 40TH ST,On Corridor,452569-1,3,106,0.02,100,1.1,0.2,Verified Match,452569-1,3
101936,223586,87000106,URBAN GENERAL,MIAMI,URBAN PRIN ART OTHER,DIVIDED,,SR  976,6,MIAMI-DADE,42000,4,35,1,LPI,Implement a Leading Pedestrian Interval (LPI),,LPI-01504,Potential Location,0.870000005,1,5408.8083328125,,,,,,,,,,,,,5408.8083328125,,6,87,87000106 = 0|87000107 = 2.269|87000108 = 0|87044000 = 7.03,BIRD RD|GRANADA BLVD|SW 40TH ST|UNIVERSITY DR,30650,87044000,87000106,Y,-80.27367183,25.73434403,10,,On-System / On-System,87044000,1308,LPI-01504,1,0,0,0.01,BIRD RD,Off Corridor,,0,0,0,0,,,Unmatched,,0
101936,223586,87000107,URBAN GENERAL,MIAMI,URBAN PRIN ART OTHER,DIVIDED,,SR  976,6,MIAMI-DADE,42000,4,35,1,LPI,Implement a Leading Pedestrian Interval (LPI),,LPI-01504,Potential Location,0.870000005,1,5408.8083328125,,,,,,,,,,,,,5408.8083328125,,6,87,87000106 = 0|87000107 = 2.269|87000108 = 0|87044000 = 7.03,BIRD RD|GRANADA BLVD|SW 40TH ST|UNIVERSITY DR,30650,87044000,87000106,Y,-80.27367183,25.73434403,10,,On-System / On-System,87044000,1308,LPI-01504,2,2.269,2.2590000000000003,2.279,GRANADA BLVD,Off Corridor,,0,0,0,0,,,Unmatched,,0
101936,223586,87000108,URBAN GENERAL,MIAMI,URBAN PRIN ART OTHER,DIVIDED,,SR  976,6,MIAMI-DADE,42000,4,35,1,LPI,Implement a Leading Pedestrian Interval (LPI),,LPI-01504,Potential Location,0.870000005,1,5408.8083328125,,,,,,,,,,,,,5408.8083328125,,6,87,87000106 = 0|87000107 = 2.269|87000108 = 0|87044000 = 7.03,BIRD RD|GRANADA BLVD|SW 40TH ST|UNIVERSITY DR,30650,87044000,87000106,Y,-80.27367183,25.73434403,10,,On-System / On-System,87044000,1308,LPI-01504,3,0,0,0.01,SW 40TH ST,Off Corridor,,0,0,0,0,,,Unmatched,,0
101936,223586,87044000,URBAN GENERAL,MIAMI,URBAN PRIN ART OTHER,DIVIDED,,SR  976,6,MIAMI-DADE,42000,4,35,1,LPI,Implement a Leading Pedestrian Interval (LPI),,LPI-01504,Potential Location,0.870000005,1,5408.8083328125,,,,,,,,,,,,,5408.8083328125,,6,87,87000106 = 0|87000107 = 2.269|87000108 = 0|87044000 = 7.03,BIRD RD|GRANADA BLVD|SW 40TH ST|UNIVERSITY DR,30650,87044000,87000106,Y,-80.27367183,25.73434403,10,,On-System / On-System,87044000,1308,LPI-01504,4,7.03,7.0200000000000005,7.04,UNIVERSITY DR,Off Corridor,,0,0,0,0,1.5,284.1,No Match - Low Overlap,,0
101951,221246,87000220,URBAN GENERAL,MIAMI,URBAN MINOR ART,DIVIDED,,SR  916,6,MIAMI-DADE,31000,4,40,1,LPI,Implement a Leading Pedestrian Interval (LPI),,LPI-00417,Potential Location,0.870000005,1,5408.8083328125,,,,,,,,,,,,,5408.8083328125,,6,87,87000220 = 1.226|87008000 = 9.866,NE 135TH ST|NE 16TH AVE,11800,87008000,87000220,Y,-80.16669995,25.9002686,10,,On-System / On-System,87008000,1309,LPI-00417,1,1.226,1.216,1.236,NE 135TH ST,Off Corridor,,0,0,0,0,,,Unmatched,,0
101951,221246,87008000,URBAN GENERAL,MIAMI,URBAN MINOR ART,DIVIDED,,SR  916,6,MIAMI-DADE,31000,4,40,1,LPI,Implement a Leading Pedestrian Interval (LPI),,LPI-00417,Potential Location,0.870000005,1,5408.8083328125,,,,,,,,,,,,,5408.8083328125,,6,87,87000220 = 1.226|87008000 = 9.866,NE 135TH ST|NE 16TH AVE,11800,87008000,87000220,Y,-80.16669995,25.9002686,10,,On-System / On-System,87008000,1309,LPI-00417,2,9.866,9.856,9.876,NE 16TH AVE,Off Corridor,,0,0,0,0,,,Unmatched,,0
101998,221298,87000223,URBAN GENERAL,MIAMI,URBAN MINOR ART,DIVIDED,,SR  916,6,MIAMI-DADE,37000,4,40,1,LPI,Implement a Leading Pedestrian Interval (LPI),,LPI-00418,Potential Location,0.870000005,1,5408.8083328125,,,,,,,,,,,,,5408.8083328125,,6,87,87000223 = 2.645|87000224 = 0|87008000 = 8.155,MEMORIAL HWY|NE 135TH ST,29225,87008000,87000224,Y,-80.19418228,25.89907991,10,,On-System / On-System,87008000,1310,LPI-00418,1,2.645,2.6350000000000002,2.655,MEMORIAL HWY,Off Corridor,,0,0,0,0,,,Unmatched,,0
101998,221298,87000224,URBAN GENERAL,MIAMI,URBAN MINOR ART,DIVIDED,,SR  916,6,MIAMI-DADE,37000,4,40,1,LPI,Implement a Leading Pedestrian Interval (LPI),,LPI-00418,Potential Location,0.870000005,1,5408.8083328125,,,,,,,,,,,,,5408.8083328125,,6,87,87000223 = 2.645|87000224 = 0|87008000 = 8.155,MEMORIAL HWY|NE 135TH ST,29225,87008000,87000224,Y,-80.19418228,25.89907991,10,,On-System / On-System,87008000,1310,LPI-00418,2,0,0,0.01,NE 135TH ST,Off Corridor,,0,0,0,0,,,Unmatched,,0
101998,221298,87008000,URBAN GENERAL,MIAMI,URBAN MINOR ART,DIVIDED,,SR  916,6,MIAMI-DADE,37000,4,40,1,LPI,Implement a Leading Pedestrian Interval (LPI),,LPI-00418,Potential Location,0.870000005,1,5408.8083328125,,,,,,,,,,,,,5408.8083328125,,6,87,87000223 = 2.645|87000224 = 0|87008000 = 8.155,MEMORIAL HWY|NE 135TH ST,29225,87008000,87000224,Y,-80.19418228,25.89907991,10,,On-System / On-System,87008000,1310,LPI-00418,3,8.155,8.145,8.165,,Off Corridor,,0,0,0,0,,,Unmatched,,0
102001,229102,87000468,URBAN GENERAL,MIAMI,URBAN PRIN ART OTHER,NOT DIVIDED,US   41,SR   90,6,MIAMI-DADE,32500,4,35,1,LPI,Implement a Leading Pedestrian Interval (LPI),,LPI-00984,Potential Location,0.870000005,1,5408.8083328125,,,,,,,,,,,,,5408.8083328125,,6,87,87000468 = 1.917|87120000 = 14.61,SW 32ND AVE|SW 8TH ST,22000,87120000,87000468,Y,-80.24698992,25.76492,10,,On-System / On-System,87120000,1311,LPI-00984,1,1.917,1.907,1.927,SW 32ND AVE,Off Corridor,,0,0,0,0,89.6,4,No Match - Angle Mismatch,,0
102001,229102,87120000,URBAN GENERAL,MIAMI,URBAN PRIN ART OTHER,NOT DIVIDED,US   41,SR   90,6,MIAMI-DADE,32500,4,35,1,LPI,Implement a Leading Pedestrian Interval (LPI),,LPI-00984,Potential Location,0.870000005,1,5408.8083328125,,,,,,,,,,,,,5408.8083328125,,6,87,87000468 = 1.917|87120000 = 14.61,SW 32ND AVE|SW 8TH ST,22000,87120000,87000468,Y,-80.24698992,25.76492,10,,On-System / On-System,87120000,1311,LPI-00984,2,14.61,14.6,14.62,SW 8TH ST,On Corridor,"440183-1, 452564-3",2,105,0.02,100,0,0.2,Verified Match,"440183-1, 452564-3",2
102031,229230,87064502,URBAN GENERAL,MIAMI,URBAN PRIN ART OTHER,DIVIDED,US   41,SR   90,6,MIAMI-DADE,39000,4,35,1,LPI,Implement a Leading Pedestrian Interval (LPI),,LPI-01803,Potential Location,0.870000005,1,5408.8083328125,,,,,,,,,,,,,5408.8083328125,,6,87,87064502 = 2.04|87064503 = 0|87120000 = 11.068,SW 67TH AVE|SW 8TH ST,59900,87120000,87064503,Y,-80.30379524,25.76310499,10,,On-System / On-System,87120000,1312,LPI-01803,1,2.04,2.0300000000000002,2.05,SW 67TH AVE,Off Corridor,,0,0,0,0,89.8,26.4,No Match - Angle Mismatch,,0
102031,229230,87064503,URBAN GENERAL,MIAMI,URBAN PRIN ART OTHER,DIVIDED,US   41,SR   90,6,MIAMI-DADE,39000,4,35,1,LPI,Implement a Leading Pedestrian Interval (LPI),,LPI-01803,Potential Location,0.870000005,1,5408.8083328125,,,,,,,,,,,,,5408.8083328125,,6,87,87064502 = 2.04|87064503 = 0|87120000 = 11.068,SW 67TH AVE|SW 8TH ST,59900,87120000,87064503,Y,-80.30379524,25.76310499,10,,On-System / On-System,87120000,1312,LPI-01803,2,0,0,0.01,SW 8TH ST,Off Corridor,,0,0,0,0,89.8,26.3,No Match - Angle Mismatch,,0
102031,229230,87120000,URBAN GENERAL,MIAMI,URBAN PRIN ART OTHER,DIVIDED,US   41,SR   90,6,MIAMI-DADE,39000,4,35,1,LPI,Implement a Leading Pedestrian Interval (LPI),,LPI-01803,Potential Location,0.870000005,1,5408.8083328125,,,,,,,,,,,,,5408.8083328125,,6,87,87064502 = 2.04|87064503 = 0|87120000 = 11.068,SW 67TH AVE|SW 8TH ST,59900,87120000,87064503,Y,-80.30379524,25.76310499,10,,On-System / On-System,87120000,1312,LPI-01803,3,11.068,11.058,11.078,,On Corridor,452564-3,1,105,0.02,100,0.1,0.2,Verified Match,452564-3,1
102050,224640,87066000,URBAN GENERAL,MIAMI,URBAN MINOR ART,DIVIDED,,SR  922,6,MIAMI-DADE,32000,3,35,1,LPI,Implement a Leading Pedestrian Interval (LPI),,LPI-01037,Potential Location,0.870000005,1,5408.8083328125,,,,,,,,,,,,,5408.8083328125,,6,87,87066000 = 0|87140000 = 8.558|87A12259 = .339,NW 125TH ST|NW 7TH AVE,33000,87066000,87140000,Y,-80.21084988,25.88918745,10,,On-System / On-System,87066000,1313,LPI-01037,1,0,0,0.01,NW 125TH ST,Off Corridor,,0,0,0,0,0.6,282.3,No Match - Low Overlap,,0
102050,224640,87140000,URBAN GENERAL,MIAMI,URBAN MINOR ART,DIVIDED,,SR  922,6,MIAMI-DADE,32000,3,35,1,LPI,Implement a Leading Pedestrian Interval (LPI),,LPI-01037,Potential Location,0.870000005,1,5408.8083328125,,,,,,,,,,,,,5408.8083328125,,6,87,87066000 = 0|87140000 = 8.558|87A12259 = .339,NW 125TH ST|NW 7TH AVE,33000,87066000,87140000,Y,-80.21084988,25.88918745,10,,On-System / On-System,87066000,1313,LPI-01037,2,8.558,8.548,8.568,NW 7TH AVE,Off Corridor,,0,0,0,0,89.2,296.8,No Match - Angle Mismatch,,0
102056,226725,87049500,URBAN GENERAL,MIAMI,URBAN MINOR ART,DIVIDED,,SR  959,6,MIAMI-DADE,38000,4,40,1,LPI,Implement a Leading Pedestrian Interval (LPI),,LPI-01348,Potential Location,0.870000005,1,5408.8083328125,,,,,,,,,,,,,5408.8083328125,,6,87,87049500 = 1.083|87062000 = 5.072,NW 57TH AVE|NW 7TH ST,40900,87062000,87049500,Y,-80.28835326,25.7780099,10,,On-System / On-System,87062000,1314,LPI-01348,1,1.083,1.073,1.093,NW 57TH AVE,Off Corridor,,0,0,0,0,,,Unmatched,,0
102056,226725,87062000,URBAN GENERAL,MIAMI,URBAN MINOR ART,DIVIDED,,SR  959,6,MIAMI-DADE,38000,4,40,1,LPI,Implement a Leading Pedestrian Interval (LPI),,LPI-01348,Potential Location,0.870000005,1,5408.8083328125,,,,,,,,,,,,,5408.8083328125,,6,87,87049500 = 1.083|87062000 = 5.072,NW 57TH AVE|NW 7TH ST,40900,87062000,87049500,Y,-80.28835326,25.7780099,10,,On-System / On-System,87062000,1314,LPI-01348,2,5.072,5.062,5.082,NW 7TH ST,Off Corridor,,0,0,0,0,,,Unmatched,,0
102074,229473,87000337,URBAN GENERAL,MIAMI,URBAN MINOR ART,DIVIDED,US  441,SR    7,6,MIAMI-DADE,26000,4,35,1,LPI,Implement a Leading Pedestrian Interval (LPI),,LPI-00174,Potential Location,0.870000005,1,5408.8083328125,,,,,,,,,,,,,5408.8083328125,,6,87,87000337 = 1.615|87140000 = 5.146,NW 71ST ST|NW 7TH AVE,16150,87140000,87000337,Y,-80.20884319,25.83966,10,,On-System / On-System,87140000,1315,LPI-00174,1,1.615,1.605,1.625,NW 71ST ST,Off Corridor,,0,0,0,0,,,Unmatched,,0
102074,229473,87140000,URBAN GENERAL,MIAMI,URBAN MINOR ART,DIVIDED,US  441,SR    7,6,MIAMI-DADE,26000,4,35,1,LPI,Implement a Leading Pedestrian Interval (LPI),,LPI-00174,Potential Location,0.870000005,1,5408.8083328125,,,,,,,,,,,,,5408.8083328125,,6,87,87000337 = 1.615|87140000 = 5.146,NW 71ST ST|NW 7TH AVE,16150,87140000,87000337,Y,-80.20884319,25.83966,10,,On-System / On-System,87140000,1315,LPI-00174,2,5.146,5.136,5.156,NW 7TH AVE,Off Corridor,,0,0,0,0,,,Unmatched,,0
102076,229495,87000191,URBAN GENERAL,MIAMI,URBAN PRIN ART OTHER,DIVIDED,US   27,SR   25,6,MIAMI-DADE,65500,6,40,1,LPI,Implement a Leading Pedestrian Interval (LPI),,LPI-01605,Potential Location,0.870000005,1,5408.8083328125,,,,,,,,,,,,,5408.8083328125,,6,87,87000191 = .008|87090000 = 13.546,PALM AVE|W OKEECHOBEE RD,32300,87090000,87000191,Y,-80.28143368,25.82347483,10,,On-System / On-System,87090000,1316,LPI-01605,1,0.008,0,0.018000000000000002,PALM AVE,Off Corridor,,0,0,0,0,51.3,54.9,No Match - Angle Mismatch,,0
102076,229495,87090000,URBAN GENERAL,MIAMI,URBAN PRIN ART OTHER,DIVIDED,US   27,SR   25,6,MIAMI-DADE,65500,6,40,1,LPI,Implement a Leading Pedestrian Interval (LPI),,LPI-01605,Potential Location,0.870000005,1,5408.8083328125,,,,,,,,,,,,,5408.8083328125,,6,87,87000191 = .008|87090000 = 13.546,PALM AVE|W OKEECHOBEE RD,32300,87090000,87000191,Y,-80.28143368,25.82347483,10,,On-System / On-System,87090000,1316,LPI-01605,2,13.546,13.536,13.556,W OKEECHOBEE RD,On Corridor,447828-1,3,106,0.02,100,0.7,0,Verified Match,447828-1,3
102090,229599,87090000,URBAN GENERAL,MIAMI,URBAN PRIN ART OTHER,DIVIDED,US   27,SR   25,6,MIAMI-DADE,65500,6,40,1,LPI,Implement a Leading Pedestrian Interval (LPI),,LPI-00163,Potential Location,0.870000005,1,5408.8083328125,,,,,,,,,,,,,5408.8083328125,,6,87,87090000 = 13.641|87250000 = .006|87674505 = .005,E OKEECHOBEE RD|HIALEAH DR|W OKEECHOBEE RD,41288,87090000,87250000,Y,-80.28018878,25.82266166,10,,On-System / On-System,87090000,1317,LPI-00163,1,13.641,13.631,13.651,E OKEECHOBEE RD,On Corridor,"447828-1, 449370-1",4,106,0.02,100,0.6,0,Verified Match,"447828-1, 449370-1",4
102090,229599,87250000,URBAN GENERAL,MIAMI,URBAN PRIN ART OTHER,DIVIDED,US   27,SR   25,6,MIAMI-DADE,65500,6,40,1,LPI,Implement a Leading Pedestrian Interval (LPI),,LPI-00163,Potential Location,0.870000005,1,5408.8083328125,,,,,,,,,,,,,5408.8083328125,,6,87,87090000 = 13.641|87250000 = .006|87674505 = .005,E OKEECHOBEE RD|HIALEAH DR|W OKEECHOBEE RD,41288,87090000,87250000,Y,-80.28018878,25.82266166,10,,On-System / On-System,87090000,1317,LPI-00163,2,0.006,0,0.016,HIALEAH DR,Off Corridor,,0,0,0,0,42.9,52,No Match - Angle Mismatch,,0
102090,229599,87674505,URBAN GENERAL,MIAMI,URBAN PRIN ART OTHER,DIVIDED,US   27,SR   25,6,MIAMI-DADE,65500,6,40,1,LPI,Implement a Leading Pedestrian Interval (LPI),,LPI-00163,Potential Location,0.870000005,1,5408.8083328125,,,,,,,,,,,,,5408.8083328125,,6,87,87090000 = 13.641|87250000 = .006|87674505 = .005,E OKEECHOBEE RD|HIALEAH DR|W OKEECHOBEE RD,41288,87090000,87250000,Y,-80.28018878,25.82266166,10,,On-System / On-System,87090000,1317,LPI-00163,3,0.005,0,0.015,W OKEECHOBEE RD,Off Corridor,,0,0,0,0,72.8,12.2,No Match - Angle Mismatch,,0
102107,229652,87000160,URBAN GENERAL,MIAMI,URBAN MINOR ART,DIVIDED,US   27,SR   25,6,MIAMI-DADE,18800,2,35,1,LPI,Implement a Leading Pedestrian Interval (LPI),,LPI-00992,Potential Location,0.870000005,1,5408.8083328125,,,,,,,,,,,,,5408.8083328125,,6,87,87000160 = 1.022|87090000 = 18.262,NW 10TH AVE|NW 36TH ST,12950,87090000,87000160,Y,-80.21162474,25.80995978,10,,On-System / On-System,87090000,1318,LPI-00992,1,1.022,1.012,1.032,NW 10TH AVE,Off Corridor,,0,0,0,0,,,Unmatched,,0
102107,229652,87090000,URBAN GENERAL,MIAMI,URBAN MINOR ART,DIVIDED,US   27,SR   25,6,MIAMI-DADE,18800,2,35,1,LPI,Implement a Leading Pedestrian Interval (LPI),,LPI-00992,Potential Location,0.870000005,1,5408.8083328125,,,,,,,,,,,,,5408.8083328125,,6,87,87000160 = 1.022|87090000 = 18.262,NW 10TH AVE|NW 36TH ST,12950,87090000,87000160,Y,-80.21162474,25.80995978,10,,On-System / On-System,87090000,1318,LPI-00992,2,18.262,18.252,18.272000000000002,NW 36TH ST,Off Corridor,,0,0,0,0,,,Unmatched,,0
102111,224798,87000977,URBAN GENERAL,MIAMI,URBAN MINOR ART,DIVIDED,,SR  922,6,MIAMI-DADE,29000,4,35,1,LPI,Implement a Leading Pedestrian Interval (LPI),,LPI-00767,Potential Location,0.870000005,1,5408.8083328125,,,,,,,,,,,,,5408.8083328125,,6,87,87000977 = 0|87066000 = 1.769|87A05347 = 1.067,NE 125TH ST|NE 8TH AVE,17800,87066000,87000977,Y,-80.18243003,25.89044106,10,,On-System / On-System,87066000,1319,LPI-00767,1,0,0,0.01,NE 125TH ST,Off Corridor,,0,0,0,0,,,Unmatched,,0
102111,224798,87066000,URBAN GENERAL,MIAMI,URBAN MINOR ART,DIVIDED,,SR  922,6,MIAMI-DADE,29000,4,35,1,LPI,Implement a Leading Pedestrian Interval (LPI),,LPI-00767,Potential Location,0.870000005,1,5408.8083328125,,,,,,,,,,,,,5408.8083328125,,6,87,87000977 = 0|87066000 = 1.769|87A05347 = 1.067,NE 125TH ST|NE 8TH AVE,17800,87066000,87000977,Y,-80.18243003,25.89044106,10,,On-System / On-System,87066000,1319,LPI-00767,2,1.769,1.759,1.779,NE 8TH AVE,Off Corridor,,0,0,0,0,,,Unmatched,,0
102112,229696,87000333,URBAN GENERAL,MIAMI,URBAN MINOR ART,DIVIDED,US  441,SR    7,6,MIAMI-DADE,28000,6,35,1,LPI,Implement a Leading Pedestrian Interval (LPI),,LPI-00773,Potential Location,0.870000005,1,5408.8083328125,,,,,,,,,,,,,5408.8083328125,,6,87,87000333 = 1.51|87140000 = 7.679,NW 111TH ST|NW 7TH AVE,14600,87140000,87000333,Y,-80.21024466,25.87645977,10,,On-System / On-System,87140000,1320,LPI-00773,1,1.51,1.5,1.52,NW 111TH ST,Off Corridor,,0,0,0,0,,,Unmatched,,0
102112,229696,87140000,URBAN GENERAL,MIAMI,URBAN MINOR ART,DIVIDED,US  441,SR    7,6,MIAMI-DADE,28000,6,35,1,LPI,Implement a Leading Pedestrian Interval (LPI),,LPI-00773,Potential Location,0.870000005,1,5408.8083328125,,,,,,,,,,,,,5408.8083328125,,6,87,87000333 = 1.51|87140000 = 7.679,NW 111TH ST|NW 7TH AVE,14600,87140000,87000333,Y,-80.21024466,25.87645977,10,,On-System / On-System,87140000,1320,LPI-00773,2,7.679,7.6690000000000005,7.689,NW 7TH AVE,Off Corridor,,0,0,0,0,,,Unmatched,,0
102118,226930,87062000,URBAN GENERAL,MIAMI,URBAN MINOR ART,DIVIDED,,SR  959,6,MIAMI-DADE,26000,4,35,1,LPI,Implement a Leading Pedestrian Interval (LPI),,LPI-01081,Potential Location,0.870000005,1,5408.8083328125,,,,,,,,,,,,,5408.8083328125,,6,87,87062000 = .35|87A19959 = 0,LEVANTE AVE|SW 57TH AVE,12000,87062000,87A04058,Y,-80.28557343,25.70953259,10,,On-System / Off-System,87062000,1321,LPI-01081,1,0.35,0.33999999999999997,0.36,LEVANTE AVE,Off Corridor,,0,0,0,0,,,Unmatched,,0
102137,224865,87054503,URBAN GENERAL,MIAMI,URBAN MINOR ART,DIVIDED,,SR  959,6,MIAMI-DADE,20000,2,35,1,LPI,Implement a Leading Pedestrian Interval (LPI),,LPI-00770,Potential Location,0.870000005,1,5408.8083328125,,,,,,,,,,,,,5408.8083328125,,6,87,87054503 = 1.547|87062000 = 3.036,CORAL WAY|RED RD|SR-959|SW 24TH ST,20250,87062000,87054503,Y,-80.28728,25.74847404,10,,On-System / On-System,87062000,1322,LPI-00770,1,1.547,1.537,1.557,CORAL WAY,Off Corridor,,0,0,0,0,,,Unmatched,,0
102137,224865,87062000,URBAN GENERAL,MIAMI,URBAN MINOR ART,DIVIDED,,SR  959,6,MIAMI-DADE,20000,2,35,1,LPI,Implement a Leading Pedestrian Interval (LPI),,LPI-00770,Potential Location,0.870000005,1,5408.8083328125,,,,,,,,,,,,,5408.8083328125,,6,87,87054503 = 1.547|87062000 = 3.036,CORAL WAY|RED RD|SR-959|SW 24TH ST,20250,87062000,87054503,Y,-80.28728,25.74847404,10,,On-System / On-System,87062000,1322,LPI-00770,2,3.036,3.0260000000000002,3.046,RED RD,Off Corridor,,0,0,0,0,,,Unmatched,,0
102175,224952,87000109,URBAN GENERAL,MIAMI,URBAN PRIN ART OTHER,DIVIDED,,SR  973,6,MIAMI-DADE,27000,4,40,1,LPI,Implement a Leading Pedestrian Interval (LPI),,LPI-01662,Potential Location,0.870000005,1,5408.8083328125,,,,,,,,,,,,,5408.8083328125,,6,87,87000109 = 1.99|87047000 = 6.534,SW 32ND ST|SW 87TH AVE,16800,87047000,87000109,Y,-80.33571999,25.74036,10,,On-System / On-System,87047000,1323,LPI-01662,1,1.99,1.98,2,SW 32ND ST,Off Corridor,,0,0,0,0,,,Unmatched,,0
102175,224952,87047000,URBAN GENERAL,MIAMI,URBAN PRIN ART OTHER,DIVIDED,,SR  973,6,MIAMI-DADE,27000,4,40,1,LPI,Implement a Leading Pedestrian Interval (LPI),,LPI-01662,Potential Location,0.870000005,1,5408.8083328125,,,,,,,,,,,,,5408.8083328125,,6,87,87000109 = 1.99|87047000 = 6.534,SW 32ND ST|SW 87TH AVE,16800,87047000,87000109,Y,-80.33571999,25.74036,10,,On-System / On-System,87047000,1323,LPI-01662,2,6.534,6.524,6.544,SW 87TH AVE,Off Corridor,,0,0,0,0,,,Unmatched,,0
102238,225030,87000221,URBAN GENERAL,MIAMI,URBAN MINOR ART,DIVIDED,,SR  922,6,MIAMI-DADE,29000,4,35,1,LPI,Implement a Leading Pedestrian Interval (LPI),,LPI-01446,Potential Location,0.870000005,1,5408.8083328125,,,,,,,,,,,,,5408.8083328125,,6,87,87000221 = 0|87066000 = 2.27|87A12281 = .379,NE 125TH ST|NE 12TH AVE,18700,87066000,87000221,Y,-80.17436841,25.89076005,10,,On-System / On-System,87066000,1324,LPI-01446,1,0,0,0.01,NE 125TH ST,Off Corridor,,0,0,0,0,,,Unmatched,,0
102238,225030,87066000,URBAN GENERAL,MIAMI,URBAN MINOR ART,DIVIDED,,SR  922,6,MIAMI-DADE,29000,4,35,1,LPI,Implement a Leading Pedestrian Interval (LPI),,LPI-01446,Potential Location,0.870000005,1,5408.8083328125,,,,,,,,,,,,,5408.8083328125,,6,87,87000221 = 0|87066000 = 2.27|87A12281 = .379,NE 125TH ST|NE 12TH AVE,18700,87066000,87000221,Y,-80.17436841,25.89076005,10,,On-System / On-System,87066000,1324,LPI-01446,2,2.27,2.2600000000000002,2.28,NE 12TH AVE,Off Corridor,,0,0,0,0,,,Unmatched,,0
102266,227089,87032503,URBAN GENERAL,MIAMI,URBAN MINOR ART,DIVIDED,,SR  922,6,MIAMI-DADE,32000,4,35,1,LPI,Implement a Leading Pedestrian Interval (LPI),,LPI-00656,Potential Location,0.870000005,1,5408.8083328125,,,,,,,,,,,,,5408.8083328125,,6,87,87032503 = .375|87066000 = .758,N MIAMI AVE|NE 125TH ST|NW 125TH ST,22550,87066000,87032503,Y,-80.19866114,25.88971995,10,,On-System / On-System,87066000,1325,LPI-00656,1,0.375,0.365,0.385,N MIAMI AVE,Off Corridor,,0,0,0,0,,,Unmatched,,0
102266,227089,87066000,URBAN GENERAL,MIAMI,URBAN MINOR ART,DIVIDED,,SR  922,6,MIAMI-DADE,32000,4,35,1,LPI,Implement a Leading Pedestrian Interval (LPI),,LPI-00656,Potential Location,0.870000005,1,5408.8083328125,,,,,,,,,,,,,5408.8083328125,,6,87,87032503 = .375|87066000 = .758,N MIAMI AVE|NE 125TH ST|NW 125TH ST,22550,87066000,87032503,Y,-80.19866114,25.88971995,10,,On-System / On-System,87066000,1325,LPI-00656,2,0.758,0.748,0.768,NE 125TH ST,Off Corridor,,0,0,0,0,,,Unmatched,,0
102281,230123,87000180,URBAN GENERAL,MIAMI,URBAN PRIN ART OTHER,DIVIDED,US   41,SR   90,6,MIAMI-DADE,39000,4,35,1,LPI,Implement a Leading Pedestrian Interval (LPI),,LPI-00181,Potential Location,0.870000005,1,5408.8083328125,,,,,,,,,,,,,5408.8083328125,,6,87,87000180 = 1.057|87120000 = 11.562,SW 62ND AVE|SW 8TH ST,21950,87120000,87000180,Y,-80.29587497,25.76339945,10,,On-System / On-System,87120000,1326,LPI-00181,1,1.057,1.047,1.067,SW 62ND AVE,Off Corridor,,0,0,0,0,89.7,25.7,No Match - Angle Mismatch,,0
102281,230123,87120000,URBAN GENERAL,MIAMI,URBAN PRIN ART OTHER,DIVIDED,US   41,SR   90,6,MIAMI-DADE,39000,4,35,1,LPI,Implement a Leading Pedestrian Interval (LPI),,LPI-00181,Potential Location,0.870000005,1,5408.8083328125,,,,,,,,,,,,,5408.8083328125,,6,87,87000180 = 1.057|87120000 = 11.562,SW 62ND AVE|SW 8TH ST,21950,87120000,87000180,Y,-80.29587497,25.76339945,10,,On-System / On-System,87120000,1326,LPI-00181,2,11.562,11.552,11.572,SW 8TH ST,On Corridor,"440183-1, 452564-3",2,105,0.02,100,0,0.2,Verified Match,"440183-1, 452564-3",2
102298,230241,87051000,URBAN GENERAL,MIAMI,URBAN MINOR ART,DIVIDED,US  441,SR    7,6,MIAMI-DADE,27000,4,35,1,LPI,Implement a Leading Pedestrian Interval (LPI),,LPI-00186,Potential Location,0.870000005,1,5408.8083328125,,,,,,,,,,,,,5408.8083328125,,6,87,87051000 = 5.056|87140000 = 4.639,NW 62ND ST|NW 7TH AVE,24400,87140000,87051000,Y,-80.20849,25.83229079,10,,On-System / On-System,87140000,1327,LPI-00186,1,5.056,5.046,5.066,NW 62ND ST,Off Corridor,,0,0,0,0,,,Unmatched,,0
102298,230241,87140000,URBAN GENERAL,MIAMI,URBAN MINOR ART,DIVIDED,US  441,SR    7,6,MIAMI-DADE,27000,4,35,1,LPI,Implement a Leading Pedestrian Interval (LPI),,LPI-00186,Potential Location,0.870000005,1,5408.8083328125,,,,,,,,,,,,,5408.8083328125,,6,87,87051000 = 5.056|87140000 = 4.639,NW 62ND ST|NW 7TH AVE,24400,87140000,87051000,Y,-80.20849,25.83229079,10,,On-System / On-System,87140000,1327,LPI-00186,2,4.639,4.6290000000000004,4.649,NW 7TH AVE,Off Corridor,,0,0,0,0,,,Unmatched,,0
102319,230307,87000348,URBAN GENERAL,MIAMI,URBAN PRIN ART OTHER,DIVIDED,US   41,SR   90,6,MIAMI-DADE,53000,8,45,1,LPI,Implement a Leading Pedestrian Interval (LPI),,LPI-00187,Potential Location,0.870000005,1,5408.8083328125,,,,,,,,,,,,,5408.8083328125,,6,87,87000348 = .008|87071503 = .969|87120000 = 8.036,SW 8TH ST|SW 97TH AVE,40650,87120000,87000348,Y,-80.35239052,25.76151999,10,,On-System / On-System,87120000,1328,LPI-00187,1,0.008,0,0.018000000000000002,SW 8TH ST,Off Corridor,,0,0,0,0,87.5,70.5,No Match - Angle Mismatch,,0
102319,230307,87071503,URBAN GENERAL,MIAMI,URBAN PRIN ART OTHER,DIVIDED,US   41,SR   90,6,MIAMI-DADE,53000,8,45,1,LPI,Implement a Leading Pedestrian Interval (LPI),,LPI-00187,Potential Location,0.870000005,1,5408.8083328125,,,,,,,,,,,,,5408.8083328125,,6,87,87000348 = .008|87071503 = .969|87120000 = 8.036,SW 8TH ST|SW 97TH AVE,40650,87120000,87000348,Y,-80.35239052,25.76151999,10,,On-System / On-System,87120000,1328,LPI-00187,2,0.969,0.959,0.979,SW 97TH AVE,Off Corridor,,0,0,0,0,87.6,93.7,No Match - Angle Mismatch,,0
102319,230307,87120000,URBAN GENERAL,MIAMI,URBAN PRIN ART OTHER,DIVIDED,US   41,SR   90,6,MIAMI-DADE,53000,8,45,1,LPI,Implement a Leading Pedestrian Interval (LPI),,LPI-00187,Potential Location,0.870000005,1,5408.8083328125,,,,,,,,,,,,,5408.8083328125,,6,87,87000348 = .008|87071503 = .969|87120000 = 8.036,SW 8TH ST|SW 97TH AVE,40650,87120000,87000348,Y,-80.35239052,25.76151999,10,,On-System / On-System,87120000,1328,LPI-00187,3,8.036,8.026,8.046,,On Corridor,452564-3,1,105,0.02,100,0,0.1,Verified Match,452564-3,1
102348,230378,87000425,URBAN GENERAL,MIAMI,URBAN PRIN ART OTHER,DIVIDED,US   41,SR   90,6,MIAMI-DADE,53000,8,45,1,LPI,Implement a Leading Pedestrian Interval (LPI),,LPI-00784,Potential Location,0.870000005,1,5408.8083328125,,,,,,,,,,,,,5408.8083328125,,6,87,87000425 = .237|87120000 = 8.575,SW 8TH ST|SW 92ND AVE,30950,87120000,87000425,Y,-80.34415501,25.76180027,10,,On-System / On-System,87120000,1329,LPI-00784,1,0.237,0.22699999999999998,0.247,SW 8TH ST,Off Corridor,,0,0,0,0,88.6,26.7,No Match - Angle Mismatch,,0
102348,230378,87120000,URBAN GENERAL,MIAMI,URBAN PRIN ART OTHER,DIVIDED,US   41,SR   90,6,MIAMI-DADE,53000,8,45,1,LPI,Implement a Leading Pedestrian Interval (LPI),,LPI-00784,Potential Location,0.870000005,1,5408.8083328125,,,,,,,,,,,,,5408.8083328125,,6,87,87000425 = .237|87120000 = 8.575,SW 8TH ST|SW 92ND AVE,30950,87120000,87000425,Y,-80.34415501,25.76180027,10,,On-System / On-System,87120000,1329,LPI-00784,2,8.575,8.565,8.584999999999999,SW 92ND AVE,On Corridor,452564-3,1,105,0.02,100,0,0.1,Verified Match,452564-3,1
102361,227410,87000100,URBAN GENERAL,MIAMI,URBAN MINOR ART,DIVIDED,,SR  959,6,MIAMI-DADE,16100,2,35,1,LPI,Implement a Leading Pedestrian Interval (LPI),,LPI-01753,Potential Location,0.870000005,1,5408.8083328125,,,,,,,,,,,,,5408.8083328125,,6,87,87000100 = 1.029|87062000 = 1.52,BLUE RD|RED RD,12450,87062000,87000100,Y,-80.28620795,25.72650005,10,,On-System / On-System,87062000,1330,LPI-01753,1,1.029,1.019,1.039,BLUE RD,Off Corridor,,0,0,0,0,,,Unmatched,,0
102361,227410,87062000,URBAN GENERAL,MIAMI,URBAN MINOR ART,DIVIDED,,SR  959,6,MIAMI-DADE,16100,2,35,1,LPI,Implement a Leading Pedestrian Interval (LPI),,LPI-01753,Potential Location,0.870000005,1,5408.8083328125,,,,,,,,,,,,,5408.8083328125,,6,87,87000100 = 1.029|87062000 = 1.52,BLUE RD|RED RD,12450,87062000,87000100,Y,-80.28620795,25.72650005,10,,On-System / On-System,87062000,1330,LPI-01753,2,1.52,1.51,1.53,RED RD,Off Corridor,,0,0,0,0,,,Unmatched,,0
102365,232870,87000116,URBAN GENERAL,MIAMI,URBAN PRIN ART OTHER,DIVIDED,US   41,SR   90,6,MIAMI-DADE,65500,6,45,1,LPI,Implement a Leading Pedestrian Interval (LPI),,LPI-02523,Potential Location,0.870000005,1,5408.8083328125,,,,,,,,,,,,,5408.8083328125,,6,87,87000116 = 1.984|87120000 = 9.559,SW 82ND AVE|SW 8TH ST|TAMIAMI TRL,33800,87120000,87000116,Y,-80.32793,25.76212945,10,,On-System / On-System,87120000,1331,LPI-02523,1,1.984,1.974,1.994,SW 82ND AVE,Off Corridor,,0,0,0,0,88.8,18,No Match - Angle Mismatch,,0
102365,232870,87120000,URBAN GENERAL,MIAMI,URBAN PRIN ART OTHER,DIVIDED,US   41,SR   90,6,MIAMI-DADE,65500,6,45,1,LPI,Implement a Leading Pedestrian Interval (LPI),,LPI-02523,Potential Location,0.870000005,1,5408.8083328125,,,,,,,,,,,,,5408.8083328125,,6,87,87000116 = 1.984|87120000 = 9.559,SW 82ND AVE|SW 8TH ST|TAMIAMI TRL,33800,87120000,87000116,Y,-80.32793,25.76212945,10,,On-System / On-System,87120000,1331,LPI-02523,2,9.559,9.549,9.568999999999999,SW 8TH ST,On Corridor,452564-3,1,105,0.02,100,0,0.1,Verified Match,452564-3,1
102390,232942,87000195,URBAN GENERAL,MIAMI,URBAN PRIN ART OTHER,DIVIDED,US   41,SR   90,6,MIAMI-DADE,50000,4,35,1,LPI,Implement a Leading Pedestrian Interval (LPI),,LPI-00594,Potential Location,0.870000005,1,5408.8083328125,,,,,,,,,,,,,5408.8083328125,,6,87,87000195 = 0|87000433 = .768|87120000 = 10.32,SW 74TH AVE|SW 8TH ST|TAMIAMI BLVD,33000,87120000,87000433,Y,-80.315779,25.7627035,10,,On-System / On-System,87120000,1332,LPI-00594,1,0,0,0.01,SW 74TH AVE,Off Corridor,,0,0,0,0,75.2,45.4,No Match - Angle Mismatch,,0
102390,232942,87000433,URBAN GENERAL,MIAMI,URBAN PRIN ART OTHER,DIVIDED,US   41,SR   90,6,MIAMI-DADE,50000,4,35,1,LPI,Implement a Leading Pedestrian Interval (LPI),,LPI-00594,Potential Location,0.870000005,1,5408.8083328125,,,,,,,,,,,,,5408.8083328125,,6,87,87000195 = 0|87000433 = .768|87120000 = 10.32,SW 74TH AVE|SW 8TH ST|TAMIAMI BLVD,33000,87120000,87000433,Y,-80.315779,25.7627035,10,,On-System / On-System,87120000,1332,LPI-00594,2,0.768,0.758,0.778,SW 8TH ST,Off Corridor,,0,0,0,0,86.3,7.1,No Match - Angle Mismatch,,0
102390,232942,87120000,URBAN GENERAL,MIAMI,URBAN PRIN ART OTHER,DIVIDED,US   41,SR   90,6,MIAMI-DADE,50000,4,35,1,LPI,Implement a Leading Pedestrian Interval (LPI),,LPI-00594,Potential Location,0.870000005,1,5408.8083328125,,,,,,,,,,,,,5408.8083328125,,6,87,87000195 = 0|87000433 = .768|87120000 = 10.32,SW 74TH AVE|SW 8TH ST|TAMIAMI BLVD,33000,87120000,87000433,Y,-80.315779,25.7627035,10,,On-System / On-System,87120000,1332,LPI-00594,3,10.32,10.31,10.33,TAMIAMI BLVD,On Corridor,452564-3,1,106,0.02,100,1.4,0.2,Verified Match,452564-3,1
102426,233003,87029501,URBAN GENERAL,MIAMI,URBAN PRIN ART OTHER,DIVIDED,US   41,SR   90,6,MIAMI-DADE,33000,4,35,1,LPI,Implement a Leading Pedestrian Interval (LPI),,LPI-00142,Potential Location,0.870000005,1,5408.8083328125,,,,,,,,,,,,,5408.8083328125,,6,87,87029501 = 1.019|87120000 = 14.102,SW 37TH AVE|SW 8TH ST,29750,87120000,87029501,Y,-80.2551301,25.76468354,10,,On-System / On-System,87120000,1333,LPI-00142,1,1.019,1.009,1.029,SW 37TH AVE,Off Corridor,,0,0,0,0,89.7,0.9,No Match - Angle Mismatch,,0
102426,233003,87120000,URBAN GENERAL,MIAMI,URBAN PRIN ART OTHER,DIVIDED,US   41,SR   90,6,MIAMI-DADE,33000,4,35,1,LPI,Implement a Leading Pedestrian Interval (LPI),,LPI-00142,Potential Location,0.870000005,1,5408.8083328125,,,,,,,,,,,,,5408.8083328125,,6,87,87029501 = 1.019|87120000 = 14.102,SW 37TH AVE|SW 8TH ST,29750,87120000,87029501,Y,-80.2551301,25.76468354,10,,On-System / On-System,87120000,1333,LPI-00142,2,14.102,14.092,14.112,SW 8TH ST,On Corridor,"440183-1, 452564-3",2,105,0.02,100,0,0.2,Verified Match,"440183-1, 452564-3",2
102448,231211,87080900,URBAN GENERAL,MIAMI,URBAN MINOR ART,DIVIDED,,SR  934,6,MIAMI-DADE,23500,4,40,1,LPI,Implement a Leading Pedestrian Interval (LPI),,LPI-00198,Potential Location,0.870000005,1,5408.8083328125,,,,,,,,,,,,,5408.8083328125,,6,87,87080900 = 35.192|87900025 = .501|87A13528 = .012,E 10TH AVE|E 25TH ST,11750,87080900,87900025,Y,-80.26216,25.84538537,10,,On-System / On-System,87080900,1334,LPI-00198,1,35.192,35.182,35.202,E 10TH AVE,Off Corridor,,0,0,0,0,,,Unmatched,,0
102448,231211,87900025,URBAN GENERAL,MIAMI,URBAN MINOR ART,DIVIDED,,SR  934,6,MIAMI-DADE,23500,4,40,1,LPI,Implement a Leading Pedestrian Interval (LPI),,LPI-00198,Potential Location,0.870000005,1,5408.8083328125,,,,,,,,,,,,,5408.8083328125,,6,87,87080900 = 35.192|87900025 = .501|87A13528 = .012,E 10TH AVE|E 25TH ST,11750,87080900,87900025,Y,-80.26216,25.84538537,10,,On-System / On-System,87080900,1334,LPI-00198,2,0.501,0.491,0.511,E 25TH ST,Off Corridor,,0,0,0,0,,,Unmatched,,0
102452,233003,87000150,URBAN GENERAL,MIAMI,URBAN PRIN ART OTHER,DIVIDED,US   41,SR   90,6,MIAMI-DADE,33000,4,35,1,LPI,Implement a Leading Pedestrian Interval (LPI),,LPI-00141,Potential Location,0.870000005,1,5408.8083328125,,,,,,,,,,,,,5408.8083328125,,6,87,87000150 = .844|87120000 = 13.856,PONCE DE LEON BLVD|SW 8TH ST,26200,87120000,87000150,Y,-80.25907381,25.76456,10,,On-System / On-System,87120000,1335,LPI-00141,1,0.844,0.834,0.854,PONCE DE LEON BLVD,Off Corridor,,0,0,0,0,72.2,54,No Match - Angle Mismatch,,0
102452,233003,87120000,URBAN GENERAL,MIAMI,URBAN PRIN ART OTHER,DIVIDED,US   41,SR   90,6,MIAMI-DADE,33000,4,35,1,LPI,Implement a Leading Pedestrian Interval (LPI),,LPI-00141,Potential Location,0.870000005,1,5408.8083328125,,,,,,,,,,,,,5408.8083328125,,6,87,87000150 = .844|87120000 = 13.856,PONCE DE LEON BLVD|SW 8TH ST,26200,87120000,87000150,Y,-80.25907381,25.76456,10,,On-System / On-System,87120000,1335,LPI-00141,2,13.856,13.846,13.866,SW 8TH ST,On Corridor,"440183-1, 452564-3",2,105,0.02,100,0,0.2,Verified Match,"440183-1, 452564-3",2
102492,230490,87000263,SUBURBAN COMMERCIAL,MIAMI,URBAN PRIN ART OTHER,DIVIDED,US  441,SR    7,6,MIAMI-DADE,61500,6,45,1,LPI,Implement a Leading Pedestrian Interval (LPI),,LPI-02593,Potential Location,0.870000005,1,5408.8083328125,,,,,,,,,,,,,5408.8083328125,,6,87,87000263 = 1.452|87013000 = .007|87140000 = 13.605,NW 199TH ST|NW 2ND AVE,88000,87140000,87013000,Y,-80.20571431,25.95708883,10,,On-System / On-System,87140000,1336,LPI-02593,1,1.452,1.442,1.462,NW 199TH ST,Off Corridor,,0,0,0,0,,,Unmatched,,0
102492,230490,87013000,SUBURBAN COMMERCIAL,MIAMI,URBAN PRIN ART OTHER,DIVIDED,US  441,SR    7,6,MIAMI-DADE,61500,6,45,1,LPI,Implement a Leading Pedestrian Interval (LPI),,LPI-02593,Potential Location,0.870000005,1,5408.8083328125,,,,,,,,,,,,,5408.8083328125,,6,87,87000263 = 1.452|87013000 = .007|87140000 = 13.605,NW 199TH ST|NW 2ND AVE,88000,87140000,87013000,Y,-80.20571431,25.95708883,10,,On-System / On-System,87140000,1336,LPI-02593,2,0.007,0,0.017,NW 2ND AVE,Off Corridor,,0,0,0,0,,,Unmatched,,0
102492,230490,87140000,SUBURBAN COMMERCIAL,MIAMI,URBAN PRIN ART OTHER,DIVIDED,US  441,SR    7,6,MIAMI-DADE,61500,6,45,1,LPI,Implement a Leading Pedestrian Interval (LPI),,LPI-02593,Potential Location,0.870000005,1,5408.8083328125,,,,,,,,,,,,,5408.8083328125,,6,87,87000263 = 1.452|87013000 = .007|87140000 = 13.605,NW 199TH ST|NW 2ND AVE,88000,87140000,87013000,Y,-80.20571431,25.95708883,10,,On-System / On-System,87140000,1336,LPI-02593,3,13.605,13.595,13.615,,Off Corridor,,0,0,0,0,,,Unmatched,,0
102515,230492,87000216,URBAN GENERAL,MIAMI,URBAN MINOR ART,DIVIDED,US  441,SR    7,6,MIAMI-DADE,28000,4,40,1,LPI,Implement a Leading Pedestrian Interval (LPI),,LPI-00182,Potential Location,0.870000005,1,5408.8083328125,,,,,,,,,,,,,5408.8083328125,,6,87,87000216 = 1.052|87140000 = 6.213,LITTLE RIVER DR|NW 7TH AVE,13000,87140000,87000216,Y,-80.20946467,25.8551589,10,,On-System / On-System,87140000,1337,LPI-00182,1,1.052,1.042,1.062,LITTLE RIVER DR,Off Corridor,,0,0,0,0,,,Unmatched,,0
102515,230492,87140000,URBAN GENERAL,MIAMI,URBAN MINOR ART,DIVIDED,US  441,SR    7,6,MIAMI-DADE,28000,4,40,1,LPI,Implement a Leading Pedestrian Interval (LPI),,LPI-00182,Potential Location,0.870000005,1,5408.8083328125,,,,,,,,,,,,,5408.8083328125,,6,87,87000216 = 1.052|87140000 = 6.213,LITTLE RIVER DR|NW 7TH AVE,13000,87140000,87000216,Y,-80.20946467,25.8551589,10,,On-System / On-System,87140000,1337,LPI-00182,2,6.213,6.203,6.223,NW 7TH AVE,Off Corridor,,0,0,0,0,,,Unmatched,,0
102539,237161,87000334,URBAN GENERAL,MIAMI,URBAN PRIN ART OTHER,DIVIDED,,SR    9,6,MIAMI-DADE,31500,4,40,1,LPI,Implement a Leading Pedestrian Interval (LPI),,LPI-00154,Potential Location,0.870000005,1,5408.8083328125,,,,,,,,,,,,,5408.8083328125,,6,87,87000334 = .511|87240000 = 7.83,NW 27TH AVE|NW 87TH ST,16750,87240000,87000334,Y,-80.24199079,25.85342,10,,On-System / On-System,87240000,1338,LPI-00154,1,0.511,0.501,0.521,NW 27TH AVE,Off Corridor,,0,0,0,0,89.8,18.2,No Match - Angle Mismatch,,0
102539,237161,87240000,URBAN GENERAL,MIAMI,URBAN PRIN ART OTHER,DIVIDED,,SR    9,6,MIAMI-DADE,31500,4,40,1,LPI,Implement a Leading Pedestrian Interval (LPI),,LPI-00154,Potential Location,0.870000005,1,5408.8083328125,,,,,,,,,,,,,5408.8083328125,,6,87,87000334 = .511|87240000 = 7.83,NW 27TH AVE|NW 87TH ST,16750,87240000,87000334,Y,-80.24199079,25.85342,10,,On-System / On-System,87240000,1338,LPI-00154,2,7.83,7.82,7.84,NW 87TH ST,On Corridor,438076-1,4,106,0.02,100,0,0.3,Verified Match,438076-1,4
102660,237184,87240000,URBAN GENERAL,MIAMI,URBAN PRIN ART OTHER,DIVIDED,,SR    9,6,MIAMI-DADE,41500,6,40,1,LPI,Implement a Leading Pedestrian Interval (LPI),,LPI-00607,Potential Location,0.870000005,1,5408.8083328125,,,,,,,,,,,,,5408.8083328125,,6,87,87240000 = 1.803|87A17010 = 0|87A17011 = 1.013,SW 27TH AVE|SW 7TH ST,20500,87240000,87A17010,Y,-80.2388653,25.76607498,10,,On-System / Off-System,87240000,1339,LPI-00607,1,1.803,1.793,1.813,SW 27TH AVE,Off Corridor,,0,0,0,0,89.8,285.8,No Match - Angle Mismatch,,0
102727,231773,87000347,URBAN GENERAL,MIAMI,URBAN MINOR ART,DIVIDED,,SR  985,6,MIAMI-DADE,60000,6,40,1,LPI,Implement a Leading Pedestrian Interval (LPI),,LPI-01952,Potential Location,0.870000005,1,5408.8083328125,,,,,,,,,,,,,5408.8083328125,,6,87,87000347 = .994|87072000 = 7.159,FONTAINEBLEAU BLVD|NW 107TH AVE,35850,87072000,87000347,Y,-80.36956692,25.77553,10,,On-System / On-System,87072000,1340,LPI-01952,1,0.994,0.984,1.004,FONTAINEBLEAU BLVD,Off Corridor,,0,0,0,0,88,4.3,No Match - Angle Mismatch,,0
102727,231773,87072000,URBAN GENERAL,MIAMI,URBAN MINOR ART,DIVIDED,,SR  985,6,MIAMI-DADE,60000,6,40,1,LPI,Implement a Leading Pedestrian Interval (LPI),,LPI-01952,Potential Location,0.870000005,1,5408.8083328125,,,,,,,,,,,,,5408.8083328125,,6,87,87000347 = .994|87072000 = 7.159,FONTAINEBLEAU BLVD|NW 107TH AVE,35850,87072000,87000347,Y,-80.36956692,25.77553,10,,On-System / On-System,87072000,1340,LPI-01952,2,7.159,7.149,7.169,NW 107TH AVE,On Corridor,452560-1,3,106,0.02,100,0.6,0.3,Verified Match,452560-1,3
102728,233193,87085000,URBAN GENERAL,MIAMI,URBAN MINOR ART,DIVIDED,,SR  933,6,MIAMI-DADE,22500,4,35,1,LPI,Implement a Leading Pedestrian Interval (LPI),,LPI-01539,Potential Location,0.870000005,1,5408.8083328125,,,,,,,,,,,,,5408.8083328125,,6,87,87085000 = 3.293|87A15710 = .247|87A27307 = 0,NW 12TH AVE|NW 23RD ST|NW 24TH ST,11000,87085000,87A15710,N,,,10,,On-System / Off-System,87085000,1341,LPI-01539,1,3.293,3.2830000000000004,3.303,NW 12TH AVE,Off Corridor,,0,0,0,0,,,Unmatched,,0
102823,233398,87051000,URBAN GENERAL,MIAMI,URBAN PRIN ART OTHER,DIVIDED,,SR  953,6,MIAMI-DADE,36500,4,40,1,LPI,Implement a Leading Pedestrian Interval (LPI),,LPI-01585,Potential Location,0.870000005,1,5408.8083328125,,,,,,,,,,,,,5408.8083328125,,6,87,87051000 = 1.502|87281000 = 7.184,E 8TH AVE|E 9TH ST,26300,87281000,87051000,Y,-80.26551132,25.83054997,10,,On-System / On-System,87281000,1342,LPI-01585,1,1.502,1.492,1.512,E 8TH AVE,Off Corridor,,0,0,0,0,,,Unmatched,,0
102823,233398,87281000,URBAN GENERAL,MIAMI,URBAN PRIN ART OTHER,DIVIDED,,SR  953,6,MIAMI-DADE,36500,4,40,1,LPI,Implement a Leading Pedestrian Interval (LPI),,LPI-01585,Potential Location,0.870000005,1,5408.8083328125,,,,,,,,,,,,,5408.8083328125,,6,87,87051000 = 1.502|87281000 = 7.184,E 8TH AVE|E 9TH ST,26300,87281000,87051000,Y,-80.26551132,25.83054997,10,,On-System / On-System,87281000,1342,LPI-01585,2,7.184,7.174,7.194,E 9TH ST,Off Corridor,,0,0,0,0,,,Unmatched,,0
102830,233417,87000154,URBAN GENERAL,MIAMI,URBAN PRIN ART OTHER,DIVIDED,,SR  953,6,MIAMI-DADE,45000,4,40,1,LPI,Implement a Leading Pedestrian Interval (LPI),,LPI-00596,Potential Location,0.870000005,1,5408.8083328125,,,,,,,,,,,,,5408.8083328125,,6,87,87000154 = .37|87281000 = 6.165,SE 8TH AVE|SE 8TH ST,20600,87281000,87000154,Y,-80.26487012,25.81577332,10,,On-System / On-System,87281000,1343,LPI-00596,1,0.37,0.36,0.38,SE 8TH AVE,Off Corridor,,0,0,0,0,89.5,0.3,No Match - Angle Mismatch,,0
102830,233417,87281000,URBAN GENERAL,MIAMI,URBAN PRIN ART OTHER,DIVIDED,,SR  953,6,MIAMI-DADE,45000,4,40,1,LPI,Implement a Leading Pedestrian Interval (LPI),,LPI-00596,Potential Location,0.870000005,1,5408.8083328125,,,,,,,,,,,,,5408.8083328125,,6,87,87000154 = .37|87281000 = 6.165,SE 8TH AVE|SE 8TH ST,20600,87281000,87000154,Y,-80.26487012,25.81577332,10,,On-System / On-System,87281000,1343,LPI-00596,2,6.165,6.155,6.175,SE 8TH ST,On Corridor,438521-2,2,106,0.02,100,0.1,0.3,Verified Match,438521-2,2
102886,236506,87051000,URBAN GENERAL,MIAMI,URBAN PRIN ART OTHER,DIVIDED,,SR    9,6,MIAMI-DADE,32000,4,35,1,LPI,Implement a Leading Pedestrian Interval (LPI),,LPI-00344,Potential Location,0.870000005,1,5408.8083328125,,,,,,,,,,,,,5408.8083328125,,6,87,87051000 = 3.022|87240000 = 6.295,NW 27TH AVE|NW 62ND ST,33650,87240000,87051000,Y,-80.24113907,25.83122,10,,On-System / On-System,87240000,1344,LPI-00344,1,3.022,3.012,3.0319999999999996,NW 27TH AVE,Off Corridor,,0,0,0,0,89.1,29.9,No Match - Angle Mismatch,,0
102886,236506,87240000,URBAN GENERAL,MIAMI,URBAN PRIN ART OTHER,DIVIDED,,SR    9,6,MIAMI-DADE,32000,4,35,1,LPI,Implement a Leading Pedestrian Interval (LPI),,LPI-00344,Potential Location,0.870000005,1,5408.8083328125,,,,,,,,,,,,,5408.8083328125,,6,87,87051000 = 3.022|87240000 = 6.295,NW 27TH AVE|NW 62ND ST,33650,87240000,87051000,Y,-80.24113907,25.83122,10,,On-System / On-System,87240000,1344,LPI-00344,2,6.295,6.285,6.305,NW 62ND ST,On Corridor,438076-1,4,106,0.02,100,0.3,0.3,Verified Match,438076-1,4
102917,233597,87000238,URBAN GENERAL,MIAMI,URBAN PRIN ART OTHER,DIVIDED,,SR  953,6,MIAMI-DADE,17100,6,40,1,LPI,Implement a Leading Pedestrian Interval (LPI),,LPI-00326,Potential Location,0.870000005,1,5408.8083328125,,,,,,,,,,,,,5408.8083328125,,6,87,87000238 = 2.491|87281000 = 10.157|87A12929 = 0,E 56TH ST|NW 42ND AVE,7700,87281000,87000238,Y,-80.26697487,25.87365,10,,On-System / On-System,87281000,1345,LPI-00326,1,2.491,2.4810000000000003,2.501,E 56TH ST,Off Corridor,,0,0,0,0,90,72.4,No Match - Angle Mismatch,,0
102917,233597,87281000,URBAN GENERAL,MIAMI,URBAN PRIN ART OTHER,DIVIDED,,SR  953,6,MIAMI-DADE,17100,6,40,1,LPI,Implement a Leading Pedestrian Interval (LPI),,LPI-00326,Potential Location,0.870000005,1,5408.8083328125,,,,,,,,,,,,,5408.8083328125,,6,87,87000238 = 2.491|87281000 = 10.157|87A12929 = 0,E 56TH ST|NW 42ND AVE,7700,87281000,87000238,Y,-80.26697487,25.87365,10,,On-System / On-System,87281000,1345,LPI-00326,2,10.157,10.147,10.167,NW 42ND AVE,On Corridor,447803-1,3,106,0.02,100,0,0.3,Verified Match,447803-1,3
102933,233597,87281000,URBAN GENERAL,MIAMI,URBAN PRIN ART OTHER,DIVIDED,,SR  953,6,MIAMI-DADE,17100,6,40,1,LPI,Implement a Leading Pedestrian Interval (LPI),,LPI-00325,Potential Location,0.870000005,1,5408.8083328125,,,,,,,,,,,,,5408.8083328125,,6,87,87281000 = 10.099|87A12959 = 1.009,E 55TH ST|NW 42ND AVE,7700,87281000,87A04885,Y,-80.26699702,25.87281,10,,On-System / Off-System,87281000,1346,LPI-00325,1,10.099,10.089,10.109,E 55TH ST,On Corridor,447803-1,3,106,0.02,100,0,0.3,Verified Match,447803-1,3
102972,233687,87281000,URBAN GENERAL,MIAMI,URBAN PRIN ART OTHER,DIVIDED,,SR  953,6,MIAMI-DADE,55000,6,40,1,LPI,Implement a Leading Pedestrian Interval (LPI),,LPI-00150,Potential Location,0.870000005,1,5408.8083328125,,,,,,,,,,,,,5408.8083328125,,6,87,87281000 = 3.356|87A32558 = .862|87A32559 = .01,NW 3RD ST|NW 42ND AVE,27000,87281000,87A32558,Y,-80.26383991,25.77513996,10,,On-System / Off-System,87281000,1347,LPI-00150,1,3.356,3.346,3.3659999999999997,NW 3RD ST,On Corridor,447809-1,1,106,0.02,100,0,0.2,Verified Match,447809-1,1
103005,237634,87000327,URBAN GENERAL,MIAMI,URBAN PRIN ART OTHER,DIVIDED,,SR    9,6,MIAMI-DADE,48500,6,35,1,LPI,Implement a Leading Pedestrian Interval (LPI),,LPI-00686,Potential Location,0.870000005,1,5408.8083328125,,,,,,,,,,,,,5408.8083328125,,6,87,87000327 = 2.028|87240000 = 3.498,NW 17TH ST|NW 27TH AVE,41800,87240000,87000327,Y,-80.23978,25.7906449,10,,On-System / On-System,87240000,1348,LPI-00686,1,2.028,2.0180000000000002,2.038,NW 17TH ST,Off Corridor,,0,0,0,0,73.4,55.3,No Match - Angle Mismatch,,0
103005,237634,87240000,URBAN GENERAL,MIAMI,URBAN PRIN ART OTHER,DIVIDED,,SR    9,6,MIAMI-DADE,48500,6,35,1,LPI,Implement a Leading Pedestrian Interval (LPI),,LPI-00686,Potential Location,0.870000005,1,5408.8083328125,,,,,,,,,,,,,5408.8083328125,,6,87,87000327 = 2.028|87240000 = 3.498,NW 17TH ST|NW 27TH AVE,41800,87240000,87000327,Y,-80.23978,25.7906449,10,,On-System / On-System,87240000,1348,LPI-00686,2,3.498,3.4880000000000004,3.508,NW 27TH AVE,On Corridor,"451124-1, 457511-1, 449366-1",8,106,0.02,100,0.4,0.2,Verified Match,"451124-1, 457511-1, 449366-1",8
103015,237634,87000440,URBAN GENERAL,MIAMI,URBAN PRIN ART OTHER,DIVIDED,,SR    9,6,MIAMI-DADE,48500,6,35,1,LPI,Implement a Leading Pedestrian Interval (LPI),,LPI-00168,Potential Location,0.870000005,1,5408.8083328125,,,,,,,,,,,,,5408.8083328125,,6,87,87000440 = .005|87000520 = .005|87240000 = 3.237,NW 14TH ST|NW 27TH AVE|UNITY BLVD,30550,87240000,87000440,Y,-80.23958073,25.78686,10,,On-System / On-System,87240000,1349,LPI-00168,1,0.005,0,0.015,NW 14TH ST,Off Corridor,,0,0,0,0,89.2,21.1,No Match - Angle Mismatch,,0
103015,237634,87000520,URBAN GENERAL,MIAMI,URBAN PRIN ART OTHER,DIVIDED,,SR    9,6,MIAMI-DADE,48500,6,35,1,LPI,Implement a Leading Pedestrian Interval (LPI),,LPI-00168,Potential Location,0.870000005,1,5408.8083328125,,,,,,,,,,,,,5408.8083328125,,6,87,87000440 = .005|87000520 = .005|87240000 = 3.237,NW 14TH ST|NW 27TH AVE|UNITY BLVD,30550,87240000,87000440,Y,-80.23958073,25.78686,10,,On-System / On-System,87240000,1349,LPI-00168,2,0.005,0,0.015,NW 27TH AVE,Off Corridor,,0,0,0,0,89.9,57.7,No Match - Angle Mismatch,,0
103015,237634,87240000,URBAN GENERAL,MIAMI,URBAN PRIN ART OTHER,DIVIDED,,SR    9,6,MIAMI-DADE,48500,6,35,1,LPI,Implement a Leading Pedestrian Interval (LPI),,LPI-00168,Potential Location,0.870000005,1,5408.8083328125,,,,,,,,,,,,,5408.8083328125,,6,87,87000440 = .005|87000520 = .005|87240000 = 3.237,NW 14TH ST|NW 27TH AVE|UNITY BLVD,30550,87240000,87000440,Y,-80.23958073,25.78686,10,,On-System / On-System,87240000,1349,LPI-00168,3,3.237,3.2270000000000003,3.247,UNITY BLVD,On Corridor,"451124-1, 457511-1",7,106,0.02,100,0.1,0.2,Verified Match,"451124-1, 457511-1",7
103137,237772,87000436,URBAN GENERAL,MIAMI,URBAN PRIN ART OTHER,DIVIDED,,SR    9,6,MIAMI-DADE,37500,6,35,1,LPI,Implement a Leading Pedestrian Interval (LPI),,LPI-00610,Potential Location,0.870000005,1,5408.8083328125,,,,,,,,,,,,,5408.8083328125,,6,87,87000436 = .65|87240000 = 4.26,NW 27TH AVE|NW 28TH ST,22100,87240000,87000436,Y,-80.23996405,25.80168013,10,,On-System / On-System,87240000,1350,LPI-00610,1,0.65,0.64,0.66,NW 27TH AVE,Off Corridor,,0,0,0,0,89.6,15.4,No Match - Angle Mismatch,,0
103137,237772,87240000,URBAN GENERAL,MIAMI,URBAN PRIN ART OTHER,DIVIDED,,SR    9,6,MIAMI-DADE,37500,6,35,1,LPI,Implement a Leading Pedestrian Interval (LPI),,LPI-00610,Potential Location,0.870000005,1,5408.8083328125,,,,,,,,,,,,,5408.8083328125,,6,87,87000436 = .65|87240000 = 4.26,NW 27TH AVE|NW 28TH ST,22100,87240000,87000436,Y,-80.23996405,25.80168013,10,,On-System / On-System,87240000,1350,LPI-00610,2,4.26,4.25,4.27,NW 28TH ST,On Corridor,"451124-1, 457511-1",7,106,0.02,100,0,0.3,Verified Match,"451124-1, 457511-1",7
103193,232266,87000223,URBAN GENERAL,MIAMI,URBAN MINOR COLLECTOR,DIVIDED,,SR  909,6,MIAMI-DADE,23500,4,40,1,LPI,Implement a Leading Pedestrian Interval (LPI),,LPI-00811,Potential Location,0.870000005,1,5408.8083328125,,,,,,,,,,,,,5408.8083328125,,6,87,87000223 = 1.755|87190000 = .242,GRIFFING BLVD|W DIXIE HWY,10225,87190000,87000223,Y,-80.19056918,25.88694568,10,,On-System / On-System,87190000,1351,LPI-00811,1,1.755,1.7449999999999999,1.765,GRIFFING BLVD,Off Corridor,,0,0,0,0,,,Unmatched,,0
103193,232266,87190000,URBAN GENERAL,MIAMI,URBAN MINOR COLLECTOR,DIVIDED,,SR  909,6,MIAMI-DADE,23500,4,40,1,LPI,Implement a Leading Pedestrian Interval (LPI),,LPI-00811,Potential Location,0.870000005,1,5408.8083328125,,,,,,,,,,,,,5408.8083328125,,6,87,87000223 = 1.755|87190000 = .242,GRIFFING BLVD|W DIXIE HWY,10225,87190000,87000223,Y,-80.19056918,25.88694568,10,,On-System / On-System,87190000,1351,LPI-00811,2,0.242,0.23199999999999998,0.252,W DIXIE HWY,Off Corridor,,0,0,0,0,,,Unmatched,,0
103227,237828,87000153,URBAN GENERAL,MIAMI,URBAN PRIN ART OTHER,DIVIDED,,SR    9,6,MIAMI-DADE,30000,4,35,1,LPI,Implement a Leading Pedestrian Interval (LPI),,LPI-00687,Potential Location,0.870000005,1,5408.8083328125,,,,,,,,,,,,,5408.8083328125,,6,87,87000153 = .006|87000154 = 1.883|87240000 = 5.284,NW 27TH AVE|NW 46TH ST,23650,87240000,87000154,Y,-80.24051357,25.8165,10,,On-System / On-System,87240000,1352,LPI-00687,1,0.006,0,0.016,NW 27TH AVE,Off Corridor,,0,0,0,0,,,Unmatched,,0
103227,237828,87000154,URBAN GENERAL,MIAMI,URBAN PRIN ART OTHER,DIVIDED,,SR    9,6,MIAMI-DADE,30000,4,35,1,LPI,Implement a Leading Pedestrian Interval (LPI),,LPI-00687,Potential Location,0.870000005,1,5408.8083328125,,,,,,,,,,,,,5408.8083328125,,6,87,87000153 = .006|87000154 = 1.883|87240000 = 5.284,NW 27TH AVE|NW 46TH ST,23650,87240000,87000154,Y,-80.24051357,25.8165,10,,On-System / On-System,87240000,1352,LPI-00687,2,1.883,1.873,1.893,NW 46TH ST,Off Corridor,,0,0,0,0,,,Unmatched,,0
103227,237828,87240000,URBAN GENERAL,MIAMI,URBAN PRIN ART OTHER,DIVIDED,,SR    9,6,MIAMI-DADE,30000,4,35,1,LPI,Implement a Leading Pedestrian Interval (LPI),,LPI-00687,Potential Location,0.870000005,1,5408.8083328125,,,,,,,,,,,,,5408.8083328125,,6,87,87000153 = .006|87000154 = 1.883|87240000 = 5.284,NW 27TH AVE|NW 46TH ST,23650,87240000,87000154,Y,-80.24051357,25.8165,10,,On-System / On-System,87240000,1352,LPI-00687,3,5.284,5.274,5.294,,Off Corridor,,0,0,0,0,,,Unmatched,,0
103255,233087,87000977,URBAN GENERAL,MIAMI,URBAN MINOR ART,DIVIDED,,SR  909,6,MIAMI-DADE,23500,4,40,1,LPI,Implement a Leading Pedestrian Interval (LPI),,LPI-00146,Potential Location,0.870000005,1,5408.8083328125,,,,,,,,,,,,,5408.8083328125,,6,87,87000977 = .317|87190000 = 1.001|87A12043 = .249,NE 130TH ST|NE 8TH AVE|W DIXIE HWY,11550,87190000,87000977,Y,-80.18265808,25.8950597,10,,On-System / On-System,87190000,1353,LPI-00146,1,0.317,0.307,0.327,NE 130TH ST,On Corridor,440179-1,1,106,0.02,100,38.8,28,Verified Parallel Fallback,440179-1,1
103255,233087,87190000,URBAN GENERAL,MIAMI,URBAN MINOR ART,DIVIDED,,SR  909,6,MIAMI-DADE,23500,4,40,1,LPI,Implement a Leading Pedestrian Interval (LPI),,LPI-00146,Potential Location,0.870000005,1,5408.8083328125,,,,,,,,,,,,,5408.8083328125,,6,87,87000977 = .317|87190000 = 1.001|87A12043 = .249,NE 130TH ST|NE 8TH AVE|W DIXIE HWY,11550,87190000,87000977,Y,-80.18265808,25.8950597,10,,On-System / On-System,87190000,1353,LPI-00146,2,1.001,0.9909999999999999,1.011,NE 8TH AVE,On Corridor,440179-1,1,106,0.02,100,0,0.4,Verified Match,440179-1,1
103292,237889,87000442,URBAN GENERAL,MIAMI,URBAN PRIN ART OTHER,DIVIDED,,SR    9,6,MIAMI-DADE,48500,6,35,1,LPI,Implement a Leading Pedestrian Interval (LPI),,LPI-00689,Potential Location,0.870000005,1,5408.8083328125,,,,,,,,,,,,,5408.8083328125,,6,87,87000442 = 1.537|87240000 = 2.974,NW 11TH ST|NW 27TH AVE,26800,87240000,87000442,Y,-80.23944471,25.78301773,10,,On-System / On-System,87240000,1354,LPI-00689,1,1.537,1.527,1.547,NW 11TH ST,Off Corridor,,0,0,0,0,63,1.5,No Match - Angle Mismatch,,0
103292,237889,87240000,URBAN GENERAL,MIAMI,URBAN PRIN ART OTHER,DIVIDED,,SR    9,6,MIAMI-DADE,48500,6,35,1,LPI,Implement a Leading Pedestrian Interval (LPI),,LPI-00689,Potential Location,0.870000005,1,5408.8083328125,,,,,,,,,,,,,5408.8083328125,,6,87,87000442 = 1.537|87240000 = 2.974,NW 11TH ST|NW 27TH AVE,26800,87240000,87000442,Y,-80.23944471,25.78301773,10,,On-System / On-System,87240000,1354,LPI-00689,2,2.974,2.9640000000000004,2.984,NW 27TH AVE,On Corridor,"451124-1, 457511-1, 451124-2",9,106,0.02,100,0.2,0.2,Verified Match,"451124-1, 457511-1, 451124-2",9
103313,230385,87000475,URBAN GENERAL,MIAMI,URBAN MINOR ART,DIVIDED,,SR  985,6,MIAMI-DADE,24500,4,40,1,LPI,Implement a Leading Pedestrian Interval (LPI),,LPI-00592,Potential Location,0.870000005,1,5408.8083328125,,,,,,,,,,,,,5408.8083328125,,6,87,87000475 = .13|87072000 = 2.092,N SNAPPER CREEK DR|SW 107TH AVE,12400,87072000,87000475,Y,-80.36622022,25.70211011,10,,On-System / On-System,87072000,1355,LPI-00592,1,0.13,0.12000000000000001,0.14,N SNAPPER CREEK DR,Off Corridor,,0,0,0,0,60.3,1.6,No Match - Angle Mismatch,,0
103313,230385,87072000,URBAN GENERAL,MIAMI,URBAN MINOR ART,DIVIDED,,SR  985,6,MIAMI-DADE,24500,4,40,1,LPI,Implement a Leading Pedestrian Interval (LPI),,LPI-00592,Potential Location,0.870000005,1,5408.8083328125,,,,,,,,,,,,,5408.8083328125,,6,87,87000475 = .13|87072000 = 2.092,N SNAPPER CREEK DR|SW 107TH AVE,12400,87072000,87000475,Y,-80.36622022,25.70211011,10,,On-System / On-System,87072000,1355,LPI-00592,2,2.092,2.0820000000000003,2.102,SW 107TH AVE,On Corridor,449948-1,2,106,0.02,100,0,0.2,Verified Match,449948-1,2
103357,236916,87000330,URBAN GENERAL,MIAMI,URBAN PRIN ART OTHER,DIVIDED,,SR    9,6,MIAMI-DADE,32000,4,35,1,LPI,Implement a Leading Pedestrian Interval (LPI),,LPI-00605,Potential Location,0.870000005,1,5408.8083328125,,,,,,,,,,,,,5408.8083328125,,6,87,87000330 = 3.009|87240000 = 6.81,NW 27TH AVE|NW 71ST ST,20250,87240000,87000330,Y,-80.24153056,25.83863,10,,On-System / On-System,87240000,1356,LPI-00605,1,3.009,2.999,3.0189999999999997,NW 27TH AVE,Off Corridor,,0,0,0,0,89.8,68,No Match - Angle Mismatch,,0
103357,236916,87240000,URBAN GENERAL,MIAMI,URBAN PRIN ART OTHER,DIVIDED,,SR    9,6,MIAMI-DADE,32000,4,35,1,LPI,Implement a Leading Pedestrian Interval (LPI),,LPI-00605,Potential Location,0.870000005,1,5408.8083328125,,,,,,,,,,,,,5408.8083328125,,6,87,87000330 = 3.009|87240000 = 6.81,NW 27TH AVE|NW 71ST ST,20250,87240000,87000330,Y,-80.24153056,25.83863,10,,On-System / On-System,87240000,1356,LPI-00605,2,6.81,6.8,6.819999999999999,NW 71ST ST,On Corridor,438076-1,4,106,0.02,100,0,0.3,Verified Match,438076-1,4
103486,234981,87000124,URBAN GENERAL,MIAMI,URBAN PRIN ART OTHER,DIVIDED,,SR  953,6,MIAMI-DADE,22000,4,35,1,LPI,Implement a Leading Pedestrian Interval (LPI),,LPI-01587,Potential Location,0.870000005,1,5408.8083328125,,,,,,,,,,,,,5408.8083328125,,6,87,87000124 = .789|87000407 = .015|87281000 = .068,GRAND AVE|PONCE DE LEON BLVD|SW 42ND AVE,24300,87281000,87000124,Y,-80.26173244,25.72750622,10,,On-System / On-System,87281000,1357,LPI-01587,1,0.789,0.779,0.799,GRAND AVE,Off Corridor,,0,0,0,0,47.6,16.4,No Match - Angle Mismatch,,0
103486,234981,87000407,URBAN GENERAL,MIAMI,URBAN PRIN ART OTHER,DIVIDED,,SR  953,6,MIAMI-DADE,22000,4,35,1,LPI,Implement a Leading Pedestrian Interval (LPI),,LPI-01587,Potential Location,0.870000005,1,5408.8083328125,,,,,,,,,,,,,5408.8083328125,,6,87,87000124 = .789|87000407 = .015|87281000 = .068,GRAND AVE|PONCE DE LEON BLVD|SW 42ND AVE,24300,87281000,87000124,Y,-80.26173244,25.72750622,10,,On-System / On-System,87281000,1357,LPI-01587,2,0.015,0.004999999999999999,0.025,PONCE DE LEON BLVD,Off Corridor,,0,0,0,0,89,0.3,No Match - Angle Mismatch,,0
103486,234981,87281000,URBAN GENERAL,MIAMI,URBAN PRIN ART OTHER,DIVIDED,,SR  953,6,MIAMI-DADE,22000,4,35,1,LPI,Implement a Leading Pedestrian Interval (LPI),,LPI-01587,Potential Location,0.870000005,1,5408.8083328125,,,,,,,,,,,,,5408.8083328125,,6,87,87000124 = .789|87000407 = .015|87281000 = .068,GRAND AVE|PONCE DE LEON BLVD|SW 42ND AVE,24300,87281000,87000124,Y,-80.26173244,25.72750622,10,,On-System / On-System,87281000,1357,LPI-01587,3,0.068,0.058,0.078,SW 42ND AVE,On Corridor,446002-1,1,106,0.02,100,0.3,0.2,Verified Match,446002-1,1
103503,235132,87000048,URBAN GENERAL,MIAMI,URBAN PRIN ART OTHER,DIVIDED,,SR  953,6,MIAMI-DADE,88000,6,40,1,LPI,Implement a Leading Pedestrian Interval (LPI),,LPI-01590,Potential Location,0.870000005,1,5408.8083328125,,,,,,,,,,,,,5408.8083328125,,6,87,87000048 = .123|87000086 = 0|87000564 = .167|87003000 = .208|87200131 = .261|87200133 = 0|87200134 = .224|87281000 = 4.834|87281233 = .039|87A03677 = .033,4|AIRPORT EXPY|CENTRAL BLVD|MCLAUGHLIN DR|N LE JEUNE RD|N SERVICE RD|NW 21ST|NW 21ST ST|NW 25TH ST|NW 28TH ST|NW 42ND|NW 42ND AVE,101850,87281000,87003000,Y,,,10,,On-System / On-System,87281000,1358,LPI-01590,1,0.123,0.113,0.133,4,Off Corridor,,0,0,0,0,,,Unmatched,,0
103503,235132,87000086,URBAN GENERAL,MIAMI,URBAN PRIN ART OTHER,DIVIDED,,SR  953,6,MIAMI-DADE,88000,6,40,1,LPI,Implement a Leading Pedestrian Interval (LPI),,LPI-01590,Potential Location,0.870000005,1,5408.8083328125,,,,,,,,,,,,,5408.8083328125,,6,87,87000048 = .123|87000086 = 0|87000564 = .167|87003000 = .208|87200131 = .261|87200133 = 0|87200134 = .224|87281000 = 4.834|87281233 = .039|87A03677 = .033,4|AIRPORT EXPY|CENTRAL BLVD|MCLAUGHLIN DR|N LE JEUNE RD|N SERVICE RD|NW 21ST|NW 21ST ST|NW 25TH ST|NW 28TH ST|NW 42ND|NW 42ND AVE,101850,87281000,87003000,Y,,,10,,On-System / On-System,87281000,1358,LPI-01590,2,0,0,0.01,AIRPORT EXPY,Off Corridor,,0,0,0,0,85.7,178.6,No Match - Angle Mismatch,,0
103503,235132,87000564,URBAN GENERAL,MIAMI,URBAN PRIN ART OTHER,DIVIDED,,SR  953,6,MIAMI-DADE,88000,6,40,1,LPI,Implement a Leading Pedestrian Interval (LPI),,LPI-01590,Potential Location,0.870000005,1,5408.8083328125,,,,,,,,,,,,,5408.8083328125,,6,87,87000048 = .123|87000086 = 0|87000564 = .167|87003000 = .208|87200131 = .261|87200133 = 0|87200134 = .224|87281000 = 4.834|87281233 = .039|87A03677 = .033,4|AIRPORT EXPY|CENTRAL BLVD|MCLAUGHLIN DR|N LE JEUNE RD|N SERVICE RD|NW 21ST|NW 21ST ST|NW 25TH ST|NW 28TH ST|NW 42ND|NW 42ND AVE,101850,87281000,87003000,Y,,,10,,On-System / On-System,87281000,1358,LPI-01590,3,0.167,0.157,0.17700000000000002,CENTRAL BLVD,Off Corridor,,0,0,0,0,,,Unmatched,,0
103503,235132,87003000,URBAN GENERAL,MIAMI,URBAN PRIN ART OTHER,DIVIDED,,SR  953,6,MIAMI-DADE,88000,6,40,1,LPI,Implement a Leading Pedestrian Interval (LPI),,LPI-01590,Potential Location,0.870000005,1,5408.8083328125,,,,,,,,,,,,,5408.8083328125,,6,87,87000048 = .123|87000086 = 0|87000564 = .167|87003000 = .208|87200131 = .261|87200133 = 0|87200134 = .224|87281000 = 4.834|87281233 = .039|87A03677 = .033,4|AIRPORT EXPY|CENTRAL BLVD|MCLAUGHLIN DR|N LE JEUNE RD|N SERVICE RD|NW 21ST|NW 21ST ST|NW 25TH ST|NW 28TH ST|NW 42ND|NW 42ND AVE,101850,87281000,87003000,Y,,,10,,On-System / On-System,87281000,1358,LPI-01590,4,0.208,0.19799999999999998,0.218,MCLAUGHLIN DR,On Corridor,431200-1,5,105,0.02,100,4,0.3,Verified Match,431200-1,5
103503,235132,87200131,URBAN GENERAL,MIAMI,URBAN PRIN ART OTHER,DIVIDED,,SR  953,6,MIAMI-DADE,88000,6,40,1,LPI,Implement a Leading Pedestrian Interval (LPI),,LPI-01590,Potential Location,0.870000005,1,5408.8083328125,,,,,,,,,,,,,5408.8083328125,,6,87,87000048 = .123|87000086 = 0|87000564 = .167|87003000 = .208|87200131 = .261|87200133 = 0|87200134 = .224|87281000 = 4.834|87281233 = .039|87A03677 = .033,4|AIRPORT EXPY|CENTRAL BLVD|MCLAUGHLIN DR|N LE JEUNE RD|N SERVICE RD|NW 21ST|NW 21ST ST|NW 25TH ST|NW 28TH ST|NW 42ND|NW 42ND AVE,101850,87281000,87003000,Y,,,10,,On-System / On-System,87281000,1358,LPI-01590,5,0.261,0.251,0.271,N LE JEUNE RD,Off Corridor,,0,0,0,0,,,Unmatched,,0
103503,235132,87200133,URBAN GENERAL,MIAMI,URBAN PRIN ART OTHER,DIVIDED,,SR  953,6,MIAMI-DADE,88000,6,40,1,LPI,Implement a Leading Pedestrian Interval (LPI),,LPI-01590,Potential Location,0.870000005,1,5408.8083328125,,,,,,,,,,,,,5408.8083328125,,6,87,87000048 = .123|87000086 = 0|87000564 = .167|87003000 = .208|87200131 = .261|87200133 = 0|87200134 = .224|87281000 = 4.834|87281233 = .039|87A03677 = .033,4|AIRPORT EXPY|CENTRAL BLVD|MCLAUGHLIN DR|N LE JEUNE RD|N SERVICE RD|NW 21ST|NW 21ST ST|NW 25TH ST|NW 28TH ST|NW 42ND|NW 42ND AVE,101850,87281000,87003000,Y,,,10,,On-System / On-System,87281000,1358,LPI-01590,6,0,0,0.01,N SERVICE RD,Off Corridor,,0,0,0,0,,,Unmatched,,0
103503,235132,87200134,URBAN GENERAL,MIAMI,URBAN PRIN ART OTHER,DIVIDED,,SR  953,6,MIAMI-DADE,88000,6,40,1,LPI,Implement a Leading Pedestrian Interval (LPI),,LPI-01590,Potential Location,0.870000005,1,5408.8083328125,,,,,,,,,,,,,5408.8083328125,,6,87,87000048 = .123|87000086 = 0|87000564 = .167|87003000 = .208|87200131 = .261|87200133 = 0|87200134 = .224|87281000 = 4.834|87281233 = .039|87A03677 = .033,4|AIRPORT EXPY|CENTRAL BLVD|MCLAUGHLIN DR|N LE JEUNE RD|N SERVICE RD|NW 21ST|NW 21ST ST|NW 25TH ST|NW 28TH ST|NW 42ND|NW 42ND AVE,101850,87281000,87003000,Y,,,10,,On-System / On-System,87281000,1358,LPI-01590,7,0.224,0.214,0.234,NW 21ST,Off Corridor,,0,0,0,0,,,Unmatched,,0
103503,235132,87281000,URBAN GENERAL,MIAMI,URBAN PRIN ART OTHER,DIVIDED,,SR  953,6,MIAMI-DADE,88000,6,40,1,LPI,Implement a Leading Pedestrian Interval (LPI),,LPI-01590,Potential Location,0.870000005,1,5408.8083328125,,,,,,,,,,,,,5408.8083328125,,6,87,87000048 = .123|87000086 = 0|87000564 = .167|87003000 = .208|87200131 = .261|87200133 = 0|87200134 = .224|87281000 = 4.834|87281233 = .039|87A03677 = .033,4|AIRPORT EXPY|CENTRAL BLVD|MCLAUGHLIN DR|N LE JEUNE RD|N SERVICE RD|NW 21ST|NW 21ST ST|NW 25TH ST|NW 28TH ST|NW 42ND|NW 42ND AVE,101850,87281000,87003000,Y,,,10,,On-System / On-System,87281000,1358,LPI-01590,8,4.834,4.824,4.843999999999999,NW 21ST ST,On Corridor,431200-1,5,106,0.02,100,39.7,17.2,Verified Parallel Fallback,431200-1,5
103503,235132,87281233,URBAN GENERAL,MIAMI,URBAN PRIN ART OTHER,DIVIDED,,SR  953,6,MIAMI-DADE,88000,6,40,1,LPI,Implement a Leading Pedestrian Interval (LPI),,LPI-01590,Potential Location,0.870000005,1,5408.8083328125,,,,,,,,,,,,,5408.8083328125,,6,87,87000048 = .123|87000086 = 0|87000564 = .167|87003000 = .208|87200131 = .261|87200133 = 0|87200134 = .224|87281000 = 4.834|87281233 = .039|87A03677 = .033,4|AIRPORT EXPY|CENTRAL BLVD|MCLAUGHLIN DR|N LE JEUNE RD|N SERVICE RD|NW 21ST|NW 21ST ST|NW 25TH ST|NW 28TH ST|NW 42ND|NW 42ND AVE,101850,87281000,87003000,Y,,,10,,On-System / On-System,87281000,1358,LPI-01590,9,0.039,0.028999999999999998,0.049,NW 25TH ST,Off Corridor,,0,0,0,0,,,Unmatched,,0
103517,228956,87000437,URBAN GENERAL,MIAMI,URBAN MINOR ART,DIVIDED,,SR  933,6,MIAMI-DADE,22500,4,35,1,LPI,Implement a Leading Pedestrian Interval (LPI),,LPI-02526,Potential Location,0.870000005,1,5408.8083328125,,,,,,,,,,,,,5408.8083328125,,6,87,87000437 = .508|87085000 = 3.591,NW 12TH AVE|NW 29TH ST,15800,87085000,87000437,Y,-80.21548031,25.80336498,10,,On-System / On-System,87085000,1359,LPI-02526,1,0.508,0.498,0.518,NW 12TH AVE,Off Corridor,,0,0,0,0,,,Unmatched,,0
103517,228956,87085000,URBAN GENERAL,MIAMI,URBAN MINOR ART,DIVIDED,,SR  933,6,MIAMI-DADE,22500,4,35,1,LPI,Implement a Leading Pedestrian Interval (LPI),,LPI-02526,Potential Location,0.870000005,1,5408.8083328125,,,,,,,,,,,,,5408.8083328125,,6,87,87000437 = .508|87085000 = 3.591,NW 12TH AVE|NW 29TH ST,15800,87085000,87000437,Y,-80.21548031,25.80336498,10,,On-System / On-System,87085000,1359,LPI-02526,2,3.591,3.5810000000000004,3.601,NW 29TH ST,Off Corridor,,0,0,0,0,,,Unmatched,,0
103595,235431,87000106,URBAN GENERAL,MIAMI,URBAN PRIN ART OTHER,DIVIDED,,SR  953,6,MIAMI-DADE,32500,4,40,1,LPI,Implement a Leading Pedestrian Interval (LPI),,LPI-01588,Potential Location,0.870000005,1,5408.8083328125,,,,,,,,,,,,,5408.8083328125,,6,87,87000106 = .882|87281000 = 1.073|87A08639 = 0|87A18554 = .218,ANASTASIA AVE|SW 42ND AVE|UNIVERSITY DR,18600,87281000,87000106,Y,-80.26241514,25.74205143,10,,On-System / On-System,87281000,1360,LPI-01588,1,0.882,0.872,0.892,ANASTASIA AVE,Off Corridor,,0,0,0,0,58.9,154.2,No Match - Angle Mismatch,,0
103595,235431,87281000,URBAN GENERAL,MIAMI,URBAN PRIN ART OTHER,DIVIDED,,SR  953,6,MIAMI-DADE,32500,4,40,1,LPI,Implement a Leading Pedestrian Interval (LPI),,LPI-01588,Potential Location,0.870000005,1,5408.8083328125,,,,,,,,,,,,,5408.8083328125,,6,87,87000106 = .882|87281000 = 1.073|87A08639 = 0|87A18554 = .218,ANASTASIA AVE|SW 42ND AVE|UNIVERSITY DR,18600,87281000,87000106,Y,-80.26241514,25.74205143,10,,On-System / On-System,87281000,1360,LPI-01588,2,1.073,1.063,1.083,SW 42ND AVE,On Corridor,447829-1,3,106,0.02,100,0,0.2,Verified Match,447829-1,3
103600,231633,87000208,URBAN GENERAL,MIAMI,URBAN MINOR ART,DIVIDED,,SR  934,6,MIAMI-DADE,32500,4,40,1,LPI,Implement a Leading Pedestrian Interval (LPI),,LPI-01984,Potential Location,0.870000005,1,5408.8083328125,,,,,,,,,,,,,5408.8083328125,,6,87,87000208 = 1.017|87080900 = 35.955,NW 32ND AVE|NW 79TH ST,27000,87080900,87000208,Y,-80.24992,25.84578736,10,,On-System / On-System,87080900,1361,LPI-01984,1,1.017,1.007,1.027,NW 32ND AVE,Off Corridor,,0,0,0,0,89.8,34.3,No Match - Angle Mismatch,,0
103600,231633,87080900,URBAN GENERAL,MIAMI,URBAN MINOR ART,DIVIDED,,SR  934,6,MIAMI-DADE,32500,4,40,1,LPI,Implement a Leading Pedestrian Interval (LPI),,LPI-01984,Potential Location,0.870000005,1,5408.8083328125,,,,,,,,,,,,,5408.8083328125,,6,87,87000208 = 1.017|87080900 = 35.955,NW 32ND AVE|NW 79TH ST,27000,87080900,87000208,Y,-80.24992,25.84578736,10,,On-System / On-System,87080900,1361,LPI-01984,2,35.955,35.945,35.964999999999996,NW 79TH ST,On Corridor,447574-1,1,105,0.02,100,0,0.2,Verified Match,447574-1,1
103642,229096,87000718,URBAN GENERAL,MIAMI,URBAN PRIN ART OTHER,DIVIDED,US   41,SR   90,6,MIAMI-DADE,53000,8,45,1,LPI,Implement a Leading Pedestrian Interval (LPI),,LPI-01801,Potential Location,0.870000005,1,5408.8083328125,,,,,,,,,,,,,5408.8083328125,,6,87,87000718 = .008|87120000 = 8.293|87A17241 = 1.205,SW 8TH ST|SW 94TH AVE,25750,87120000,87000718,Y,-80.34826495,25.76170888,10,,On-System / On-System,87120000,1362,LPI-01801,1,0.008,0,0.018000000000000002,SW 8TH ST,Off Corridor,,0,0,0,0,88.6,73.4,No Match - Angle Mismatch,,0
103642,229096,87120000,URBAN GENERAL,MIAMI,URBAN PRIN ART OTHER,DIVIDED,US   41,SR   90,6,MIAMI-DADE,53000,8,45,1,LPI,Implement a Leading Pedestrian Interval (LPI),,LPI-01801,Potential Location,0.870000005,1,5408.8083328125,,,,,,,,,,,,,5408.8083328125,,6,87,87000718 = .008|87120000 = 8.293|87A17241 = 1.205,SW 8TH ST|SW 94TH AVE,25750,87120000,87000718,Y,-80.34826495,25.76170888,10,,On-System / On-System,87120000,1362,LPI-01801,2,8.293,8.283,8.302999999999999,SW 94TH AVE,On Corridor,452564-3,1,105,0.02,100,0,0.1,Verified Match,452564-3,1
103675,227595,87000116,URBAN GENERAL,MIAMI,URBAN PRIN ART OTHER,DIVIDED,,SR  976,6,MIAMI-DADE,71000,6,40,1,LPI,Implement a Leading Pedestrian Interval (LPI),,LPI-02070,Potential Location,0.870000005,1,5408.8083328125,,,,,,,,,,,,,5408.8083328125,,6,87,87000116 = .006|87044000 = 3.662|87A19355 = 1.07,SW 40TH ST|SW 82ND AVE,38800,87044000,87000116,Y,-80.32749,25.73330033,10,,On-System / On-System,87044000,1363,LPI-02070,1,0.006,0,0.016,SW 40TH ST,Off Corridor,,0,0,0,0,,,Unmatched,,0
103675,227595,87044000,URBAN GENERAL,MIAMI,URBAN PRIN ART OTHER,DIVIDED,,SR  976,6,MIAMI-DADE,71000,6,40,1,LPI,Implement a Leading Pedestrian Interval (LPI),,LPI-02070,Potential Location,0.870000005,1,5408.8083328125,,,,,,,,,,,,,5408.8083328125,,6,87,87000116 = .006|87044000 = 3.662|87A19355 = 1.07,SW 40TH ST|SW 82ND AVE,38800,87044000,87000116,Y,-80.32749,25.73330033,10,,On-System / On-System,87044000,1363,LPI-02070,2,3.662,3.652,3.6719999999999997,SW 82ND AVE,Off Corridor,,0,0,0,0,,,Unmatched,,0
103792,230646,87080900,URBAN GENERAL,MIAMI,URBAN MINOR ART,DIVIDED,,SR  934,6,MIAMI-DADE,36500,6,40,1,LPI,Implement a Leading Pedestrian Interval (LPI),,LPI-00788,Potential Location,0.870000005,1,5408.8083328125,,,,,,,,,,,,,5408.8083328125,,6,87,87080900 = 36.973|87504502 = 1.517|87504503 = .005,NW 22ND AVE|NW 79TH ST,42450,87080900,87504502,Y,-80.23352,25.84628926,10,,On-System / On-System,87080900,1364,LPI-00788,1,36.973,36.963,36.983,NW 22ND AVE,On Corridor,"410646-5, 410646-7",7,106,0.02,100,0,0.2,Verified Match,"410646-5, 410646-7",7
103792,230646,87504502,URBAN GENERAL,MIAMI,URBAN MINOR ART,DIVIDED,,SR  934,6,MIAMI-DADE,36500,6,40,1,LPI,Implement a Leading Pedestrian Interval (LPI),,LPI-00788,Potential Location,0.870000005,1,5408.8083328125,,,,,,,,,,,,,5408.8083328125,,6,87,87080900 = 36.973|87504502 = 1.517|87504503 = .005,NW 22ND AVE|NW 79TH ST,42450,87080900,87504502,Y,-80.23352,25.84628926,10,,On-System / On-System,87080900,1364,LPI-00788,2,1.517,1.507,1.527,NW 79TH ST,On Corridor,"446748-1, 455205-1",3,85,0.02,100,0.4,0.3,Verified Match,"446748-1, 455205-1",3
103792,230646,87504503,URBAN GENERAL,MIAMI,URBAN MINOR ART,DIVIDED,,SR  934,6,MIAMI-DADE,36500,6,40,1,LPI,Implement a Leading Pedestrian Interval (LPI),,LPI-00788,Potential Location,0.870000005,1,5408.8083328125,,,,,,,,,,,,,5408.8083328125,,6,87,87080900 = 36.973|87504502 = 1.517|87504503 = .005,NW 22ND AVE|NW 79TH ST,42450,87080900,87504502,Y,-80.23352,25.84628926,10,,On-System / On-System,87080900,1364,LPI-00788,3,0.005,0,0.015,,On Corridor,"446748-1, 455205-1",3,80,0.02,100,0.1,0.3,Verified Match,"446748-1, 455205-1",3
103799,234232,87000215,URBAN GENERAL,MIAMI,URBAN PRIN ART OTHER,DIVIDED,,SR    9,6,MIAMI-DADE,31500,4,40,1,LPI,Implement a Leading Pedestrian Interval (LPI),,LPI-00331,Potential Location,0.870000005,1,5408.8083328125,,,,,,,,,,,,,5408.8083328125,,6,87,87000215 = .888|87240000 = 8.301,NW 27TH AVE|NW 95TH ST|UNITY BLVD,22250,87240000,87000215,Y,-80.24228935,25.86025,10,,On-System / On-System,87240000,1365,LPI-00331,1,0.888,0.878,0.898,NW 27TH AVE,Off Corridor,,0,0,0,0,87.7,48.9,No Match - Angle Mismatch,,0
103799,234232,87240000,URBAN GENERAL,MIAMI,URBAN PRIN ART OTHER,DIVIDED,,SR    9,6,MIAMI-DADE,31500,4,40,1,LPI,Implement a Leading Pedestrian Interval (LPI),,LPI-00331,Potential Location,0.870000005,1,5408.8083328125,,,,,,,,,,,,,5408.8083328125,,6,87,87000215 = .888|87240000 = 8.301,NW 27TH AVE|NW 95TH ST|UNITY BLVD,22250,87240000,87000215,Y,-80.24228935,25.86025,10,,On-System / On-System,87240000,1365,LPI-00331,2,8.301,8.291,8.311,NW 95TH ST,On Corridor,438076-1,4,106,0.02,100,0,0.3,Verified Match,438076-1,4
103812,230845,87000761,URBAN GENERAL,MIAMI,URBAN MINOR ART,DIVIDED,,SR  985,6,MIAMI-DADE,31500,4,40,1,LPI,Implement a Leading Pedestrian Interval (LPI),,LPI-00191,Potential Location,0.870000005,1,5408.8083328125,,,,,,,,,,,,,5408.8083328125,,6,87,87000761 = 0|87072000 = 1.755|87A00563 = 1.004,SW 107TH AVE|SW 76TH ST,17250,87072000,87000761,Y,-80.36608136,25.69722,10,,On-System / On-System,87072000,1366,LPI-00191,1,0,0,0.01,SW 107TH AVE,Off Corridor,,0,0,0,0,89.2,26,No Match - Angle Mismatch,,0
103812,230845,87072000,URBAN GENERAL,MIAMI,URBAN MINOR ART,DIVIDED,,SR  985,6,MIAMI-DADE,31500,4,40,1,LPI,Implement a Leading Pedestrian Interval (LPI),,LPI-00191,Potential Location,0.870000005,1,5408.8083328125,,,,,,,,,,,,,5408.8083328125,,6,87,87000761 = 0|87072000 = 1.755|87A00563 = 1.004,SW 107TH AVE|SW 76TH ST,17250,87072000,87000761,Y,-80.36608136,25.69722,10,,On-System / On-System,87072000,1366,LPI-00191,2,1.755,1.7449999999999999,1.765,SW 76TH ST,On Corridor,449948-1,2,106,0.02,100,0,0.2,Verified Match,449948-1,2
103822,230852,87000105,URBAN GENERAL,MIAMI,URBAN MINOR ART,DIVIDED,,SR  985,6,MIAMI-DADE,26000,4,40,1,LPI,Implement a Leading Pedestrian Interval (LPI),,LPI-00192,Potential Location,0.870000005,1,5408.8083328125,,,,,,,,,,,,,5408.8083328125,,6,87,87000105 = .001|87000405 = .98|87072000 = 3.512,SW 107TH AVE|SW 47TH TER|SW 48TH ST,15700,87072000,87000105,Y,-80.36727357,25.72271,10,,On-System / On-System,87072000,1367,LPI-00192,1,0.001,0,0.011,SW 107TH AVE,Off Corridor,,0,0,0,0,89.5,29,No Match - Angle Mismatch,,0
103822,230852,87000405,URBAN GENERAL,MIAMI,URBAN MINOR ART,DIVIDED,,SR  985,6,MIAMI-DADE,26000,4,40,1,LPI,Implement a Leading Pedestrian Interval (LPI),,LPI-00192,Potential Location,0.870000005,1,5408.8083328125,,,,,,,,,,,,,5408.8083328125,,6,87,87000105 = .001|87000405 = .98|87072000 = 3.512,SW 107TH AVE|SW 47TH TER|SW 48TH ST,15700,87072000,87000105,Y,-80.36727357,25.72271,10,,On-System / On-System,87072000,1367,LPI-00192,2,0.98,0.97,0.99,SW 47TH TER,Off Corridor,,0,0,0,0,89.9,26.5,No Match - Angle Mismatch,,0
103822,230852,87072000,URBAN GENERAL,MIAMI,URBAN MINOR ART,DIVIDED,,SR  985,6,MIAMI-DADE,26000,4,40,1,LPI,Implement a Leading Pedestrian Interval (LPI),,LPI-00192,Potential Location,0.870000005,1,5408.8083328125,,,,,,,,,,,,,5408.8083328125,,6,87,87000105 = .001|87000405 = .98|87072000 = 3.512,SW 107TH AVE|SW 47TH TER|SW 48TH ST,15700,87072000,87000105,Y,-80.36727357,25.72271,10,,On-System / On-System,87072000,1367,LPI-00192,3,3.512,3.5020000000000002,3.522,SW 48TH ST,On Corridor,452569-1,3,106,0.02,100,0,0.2,Verified Match,452569-1,3
103826,234575,87000215,URBAN GENERAL,MIAMI,URBAN PRIN ART OTHER,DIVIDED,,SR    9,6,MIAMI-DADE,31500,4,40,1,LPI,Implement a Leading Pedestrian Interval (LPI),,LPI-00330,Potential Location,0.870000005,1,5408.8083328125,,,,,,,,,,,,,5408.8083328125,,6,87,87000215 = .937|87240000 = 8.336,NW 27TH AVE|NW 95TH ST,22250,87240000,87000215,Y,-80.24219352,25.86075,10,,On-System / On-System,87240000,1368,LPI-00330,1,0.937,0.927,0.9470000000000001,NW 27TH AVE,Off Corridor,,0,0,0,0,80.2,36.7,No Match - Angle Mismatch,,0
103826,234575,87240000,URBAN GENERAL,MIAMI,URBAN PRIN ART OTHER,DIVIDED,,SR    9,6,MIAMI-DADE,31500,4,40,1,LPI,Implement a Leading Pedestrian Interval (LPI),,LPI-00330,Potential Location,0.870000005,1,5408.8083328125,,,,,,,,,,,,,5408.8083328125,,6,87,87000215 = .937|87240000 = 8.336,NW 27TH AVE|NW 95TH ST,22250,87240000,87000215,Y,-80.24219352,25.86075,10,,On-System / On-System,87240000,1368,LPI-00330,2,8.336,8.326,8.346,NW 95TH ST,On Corridor,438076-1,4,106,0.02,100,0,0.3,Verified Match,438076-1,4
103898,230980,87000221,URBAN GENERAL,MIAMI,URBAN MINOR ART,DIVIDED,,SR  909,6,MIAMI-DADE,23500,4,40,1,LPI,Implement a Leading Pedestrian Interval (LPI),,LPI-00793,Potential Location,0.870000005,1,5408.8083328125,,,,,,,,,,,,,5408.8083328125,,6,87,87000221 = .879|87190000 = 1.755|87A11789 = .998,NE 12TH AVE|NE 139TH ST|W DIXIE HWY,12450,87190000,87000221,Y,-80.17499512,25.90370879,10,,On-System / On-System,87190000,1369,LPI-00793,1,0.879,0.869,0.889,NE 12TH AVE,On Corridor,440179-1,1,106,0.02,100,45,1.8,Verified Parallel Fallback,440179-1,1
103898,230980,87190000,URBAN GENERAL,MIAMI,URBAN MINOR ART,DIVIDED,,SR  909,6,MIAMI-DADE,23500,4,40,1,LPI,Implement a Leading Pedestrian Interval (LPI),,LPI-00793,Potential Location,0.870000005,1,5408.8083328125,,,,,,,,,,,,,5408.8083328125,,6,87,87000221 = .879|87190000 = 1.755|87A11789 = .998,NE 12TH AVE|NE 139TH ST|W DIXIE HWY,12450,87190000,87000221,Y,-80.17499512,25.90370879,10,,On-System / On-System,87190000,1369,LPI-00793,2,1.755,1.7449999999999999,1.765,NE 139TH ST,On Corridor,440179-1,1,106,0.02,100,0,0.5,Verified Match,440179-1,1
103955,235741,87240000,URBAN GENERAL,MIAMI,URBAN PRIN ART OTHER,DIVIDED,,SR    9,6,MIAMI-DADE,26500,4,40,1,LPI,Implement a Leading Pedestrian Interval (LPI),,LPI-00597,Potential Location,0.870000005,1,5408.8083328125,,,,,,,,,,,,,5408.8083328125,,6,87,87240000 = .055|87A05079 = 0|87A18607 = .152,SW 27TH AVE|SW 27TH TER|SW 28TH LN,12750,87240000,87A05079,Y,-80.23788375,25.74074981,10,,On-System / Off-System,87240000,1370,LPI-00597,1,0.055,0.045,0.065,SW 27TH AVE,Off Corridor,,0,0,0,0,,,Unmatched,,0
103989,235840,87056500,URBAN GENERAL,MIAMI,URBAN PRIN ART OTHER,DIVIDED,,SR    9,6,MIAMI-DADE,37500,6,35,1,LPI,Implement a Leading Pedestrian Interval (LPI),,LPI-01591,Potential Location,0.870000005,1,5408.8083328125,,,,,,,,,,,,,5408.8083328125,,6,87,87056500 = .005|87240000 = 3.751|87674500 = .004,NW 20TH ST|NW 27TH AVE,36750,87240000,87056500,Y,-80.23982312,25.79429512,10,,On-System / On-System,87240000,1371,LPI-01591,1,0.005,0,0.015,NW 20TH ST,Off Corridor,,0,0,0,0,87.3,20.2,No Match - Angle Mismatch,,0
103989,235840,87240000,URBAN GENERAL,MIAMI,URBAN PRIN ART OTHER,DIVIDED,,SR    9,6,MIAMI-DADE,37500,6,35,1,LPI,Implement a Leading Pedestrian Interval (LPI),,LPI-01591,Potential Location,0.870000005,1,5408.8083328125,,,,,,,,,,,,,5408.8083328125,,6,87,87056500 = .005|87240000 = 3.751|87674500 = .004,NW 20TH ST|NW 27TH AVE,36750,87240000,87056500,Y,-80.23982312,25.79429512,10,,On-System / On-System,87240000,1371,LPI-01591,2,3.751,3.741,3.7609999999999997,NW 27TH AVE,On Corridor,"451124-1, 457511-1, 449366-1",8,106,0.02,100,3.8,0.2,Verified Match,"451124-1, 457511-1, 449366-1",8
103989,235840,87674500,URBAN GENERAL,MIAMI,URBAN PRIN ART OTHER,DIVIDED,,SR    9,6,MIAMI-DADE,37500,6,35,1,LPI,Implement a Leading Pedestrian Interval (LPI),,LPI-01591,Potential Location,0.870000005,1,5408.8083328125,,,,,,,,,,,,,5408.8083328125,,6,87,87056500 = .005|87240000 = 3.751|87674500 = .004,NW 20TH ST|NW 27TH AVE,36750,87240000,87056500,Y,-80.23982312,25.79429512,10,,On-System / On-System,87240000,1371,LPI-01591,3,0.004,0,0.014,,Off Corridor,,0,0,0,0,83.9,56.4,No Match - Angle Mismatch,,0
104017,226939,87000468,URBAN GENERAL,MIAMI,URBAN PRIN ART OTHER,DIVIDED,US    1,SR    5,6,MIAMI-DADE,79500,6,45,1,LPI,Implement a Leading Pedestrian Interval (LPI),,LPI-01352,Potential Location,0.870000005,1,5408.8083328125,,,,,,,,,,,,,5408.8083328125,,6,87,87000468 = .004|87030000 = 5.978|87A18936 = .602,S DIXIE HWY|SW 32ND AVE,44250,87030000,87000468,Y,-80.24592633,25.73688141,10,,On-System / On-System,87030000,1372,LPI-01352,1,0.004,0,0.014,S DIXIE HWY,Off Corridor,,0,0,0,0,,,Unmatched,,0
104017,226939,87030000,URBAN GENERAL,MIAMI,URBAN PRIN ART OTHER,DIVIDED,US    1,SR    5,6,MIAMI-DADE,79500,6,45,1,LPI,Implement a Leading Pedestrian Interval (LPI),,LPI-01352,Potential Location,0.870000005,1,5408.8083328125,,,,,,,,,,,,,5408.8083328125,,6,87,87000468 = .004|87030000 = 5.978|87A18936 = .602,S DIXIE HWY|SW 32ND AVE,44250,87030000,87000468,Y,-80.24592633,25.73688141,10,,On-System / On-System,87030000,1372,LPI-01352,2,5.978,5.968,5.9879999999999995,SW 32ND AVE,Off Corridor,,0,0,0,0,,,Unmatched,,0
104079,224839,87030000,URBAN GENERAL,MIAMI,URBAN PRIN ART OTHER,DIVIDED,US    1,SR    5,6,MIAMI-DADE,48500,6,40,1,LPI,Implement a Leading Pedestrian Interval (LPI),,LPI-01042,Potential Location,0.870000005,1,5408.8083328125,,,,,,,,,,,,,5408.8083328125,,6,87,87030000 = 20.399|87A11779 = .011|87A11785 = .267,BISCAYNE BLVD|HIGHLAND DR|NE 139TH ST,21750,87030000,87A11779,Y,-80.15915185,25.90413915,10,,On-System / Off-System,87030000,1373,LPI-01042,1,20.399,20.389,20.409000000000002,BISCAYNE BLVD,On Corridor,451123-1,5,106,0.02,100,0,0.4,Verified Match,451123-1,5
104154,227008,87000123,URBAN GENERAL,MIAMI,URBAN PRIN ART OTHER,DIVIDED,US    1,SR    5,6,MIAMI-DADE,69000,6,45,1,LPI,Implement a Leading Pedestrian Interval (LPI),,LPI-01357,Potential Location,0.870000005,1,5408.8083328125,,,,,,,,,,,,,5408.8083328125,,6,87,87000123 = 1.338|87030000 = 4.411,RIVIERA DR|S DIXIE HWY,38800,87030000,87000123,Y,-80.26577899,25.72345916,10,,On-System / On-System,87030000,1374,LPI-01357,1,1.338,1.328,1.348,RIVIERA DR,Off Corridor,,0,0,0,0,,,Unmatched,,0
104154,227008,87030000,URBAN GENERAL,MIAMI,URBAN PRIN ART OTHER,DIVIDED,US    1,SR    5,6,MIAMI-DADE,69000,6,45,1,LPI,Implement a Leading Pedestrian Interval (LPI),,LPI-01357,Potential Location,0.870000005,1,5408.8083328125,,,,,,,,,,,,,5408.8083328125,,6,87,87000123 = 1.338|87030000 = 4.411,RIVIERA DR|S DIXIE HWY,38800,87030000,87000123,Y,-80.26577899,25.72345916,10,,On-System / On-System,87030000,1374,LPI-01357,2,4.411,4.401,4.420999999999999,S DIXIE HWY,Off Corridor,,0,0,0,0,,,Unmatched,,0
104243,224965,87000204,URBAN GENERAL,MIAMI,URBAN PRIN ART OTHER,DIVIDED,US    1,SR    5,6,MIAMI-DADE,48500,6,35,1,LPI,Implement a Leading Pedestrian Interval (LPI),,LPI-01442,Potential Location,0.870000005,1,5408.8083328125,,,,,,,,,,,,,5408.8083328125,,6,87,87000204 = .005|87030000 = 19.571|87A04784 = .117,BISCAYNE BLVD|KEYSTONE BLVD|NE 126TH ST,21750,87030000,87000204,Y,-80.16276177,25.89259114,10,,On-System / On-System,87030000,1375,LPI-01442,1,0.005,0,0.015,BISCAYNE BLVD,Off Corridor,,0,0,0,0,88.2,19.1,No Match - Angle Mismatch,,0
104243,224965,87030000,URBAN GENERAL,MIAMI,URBAN PRIN ART OTHER,DIVIDED,US    1,SR    5,6,MIAMI-DADE,48500,6,35,1,LPI,Implement a Leading Pedestrian Interval (LPI),,LPI-01442,Potential Location,0.870000005,1,5408.8083328125,,,,,,,,,,,,,5408.8083328125,,6,87,87000204 = .005|87030000 = 19.571|87A04784 = .117,BISCAYNE BLVD|KEYSTONE BLVD|NE 126TH ST,21750,87030000,87000204,Y,-80.16276177,25.89259114,10,,On-System / On-System,87030000,1375,LPI-01442,2,19.571,19.561,19.581000000000003,KEYSTONE BLVD,On Corridor,451123-1,5,106,0.02,100,0,0.4,Verified Match,451123-1,5
104248,224970,87053000,URBAN GENERAL,MIAMI,URBAN MINOR ART,DIVIDED,,SR  968,6,MIAMI-DADE,31500,4,40,1,LPI,Implement a Leading Pedestrian Interval (LPI),,LPI-01272,Potential Location,0.870000005,1,5408.8083328125,,,,,,,,,,,,,5408.8083328125,,6,87,87053000 = 6.315|87053001 = .007|87053003 = 1.807|87A16555 = .367,NW 24TH AVE|SW 24TH AVE|W FLAGLER ST,31500,87053000,87053001,Y,-80.2349951,25.77243625,10,,On-System / On-System,87053000,1376,LPI-01272,1,6.315,6.305000000000001,6.325,NW 24TH AVE,On Corridor,"450733-1, 437782-3",5,106,0.02,100,1.8,0.2,Verified Match,"450733-1, 437782-3",5
104248,224970,87053001,URBAN GENERAL,MIAMI,URBAN MINOR ART,DIVIDED,,SR  968,6,MIAMI-DADE,31500,4,40,1,LPI,Implement a Leading Pedestrian Interval (LPI),,LPI-01272,Potential Location,0.870000005,1,5408.8083328125,,,,,,,,,,,,,5408.8083328125,,6,87,87053000 = 6.315|87053001 = .007|87053003 = 1.807|87A16555 = .367,NW 24TH AVE|SW 24TH AVE|W FLAGLER ST,31500,87053000,87053001,Y,-80.2349951,25.77243625,10,,On-System / On-System,87053000,1376,LPI-01272,2,0.007,0,0.017,SW 24TH AVE,On Corridor,"450733-1, 437782-3",5,89,0.02,100,18,0.2,Verified Match,"450733-1, 437782-3",5
104248,224970,87053003,URBAN GENERAL,MIAMI,URBAN MINOR ART,DIVIDED,,SR  968,6,MIAMI-DADE,31500,4,40,1,LPI,Implement a Leading Pedestrian Interval (LPI),,LPI-01272,Potential Location,0.870000005,1,5408.8083328125,,,,,,,,,,,,,5408.8083328125,,6,87,87053000 = 6.315|87053001 = .007|87053003 = 1.807|87A16555 = .367,NW 24TH AVE|SW 24TH AVE|W FLAGLER ST,31500,87053000,87053001,Y,-80.2349951,25.77243625,10,,On-System / On-System,87053000,1376,LPI-01272,3,1.807,1.797,1.817,W FLAGLER ST,On Corridor,"450733-1, 437782-3",3,53,0.01,100,11.6,0.3,Verified Parallel Fallback,"450733-1, 437782-3",3
104306,230063,87000248,URBAN GENERAL,MIAMI,URBAN PRIN ART OTHER,DIVIDED,,SR  826,6,MIAMI-DADE,60000,7,45,1,LPI,Implement a Leading Pedestrian Interval (LPI),,LPI-02569,Potential Location,0.870000005,1,5408.8083328125,,,,,,,,,,,,,5408.8083328125,,6,87,87000248 = .014|87170000 = 4.926|87170001 = .806|87A06657 = .875,NE 163RD ST|NE 35TH AVE|SR-826,59850,87170000,87170001,Y,-80.1347802,25.9288499,10,,On-System / On-System,87170000,1377,LPI-02569,1,0.014,0.004,0.024,NE 163RD ST,Off Corridor,,0,0,0,0,85.2,42.2,No Match - Angle Mismatch,,0
104306,230063,87170000,URBAN GENERAL,MIAMI,URBAN PRIN ART OTHER,DIVIDED,,SR  826,6,MIAMI-DADE,60000,7,45,1,LPI,Implement a Leading Pedestrian Interval (LPI),,LPI-02569,Potential Location,0.870000005,1,5408.8083328125,,,,,,,,,,,,,5408.8083328125,,6,87,87000248 = .014|87170000 = 4.926|87170001 = .806|87A06657 = .875,NE 163RD ST|NE 35TH AVE|SR-826,59850,87170000,87170001,Y,-80.1347802,25.9288499,10,,On-System / On-System,87170000,1377,LPI-02569,2,4.926,4.916,4.936,NE 35TH AVE,On Corridor,"452562-1, 458152-1",7,106,0.02,100,1,0.5,Verified Match,"452562-1, 458152-1",7
104306,230063,87170001,URBAN GENERAL,MIAMI,URBAN PRIN ART OTHER,DIVIDED,,SR  826,6,MIAMI-DADE,60000,7,45,1,LPI,Implement a Leading Pedestrian Interval (LPI),,LPI-02569,Potential Location,0.870000005,1,5408.8083328125,,,,,,,,,,,,,5408.8083328125,,6,87,87000248 = .014|87170000 = 4.926|87170001 = .806|87A06657 = .875,NE 163RD ST|NE 35TH AVE|SR-826,59850,87170000,87170001,Y,-80.1347802,25.9288499,10,,On-System / On-System,87170000,1377,LPI-02569,3,0.806,0.796,0.8160000000000001,SR-826,On Corridor,"452562-1, 458152-1",7,90,0.02,100,0.1,0.5,Verified Match,"452562-1, 458152-1",7
104345,225108,87000515,URBAN GENERAL,MIAMI,URBAN MINOR ART,DIVIDED,,SR  860,6,MIAMI-DADE,34000,6,45,1,LPI,Implement a Leading Pedestrian Interval (LPI),,LPI-01047,Potential Location,0.870000005,1,5408.8083328125,,,,,,,,,,,,,5408.8083328125,,6,87,87000515 = 1.001|87026000 = 2.519|87A10465 = 0|87A10488 = .455,NW 183RD ST|NW 32ND AVE,18500,87026000,87000515,Y,-80.25336,25.94062033,10,,On-System / On-System,87026000,1378,LPI-01047,1,1.001,0.9909999999999999,1.011,NW 183RD ST,Off Corridor,,0,0,0,0,90,18.6,No Match - Angle Mismatch,,0
104345,225108,87026000,URBAN GENERAL,MIAMI,URBAN MINOR ART,DIVIDED,,SR  860,6,MIAMI-DADE,34000,6,45,1,LPI,Implement a Leading Pedestrian Interval (LPI),,LPI-01047,Potential Location,0.870000005,1,5408.8083328125,,,,,,,,,,,,,5408.8083328125,,6,87,87000515 = 1.001|87026000 = 2.519|87A10465 = 0|87A10488 = .455,NW 183RD ST|NW 32ND AVE,18500,87026000,87000515,Y,-80.25336,25.94062033,10,,On-System / On-System,87026000,1378,LPI-01047,2,2.519,2.5090000000000003,2.529,NW 32ND AVE,On Corridor,449362-1,3,106,0.02,100,0,0.2,Verified Match,449362-1,3
104376,227186,87026000,URBAN GENERAL,MIAMI,URBAN MINOR ART,DIVIDED,,SR  860,6,MIAMI-DADE,36500,6,40,1,LPI,Implement a Leading Pedestrian Interval (LPI),,LPI-01496,Potential Location,0.870000005,1,5408.8083328125,,,,,,,,,,,,,5408.8083328125,,6,87,87026000 = 4.268|87A10431 = 1.102|87A10442 = .25,NE MIAMI GARDENS DR|NW 14TH AVE|NW 183RD ST,16500,87026000,87A10431,Y,-80.22525739,25.94161867,10,,On-System / Off-System,87026000,1379,LPI-01496,1,4.268,4.258,4.278,NE MIAMI GARDENS DR,On Corridor,"447800-2, 447800-1, 449362-1",5,106,0.02,100,0,0.3,Verified Match,"447800-2, 447800-1, 449362-1",5
104409,237590,87281000,URBAN GENERAL,MIAMI,URBAN PRIN ART OTHER,DIVIDED,,SR  953,6,MIAMI-DADE,22000,4,35,1,LPI,Implement a Leading Pedestrian Interval (LPI),,LPI-00345,Potential Location,0.870000005,1,5408.8083328125,,,,,,,,,,,,,5408.8083328125,,6,87,87281000 = .457|87A19103 = 0,ALTARA AVE|SW 42ND AVE,9950,87281000,87A07539,Y,-80.26199409,25.73312,10,,On-System / Off-System,87281000,1380,LPI-00345,1,0.457,0.447,0.467,ALTARA AVE,On Corridor,"447829-1, 446002-1",4,106,0.02,100,0,0.2,Verified Match,"447829-1, 446002-1",4
104885,224520,87000337,URBAN GENERAL,MIAMI,URBAN PRIN ART OTHER,DIVIDED,US    1,SR    5,6,MIAMI-DADE,41500,4,35,1,LPI,Implement a Leading Pedestrian Interval (LPI),,LPI-00451,Potential Location,0.870000005,1,5408.8083328125,,,,,,,,,,,,,5408.8083328125,,6,87,87000337 = 3.141|87030000 = 15.578,BISCAYNE BLVD|NE 71ST ST,21150,87030000,87000337,Y,-80.18433989,25.84030796,10,,On-System / On-System,87030000,1381,LPI-00451,1,3.141,3.1310000000000002,3.151,BISCAYNE BLVD,Off Corridor,,0,0,0,0,88.9,26.7,No Match - Angle Mismatch,,0
104885,224520,87030000,URBAN GENERAL,MIAMI,URBAN PRIN ART OTHER,DIVIDED,US    1,SR    5,6,MIAMI-DADE,41500,4,35,1,LPI,Implement a Leading Pedestrian Interval (LPI),,LPI-00451,Potential Location,0.870000005,1,5408.8083328125,,,,,,,,,,,,,5408.8083328125,,6,87,87000337 = 3.141|87030000 = 15.578,BISCAYNE BLVD|NE 71ST ST,21150,87030000,87000337,Y,-80.18433989,25.84030796,10,,On-System / On-System,87030000,1381,LPI-00451,2,15.578,15.568,15.588,NE 71ST ST,On Corridor,"445996-1, 447214-1",3,106,0.02,100,0,0.3,Verified Match,"445996-1, 447214-1",3
104894,228468,87000600,URBAN GENERAL,MIAMI,URBAN PRIN ART OTHER,DIVIDED,US   27,SR   25,6,MIAMI-DADE,59000,6,40,1,LPI,Implement a Leading Pedestrian Interval (LPI),,LPI-01418,Potential Location,0.870000005,1,5408.8083328125,,,,,,,,,,,,,5408.8083328125,,6,87,87000600 = .003|87090000 = 12.198,W 8TH AVE|W OKEECHOBEE RD,35200,87090000,87000600,Y,-80.29817551,25.83590836,10,,On-System / On-System,87090000,1382,LPI-01418,1,0.003,0,0.013000000000000001,W 8TH AVE,Off Corridor,,0,0,0,0,84.1,52.2,No Match - Angle Mismatch,,0
104894,228468,87090000,URBAN GENERAL,MIAMI,URBAN PRIN ART OTHER,DIVIDED,US   27,SR   25,6,MIAMI-DADE,59000,6,40,1,LPI,Implement a Leading Pedestrian Interval (LPI),,LPI-01418,Potential Location,0.870000005,1,5408.8083328125,,,,,,,,,,,,,5408.8083328125,,6,87,87000600 = .003|87090000 = 12.198,W 8TH AVE|W OKEECHOBEE RD,35200,87090000,87000600,Y,-80.29817551,25.83590836,10,,On-System / On-System,87090000,1382,LPI-01418,2,12.198,12.188,12.208,W OKEECHOBEE RD,On Corridor,447828-1,3,106,0.02,100,0.2,0.1,Verified Match,447828-1,3
104941,224550,87000272,URBAN GENERAL,MIAMI,URBAN MINOR ART,DIVIDED,,SR  860,6,MIAMI-DADE,36500,6,40,1,LPI,Implement a Leading Pedestrian Interval (LPI),,LPI-01712,Potential Location,0.870000005,1,5408.8083328125,,,,,,,,,,,,,5408.8083328125,,6,87,87000272 = .003|87026000 = 3.519|87031500 = .996,NW 183RD ST|NW 22ND AVE,24850,87026000,87031500,Y,-80.2372707,25.94127976,10,,On-System / On-System,87026000,1383,LPI-01712,1,0.003,0,0.013000000000000001,NW 183RD ST,Off Corridor,,0,0,0,0,89.8,34.8,No Match - Angle Mismatch,,0
104941,224550,87026000,URBAN GENERAL,MIAMI,URBAN MINOR ART,DIVIDED,,SR  860,6,MIAMI-DADE,36500,6,40,1,LPI,Implement a Leading Pedestrian Interval (LPI),,LPI-01712,Potential Location,0.870000005,1,5408.8083328125,,,,,,,,,,,,,5408.8083328125,,6,87,87000272 = .003|87026000 = 3.519|87031500 = .996,NW 183RD ST|NW 22ND AVE,24850,87026000,87031500,Y,-80.2372707,25.94127976,10,,On-System / On-System,87026000,1383,LPI-01712,2,3.519,3.5090000000000003,3.529,NW 22ND AVE,On Corridor,"447800-2, 447800-1, 449362-1",5,106,0.02,100,0.1,0.2,Verified Match,"447800-2, 447800-1, 449362-1",5
104941,224550,87031500,URBAN GENERAL,MIAMI,URBAN MINOR ART,DIVIDED,,SR  860,6,MIAMI-DADE,36500,6,40,1,LPI,Implement a Leading Pedestrian Interval (LPI),,LPI-01712,Potential Location,0.870000005,1,5408.8083328125,,,,,,,,,,,,,5408.8083328125,,6,87,87000272 = .003|87026000 = 3.519|87031500 = .996,NW 183RD ST|NW 22ND AVE,24850,87026000,87031500,Y,-80.2372707,25.94127976,10,,On-System / On-System,87026000,1383,LPI-01712,3,0.996,0.986,1.006,,On Corridor,453945-1,1,73,0.01,100,11.1,0.3,Verified Parallel Fallback,453945-1,1
105021,229270,87000221,URBAN GENERAL,MIAMI,URBAN PRIN ART OTHER,DIVIDED,,SR  826,6,MIAMI-DADE,55500,6,35,1,LPI,Implement a Leading Pedestrian Interval (LPI),,LPI-02560,Potential Location,0.870000005,1,5408.8083328125,,,,,,,,,,,,,5408.8083328125,,6,87,87000221 = 2.376|87170000 = 2.312|87A10771 = 0,NE 12TH AVE|NE 163RD ST,31950,87170000,87000221,Y,-80.17605,25.92539969,10,,On-System / On-System,87170000,1384,LPI-02560,1,2.376,2.366,2.3859999999999997,NE 12TH AVE,Off Corridor,,0,0,0,0,88.6,18.7,No Match - Angle Mismatch,,0
105021,229270,87170000,URBAN GENERAL,MIAMI,URBAN PRIN ART OTHER,DIVIDED,,SR  826,6,MIAMI-DADE,55500,6,35,1,LPI,Implement a Leading Pedestrian Interval (LPI),,LPI-02560,Potential Location,0.870000005,1,5408.8083328125,,,,,,,,,,,,,5408.8083328125,,6,87,87000221 = 2.376|87170000 = 2.312|87A10771 = 0,NE 12TH AVE|NE 163RD ST,31950,87170000,87000221,Y,-80.17605,25.92539969,10,,On-System / On-System,87170000,1384,LPI-02560,2,2.312,2.302,2.3219999999999996,NE 163RD ST,On Corridor,452561-1,4,105,0.02,100,1.7,0.3,Verified Match,452561-1,4
105040,224587,87000266,URBAN GENERAL,MIAMI,URBAN MINOR ART,DIVIDED,,SR  860,6,MIAMI-DADE,33000,6,40,1,LPI,Implement a Leading Pedestrian Interval (LPI),,LPI-01034,Potential Location,0.870000005,1,5408.8083328125,,,,,,,,,,,,,5408.8083328125,,6,87,87000266 = .004|87026000 = 4.518,NW 12TH AVE|NW 183RD ST,19000,87026000,87000266,Y,-80.22126,25.94192183,10,,On-System / On-System,87026000,1385,LPI-01034,1,0.004,0,0.014,NW 12TH AVE,Off Corridor,,0,0,0,0,89.7,58.3,No Match - Angle Mismatch,,0
105040,224587,87026000,URBAN GENERAL,MIAMI,URBAN MINOR ART,DIVIDED,,SR  860,6,MIAMI-DADE,33000,6,40,1,LPI,Implement a Leading Pedestrian Interval (LPI),,LPI-01034,Potential Location,0.870000005,1,5408.8083328125,,,,,,,,,,,,,5408.8083328125,,6,87,87000266 = .004|87026000 = 4.518,NW 12TH AVE|NW 183RD ST,19000,87026000,87000266,Y,-80.22126,25.94192183,10,,On-System / On-System,87026000,1385,LPI-01034,2,4.518,4.508,4.528,NW 183RD ST,On Corridor,"447800-2, 447800-1, 449362-1",5,106,0.02,100,0,0.3,Verified Match,"447800-2, 447800-1, 449362-1",5
105234,235940,87000237,URBAN GENERAL,MIAMI,URBAN PRIN ART OTHER,DIVIDED,,SR  953,6,MIAMI-DADE,41500,5,40,1,LPI,Implement a Leading Pedestrian Interval (LPI),,LPI-01593,Potential Location,0.870000005,1,5408.8083328125,,,,,,,,,,,,,5408.8083328125,,6,87,87000237 = 1.48|87281000 = 9.213|87A02488 = 0,E 41ST ST|E 8TH AVE,21800,87281000,87000237,Y,-80.26665316,25.85996,10,,On-System / On-System,87281000,1386,LPI-01593,1,1.48,1.47,1.49,E 41ST ST,Off Corridor,,0,0,0,0,,,Unmatched,,0
105234,235940,87281000,URBAN GENERAL,MIAMI,URBAN PRIN ART OTHER,DIVIDED,,SR  953,6,MIAMI-DADE,41500,5,40,1,LPI,Implement a Leading Pedestrian Interval (LPI),,LPI-01593,Potential Location,0.870000005,1,5408.8083328125,,,,,,,,,,,,,5408.8083328125,,6,87,87000237 = 1.48|87281000 = 9.213|87A02488 = 0,E 41ST ST|E 8TH AVE,21800,87281000,87000237,Y,-80.26665316,25.85996,10,,On-System / On-System,87281000,1386,LPI-01593,2,9.213,9.203,9.222999999999999,E 8TH AVE,Off Corridor,,0,0,0,0,,,Unmatched,,0
105349,231186,87000166,URBAN GENERAL,MIAMI,URBAN MINOR ART,DIVIDED,US  441,SR    7,6,MIAMI-DADE,25500,4,35,1,LPI,Implement a Leading Pedestrian Interval (LPI),,LPI-00194,Potential Location,0.870000005,1,5408.8083328125,,,,,,,,,,,,,5408.8083328125,,6,87,87000166 = .995|87140000 = 9.684|87A11723 = 0,NW 143RD ST|NW 7TH AVE,13500,87140000,87000166,Y,-80.21163518,25.90555,10,,On-System / On-System,87140000,1387,LPI-00194,1,0.995,0.985,1.005,NW 143RD ST,Off Corridor,,0,0,0,0,,,Unmatched,,0
105349,231186,87140000,URBAN GENERAL,MIAMI,URBAN MINOR ART,DIVIDED,US  441,SR    7,6,MIAMI-DADE,25500,4,35,1,LPI,Implement a Leading Pedestrian Interval (LPI),,LPI-00194,Potential Location,0.870000005,1,5408.8083328125,,,,,,,,,,,,,5408.8083328125,,6,87,87000166 = .995|87140000 = 9.684|87A11723 = 0,NW 143RD ST|NW 7TH AVE,13500,87140000,87000166,Y,-80.21163518,25.90555,10,,On-System / On-System,87140000,1387,LPI-00194,2,9.684,9.674,9.693999999999999,NW 7TH AVE,Off Corridor,,0,0,0,0,,,Unmatched,,0
105495,226865,87000468,URBAN GENERAL,MIAMI,URBAN MINOR ART,DIVIDED,,SR  968,6,MIAMI-DADE,37500,4,40,1,LPI,Implement a Leading Pedestrian Interval (LPI),,LPI-01700,Potential Location,0.870000005,1,5408.8083328125,,,,,,,,,,,,,5408.8083328125,,6,87,87000468 = 2.419|87053000 = 5.525,SW 32ND AVE|W FLAGLER ST,21000,87053000,87000468,Y,-80.24768726,25.77203706,10,,On-System / On-System,87053000,1388,LPI-01700,1,2.419,2.4090000000000003,2.429,SW 32ND AVE,Off Corridor,,0,0,0,0,88,26.4,No Match - Angle Mismatch,,0
105495,226865,87053000,URBAN GENERAL,MIAMI,URBAN MINOR ART,DIVIDED,,SR  968,6,MIAMI-DADE,37500,4,40,1,LPI,Implement a Leading Pedestrian Interval (LPI),,LPI-01700,Potential Location,0.870000005,1,5408.8083328125,,,,,,,,,,,,,5408.8083328125,,6,87,87000468 = 2.419|87053000 = 5.525,SW 32ND AVE|W FLAGLER ST,21000,87053000,87000468,Y,-80.24768726,25.77203706,10,,On-System / On-System,87053000,1388,LPI-01700,2,5.525,5.515000000000001,5.535,W FLAGLER ST,On Corridor,437782-3,1,106,0.02,100,0,0.2,Verified Match,437782-3,1
105496,236225,87049500,URBAN GENERAL,MIAMI,URBAN PRIN ART OTHER,DIVIDED,,SR  953,6,MIAMI-DADE,62500,6,40,1,LPI,Implement a Leading Pedestrian Interval (LPI),,LPI-00156,Potential Location,0.870000005,1,5408.8083328125,,,,,,,,,,,,,5408.8083328125,,6,87,87049500 = 2.599|87281000 = 3.602|87580500 = .004,NW 42ND AVE|NW 7TH ST,75250,87281000,87049500,Y,-80.26403121,25.77869,10,,On-System / On-System,87281000,1389,LPI-00156,1,2.599,2.5890000000000004,2.609,NW 42ND AVE,Off Corridor,,0,0,0,0,85,58.2,No Match - Angle Mismatch,,0
105496,236225,87281000,URBAN GENERAL,MIAMI,URBAN PRIN ART OTHER,DIVIDED,,SR  953,6,MIAMI-DADE,62500,6,40,1,LPI,Implement a Leading Pedestrian Interval (LPI),,LPI-00156,Potential Location,0.870000005,1,5408.8083328125,,,,,,,,,,,,,5408.8083328125,,6,87,87049500 = 2.599|87281000 = 3.602|87580500 = .004,NW 42ND AVE|NW 7TH ST,75250,87281000,87049500,Y,-80.26403121,25.77869,10,,On-System / On-System,87281000,1389,LPI-00156,2,3.602,3.592,3.6119999999999997,NW 7TH ST,On Corridor,447809-1,1,106,0.02,100,0.1,0.2,Verified Match,447809-1,1
105496,236225,87580500,URBAN GENERAL,MIAMI,URBAN PRIN ART OTHER,DIVIDED,,SR  953,6,MIAMI-DADE,62500,6,40,1,LPI,Implement a Leading Pedestrian Interval (LPI),,LPI-00156,Potential Location,0.870000005,1,5408.8083328125,,,,,,,,,,,,,5408.8083328125,,6,87,87049500 = 2.599|87281000 = 3.602|87580500 = .004,NW 42ND AVE|NW 7TH ST,75250,87281000,87049500,Y,-80.26403121,25.77869,10,,On-System / On-System,87281000,1389,LPI-00156,3,0.004,0,0.014,,Off Corridor,,0,0,0,0,84.5,16.9,No Match - Angle Mismatch,,0
105602,231309,87000427,URBAN GENERAL,MIAMI,URBAN PRIN ART OTHER,DIVIDED,US   41,SR   90,6,MIAMI-DADE,53000,8,45,1,LPI,Implement a Leading Pedestrian Interval (LPI),,LPI-00200,Potential Location,0.870000005,1,5408.8083328125,,,,,,,,,,,,,5408.8083328125,,6,87,87000427 = 4.135|87120000 = 7.537,SW 102ND AVE|SW 8TH ST,28950,87120000,87000427,Y,-80.36039618,25.76142798,10,,On-System / On-System,87120000,1390,LPI-00200,1,4.135,4.125,4.145,SW 102ND AVE,Off Corridor,,0,0,0,0,89.1,16.3,No Match - Angle Mismatch,,0
105602,231309,87120000,URBAN GENERAL,MIAMI,URBAN PRIN ART OTHER,DIVIDED,US   41,SR   90,6,MIAMI-DADE,53000,8,45,1,LPI,Implement a Leading Pedestrian Interval (LPI),,LPI-00200,Potential Location,0.870000005,1,5408.8083328125,,,,,,,,,,,,,5408.8083328125,,6,87,87000427 = 4.135|87120000 = 7.537,SW 102ND AVE|SW 8TH ST,28950,87120000,87000427,Y,-80.36039618,25.76142798,10,,On-System / On-System,87120000,1390,LPI-00200,2,7.537,7.527,7.547,SW 8TH ST,On Corridor,452564-3,1,105,0.02,100,0,0.1,Verified Match,452564-3,1
105743,236317,87000236,URBAN GENERAL,MIAMI,URBAN PRIN ART OTHER,DIVIDED,,SR  953,6,MIAMI-DADE,41500,4,40,1,LPI,Implement a Leading Pedestrian Interval (LPI),,LPI-01594,Potential Location,0.870000005,1,5408.8083328125,,,,,,,,,,,,,5408.8083328125,,6,87,87000236 = 1.474|87281000 = 8.644|87A13875 = 0,E 32ND ST|E 8TH AVE,21950,87281000,87000236,Y,-80.26648494,25.851705,10,,On-System / On-System,87281000,1391,LPI-01594,1,1.474,1.464,1.484,E 32ND ST,Off Corridor,,0,0,0,0,,,Unmatched,,0
105743,236317,87281000,URBAN GENERAL,MIAMI,URBAN PRIN ART OTHER,DIVIDED,,SR  953,6,MIAMI-DADE,41500,4,40,1,LPI,Implement a Leading Pedestrian Interval (LPI),,LPI-01594,Potential Location,0.870000005,1,5408.8083328125,,,,,,,,,,,,,5408.8083328125,,6,87,87000236 = 1.474|87281000 = 8.644|87A13875 = 0,E 32ND ST|E 8TH AVE,21950,87281000,87000236,Y,-80.26648494,25.851705,10,,On-System / On-System,87281000,1391,LPI-01594,2,8.644,8.634,8.654,E 8TH AVE,Off Corridor,,0,0,0,0,,,Unmatched,,0
105757,231383,87000257,URBAN GENERAL,MIAMI,URBAN PRIN ART OTHER,DIVIDED,US  441,SR    7,6,MIAMI-DADE,59000,6,45,1,LPI,Implement a Leading Pedestrian Interval (LPI),,LPI-00802,Potential Location,0.870000005,1,5408.8083328125,,,,,,,,,,,,,5408.8083328125,,6,87,87000257 = 1.013|87140000 = 13.101,NW 191ST ST|NW 2ND AVE,29650,87140000,87000257,Y,-80.20544485,25.94980501,10,,On-System / On-System,87140000,1392,LPI-00802,1,1.013,1.003,1.023,NW 191ST ST,Off Corridor,,0,0,0,0,,,Unmatched,,0
105757,231383,87140000,URBAN GENERAL,MIAMI,URBAN PRIN ART OTHER,DIVIDED,US  441,SR    7,6,MIAMI-DADE,59000,6,45,1,LPI,Implement a Leading Pedestrian Interval (LPI),,LPI-00802,Potential Location,0.870000005,1,5408.8083328125,,,,,,,,,,,,,5408.8083328125,,6,87,87000257 = 1.013|87140000 = 13.101,NW 191ST ST|NW 2ND AVE,29650,87140000,87000257,Y,-80.20544485,25.94980501,10,,On-System / On-System,87140000,1392,LPI-00802,2,13.101,13.091000000000001,13.111,NW 2ND AVE,Off Corridor,,0,0,0,0,,,Unmatched,,0
105773,236489,87000086,URBAN GENERAL,MIAMI,URBAN PRIN ART OTHER,DIVIDED,,SR  953,6,MIAMI-DADE,88000,7,40,1,LPI,Implement a Leading Pedestrian Interval (LPI),,LPI-00343,Potential Location,0.870000005,1,5408.8083328125,,,,,,,,,,,,,5408.8083328125,,6,87,87000086 = .008|87281000 = 5.139,N LE JEUNE RD|NW 28TH ST|NW 42ND AVE,32350,87281000,87000086,Y,-80.26434034,25.80096,10,,On-System / On-System,87281000,1393,LPI-00343,1,0.008,0,0.018000000000000002,N LE JEUNE RD,Off Corridor,,0,0,0,0,85.8,199.8,No Match - Angle Mismatch,,0
105773,236489,87281000,URBAN GENERAL,MIAMI,URBAN PRIN ART OTHER,DIVIDED,,SR  953,6,MIAMI-DADE,88000,7,40,1,LPI,Implement a Leading Pedestrian Interval (LPI),,LPI-00343,Potential Location,0.870000005,1,5408.8083328125,,,,,,,,,,,,,5408.8083328125,,6,87,87000086 = .008|87281000 = 5.139,N LE JEUNE RD|NW 28TH ST|NW 42ND AVE,32350,87281000,87000086,Y,-80.26434034,25.80096,10,,On-System / On-System,87281000,1393,LPI-00343,2,5.139,5.1290000000000004,5.149,NW 28TH ST,On Corridor,431200-1,5,106,0.02,100,4.9,173.6,Verified Match,431200-1,5
105782,231544,87000192,URBAN GENERAL,MIAMI,URBAN PRIN ART OTHER,DIVIDED,US   27,SR   25,6,MIAMI-DADE,65500,6,40,1,LPI,Implement a Leading Pedestrian Interval (LPI),,LPI-01477,Potential Location,0.870000005,1,5408.8083328125,,,,,,,,,,,,,5408.8083328125,,6,87,87000192 = .006|87000341 = .629|87090000 = 14.222|87A15148 = 0,E OKEECHOBEE RD|EAST DR|SE 4TH AVE|SE 6TH ST,41900,87090000,87000192,Y,-80.27305524,25.81723382,10,,On-System / On-System,87090000,1394,LPI-01477,1,0.006,0,0.016,E OKEECHOBEE RD,Off Corridor,,0,0,0,0,48.1,48,No Match - Angle Mismatch,,0
105782,231544,87000341,URBAN GENERAL,MIAMI,URBAN PRIN ART OTHER,DIVIDED,US   27,SR   25,6,MIAMI-DADE,65500,6,40,1,LPI,Implement a Leading Pedestrian Interval (LPI),,LPI-01477,Potential Location,0.870000005,1,5408.8083328125,,,,,,,,,,,,,5408.8083328125,,6,87,87000192 = .006|87000341 = .629|87090000 = 14.222|87A15148 = 0,E OKEECHOBEE RD|EAST DR|SE 4TH AVE|SE 6TH ST,41900,87090000,87000192,Y,-80.27305524,25.81723382,10,,On-System / On-System,87090000,1394,LPI-01477,2,0.629,0.619,0.639,EAST DR,Off Corridor,,0,0,0,0,46.2,10.3,No Match - Angle Mismatch,,0
105782,231544,87090000,URBAN GENERAL,MIAMI,URBAN PRIN ART OTHER,DIVIDED,US   27,SR   25,6,MIAMI-DADE,65500,6,40,1,LPI,Implement a Leading Pedestrian Interval (LPI),,LPI-01477,Potential Location,0.870000005,1,5408.8083328125,,,,,,,,,,,,,5408.8083328125,,6,87,87000192 = .006|87000341 = .629|87090000 = 14.222|87A15148 = 0,E OKEECHOBEE RD|EAST DR|SE 4TH AVE|SE 6TH ST,41900,87090000,87000192,Y,-80.27305524,25.81723382,10,,On-System / On-System,87090000,1394,LPI-01477,3,14.222,14.212,14.232,SE 4TH AVE,On Corridor,"447828-1, 438521-2",5,106,0.02,100,0.1,0,Verified Match,"447828-1, 438521-2",5
105824,236927,87000442,URBAN GENERAL,MIAMI,URBAN PRIN ART OTHER,DIVIDED,,SR  953,6,MIAMI-DADE,62500,6,40,1,LPI,Implement a Leading Pedestrian Interval (LPI),,LPI-00690,Potential Location,0.870000005,1,5408.8083328125,,,,,,,,,,,,,5408.8083328125,,6,87,87000442 = .005|87281000 = 3.859,N LE JEUNE RD|NW 11TH ST|NW 42ND AVE,24800,87281000,87000442,Y,-80.26401198,25.78243,10,,On-System / On-System,87281000,1395,LPI-00690,1,0.005,0,0.015,N LE JEUNE RD,Off Corridor,,0,0,0,0,88.9,123.7,No Match - Angle Mismatch,,0
105824,236927,87281000,URBAN GENERAL,MIAMI,URBAN PRIN ART OTHER,DIVIDED,,SR  953,6,MIAMI-DADE,62500,6,40,1,LPI,Implement a Leading Pedestrian Interval (LPI),,LPI-00690,Potential Location,0.870000005,1,5408.8083328125,,,,,,,,,,,,,5408.8083328125,,6,87,87000442 = .005|87281000 = 3.859,N LE JEUNE RD|NW 11TH ST|NW 42ND AVE,24800,87281000,87000442,Y,-80.26401198,25.78243,10,,On-System / On-System,87281000,1395,LPI-00690,2,3.859,3.849,3.8689999999999998,NW 11TH ST,On Corridor,447809-1,1,106,0.02,100,0,116.7,Verified Match,447809-1,1
105919,231819,87140000,URBAN GENERAL,MIAMI,URBAN MINOR ART,DIVIDED,US  441,SR    7,6,MIAMI-DADE,26000,4,35,1,LPI,Implement a Leading Pedestrian Interval (LPI),,LPI-01518,Potential Location,0.870000005,1,5408.8083328125,,,,,,,,,,,,,5408.8083328125,,6,87,87140000 = 4.836|87A14564 = .507|87A14570 = 0,NW 65TH ST|NW 66TH ST|NW 7TH AVE,12000,87140000,87A14564,Y,-80.20863501,25.83515014,10,,On-System / Off-System,87140000,1396,LPI-01518,1,4.836,4.8260000000000005,4.846,NW 65TH ST,Off Corridor,,0,0,0,0,,,Unmatched,,0
105936,237387,87000330,URBAN GENERAL,MIAMI,URBAN PRIN ART OTHER,DIVIDED,,SR  953,6,MIAMI-DADE,36500,4,40,1,LPI,Implement a Leading Pedestrian Interval (LPI),,LPI-00682,Potential Location,0.870000005,1,5408.8083328125,,,,,,,,,,,,,5408.8083328125,,6,87,87000330 = 1.495|87281000 = 7.689,E 17TH ST|E 8TH AVE,18750,87281000,87000330,Y,-80.26587004,25.83787161,10,,On-System / On-System,87281000,1397,LPI-00682,1,1.495,1.485,1.5050000000000001,E 17TH ST,Off Corridor,,0,0,0,0,,,Unmatched,,0
105936,237387,87281000,URBAN GENERAL,MIAMI,URBAN PRIN ART OTHER,DIVIDED,,SR  953,6,MIAMI-DADE,36500,4,40,1,LPI,Implement a Leading Pedestrian Interval (LPI),,LPI-00682,Potential Location,0.870000005,1,5408.8083328125,,,,,,,,,,,,,5408.8083328125,,6,87,87000330 = 1.495|87281000 = 7.689,E 17TH ST|E 8TH AVE,18750,87281000,87000330,Y,-80.26587004,25.83787161,10,,On-System / On-System,87281000,1397,LPI-00682,2,7.689,7.679,7.699,E 8TH AVE,Off Corridor,,0,0,0,0,,,Unmatched,,0
105939,237387,87000329,URBAN GENERAL,MIAMI,URBAN PRIN ART OTHER,DIVIDED,,SR  953,6,MIAMI-DADE,36500,4,40,1,LPI,Implement a Leading Pedestrian Interval (LPI),,LPI-00683,Potential Location,0.870000005,1,5408.8083328125,,,,,,,,,,,,,5408.8083328125,,6,87,87000329 = .497|87281000 = 7.938|87A00952 = 0,E 21ST ST|E 8TH AVE,20650,87281000,87000329,Y,-80.26601853,25.84149008,10,,On-System / On-System,87281000,1398,LPI-00683,1,0.497,0.487,0.507,E 21ST ST,Off Corridor,,0,0,0,0,,,Unmatched,,0
105939,237387,87281000,URBAN GENERAL,MIAMI,URBAN PRIN ART OTHER,DIVIDED,,SR  953,6,MIAMI-DADE,36500,4,40,1,LPI,Implement a Leading Pedestrian Interval (LPI),,LPI-00683,Potential Location,0.870000005,1,5408.8083328125,,,,,,,,,,,,,5408.8083328125,,6,87,87000329 = .497|87281000 = 7.938|87A00952 = 0,E 21ST ST|E 8TH AVE,20650,87281000,87000329,Y,-80.26601853,25.84149008,10,,On-System / On-System,87281000,1398,LPI-00683,2,7.938,7.928,7.9479999999999995,E 8TH AVE,Off Corridor,,0,0,0,0,,,Unmatched,,0
105944,231879,87000108,URBAN GENERAL,MIAMI,URBAN PRIN ART OTHER,DIVIDED,US   41,SR   90,6,MIAMI-DADE,38500,4,35,1,LPI,Implement a Leading Pedestrian Interval (LPI),,LPI-00581,Potential Location,0.870000005,1,5408.8083328125,,,,,,,,,,,,,5408.8083328125,,6,87,87000108 = 2.056|87120000 = 12.826,GRANADA BLVD|SW 49TH AVE|SW 8TH ST,23400,87120000,87000108,Y,-80.2755901,25.76401194,10,,On-System / On-System,87120000,1399,LPI-00581,1,2.056,2.0460000000000003,2.066,GRANADA BLVD,Off Corridor,,0,0,0,0,84.4,0.1,No Match - Angle Mismatch,,0
105944,231879,87120000,URBAN GENERAL,MIAMI,URBAN PRIN ART OTHER,DIVIDED,US   41,SR   90,6,MIAMI-DADE,38500,4,35,1,LPI,Implement a Leading Pedestrian Interval (LPI),,LPI-00581,Potential Location,0.870000005,1,5408.8083328125,,,,,,,,,,,,,5408.8083328125,,6,87,87000108 = 2.056|87120000 = 12.826,GRANADA BLVD|SW 49TH AVE|SW 8TH ST,23400,87120000,87000108,Y,-80.2755901,25.76401194,10,,On-System / On-System,87120000,1399,LPI-00581,2,12.826,12.816,12.836,SW 49TH AVE,On Corridor,"440183-1, 452564-3",2,105,0.02,100,0,0.2,Verified Match,"440183-1, 452564-3",2
106038,227196,87000297,URBAN GENERAL,MIAMI,URBAN MINOR ART,DIVIDED,,SR  860,6,MIAMI-DADE,48000,4,40,1,LPI,Implement a Leading Pedestrian Interval (LPI),,LPI-01084,Potential Location,0.870000005,1,5408.8083328125,,,,,,,,,,,,,5408.8083328125,,6,87,87000297 = 1.323|87026000 = 7.79,NE 15TH AVE|NE MIAMI GARDENS DR,29400,87026000,87000297,Y,-80.17101158,25.94494184,10,,On-System / On-System,87026000,1400,LPI-01084,1,1.323,1.313,1.333,NE 15TH AVE,Off Corridor,,0,0,0,0,,,Unmatched,,0
106038,227196,87026000,URBAN GENERAL,MIAMI,URBAN MINOR ART,DIVIDED,,SR  860,6,MIAMI-DADE,48000,4,40,1,LPI,Implement a Leading Pedestrian Interval (LPI),,LPI-01084,Potential Location,0.870000005,1,5408.8083328125,,,,,,,,,,,,,5408.8083328125,,6,87,87000297 = 1.323|87026000 = 7.79,NE 15TH AVE|NE MIAMI GARDENS DR,29400,87026000,87000297,Y,-80.17101158,25.94494184,10,,On-System / On-System,87026000,1400,LPI-01084,2,7.79,7.78,7.8,NE MIAMI GARDENS DR,Off Corridor,,0,0,0,0,,,Unmatched,,0
106043,227201,87000108,URBAN GENERAL,MIAMI,URBAN MINOR ART,DIVIDED,,SR  968,6,MIAMI-DADE,37500,4,40,1,LPI,Implement a Leading Pedestrian Interval (LPI),,LPI-01749,Potential Location,0.870000005,1,5408.8083328125,,,,,,,,,,,,,5408.8083328125,,6,87,87000108 = 2.554|87053000 = 3.771,NW 49TH AVE|SW 49TH AVE|W FLAGLER ST,21150,87053000,87000108,Y,-80.27585956,25.77128417,10,,On-System / On-System,87053000,1401,LPI-01749,1,2.554,2.544,2.5639999999999996,NW 49TH AVE,Off Corridor,,0,0,0,0,77.2,1.6,No Match - Angle Mismatch,,0
106043,227201,87053000,URBAN GENERAL,MIAMI,URBAN MINOR ART,DIVIDED,,SR  968,6,MIAMI-DADE,37500,4,40,1,LPI,Implement a Leading Pedestrian Interval (LPI),,LPI-01749,Potential Location,0.870000005,1,5408.8083328125,,,,,,,,,,,,,5408.8083328125,,6,87,87000108 = 2.554|87053000 = 3.771,NW 49TH AVE|SW 49TH AVE|W FLAGLER ST,21150,87053000,87000108,Y,-80.27585956,25.77128417,10,,On-System / On-System,87053000,1401,LPI-01749,2,3.771,3.761,3.7809999999999997,SW 49TH AVE,On Corridor,"451037-1, 458151-1, 437782-3",3,106,0.02,100,0,0.2,Verified Match,"451037-1, 458151-1, 437782-3",3
106144,232766,87033500,URBAN GENERAL,MIAMI,URBAN PRIN ART OTHER,DIVIDED,,SR  826,6,MIAMI-DADE,47500,6,35,1,LPI,Implement a Leading Pedestrian Interval (LPI),,LPI-01534,Potential Location,0.870000005,1,5408.8083328125,,,,,,,,,,,,,5408.8083328125,,6,87,87033500 = .004|87170000 = 3.181|87A11188 = .298,NE 163RD ST|NE 18TH PL|NE 19TH AVE,34350,87170000,87033500,Y,-80.16212519,25.92597262,10,,On-System / On-System,87170000,1402,LPI-01534,1,0.004,0,0.014,NE 163RD ST,Off Corridor,,0,0,0,0,71.5,52.9,No Match - Angle Mismatch,,0
106144,232766,87170000,URBAN GENERAL,MIAMI,URBAN PRIN ART OTHER,DIVIDED,,SR  826,6,MIAMI-DADE,47500,6,35,1,LPI,Implement a Leading Pedestrian Interval (LPI),,LPI-01534,Potential Location,0.870000005,1,5408.8083328125,,,,,,,,,,,,,5408.8083328125,,6,87,87033500 = .004|87170000 = 3.181|87A11188 = .298,NE 163RD ST|NE 18TH PL|NE 19TH AVE,34350,87170000,87033500,Y,-80.16212519,25.92597262,10,,On-System / On-System,87170000,1402,LPI-01534,2,3.181,3.1710000000000003,3.191,NE 18TH PL,On Corridor,452561-1,4,105,0.02,100,0,0.3,Verified Match,452561-1,4
106194,227481,87000281,URBAN GENERAL,MIAMI,URBAN MINOR ART,DIVIDED,,SR  860,6,MIAMI-DADE,34000,7,45,1,LPI,Implement a Leading Pedestrian Interval (LPI),,LPI-01091,Potential Location,0.870000005,1,5408.8083328125,,,,,,,,,,,,,5408.8083328125,,6,87,87000281 = 1.669|87026000 = 1.521|87A10518 = .56,NW 183RD ST|NW 42ND AVE,18600,87026000,87000281,Y,-80.26939506,25.93994978,10,,On-System / On-System,87026000,1403,LPI-01091,1,1.669,1.659,1.679,NW 183RD ST,Off Corridor,,0,0,0,0,,,Unmatched,,0
106194,227481,87026000,URBAN GENERAL,MIAMI,URBAN MINOR ART,DIVIDED,,SR  860,6,MIAMI-DADE,34000,7,45,1,LPI,Implement a Leading Pedestrian Interval (LPI),,LPI-01091,Potential Location,0.870000005,1,5408.8083328125,,,,,,,,,,,,,5408.8083328125,,6,87,87000281 = 1.669|87026000 = 1.521|87A10518 = .56,NW 183RD ST|NW 42ND AVE,18600,87026000,87000281,Y,-80.26939506,25.93994978,10,,On-System / On-System,87026000,1403,LPI-01091,2,1.521,1.511,1.531,NW 42ND AVE,Off Corridor,,0,0,0,0,,,Unmatched,,0
106392,227676,87000747,URBAN GENERAL,MIAMI,URBAN MINOR ART,DIVIDED,,SR  932,6,MIAMI-DADE,16600,4,40,1,LPI,Implement a Leading Pedestrian Interval (LPI),,LPI-01760,Potential Location,0.870000005,1,5408.8083328125,,,,,,,,,,,,,5408.8083328125,,6,87,87000747 = 0|87038000 = .608,NW 103RD ST|ROYAL PALM RD|W 24TH AVE,8000,87038000,87000747,Y,-80.33102,25.86933583,10,,On-System / On-System,87038000,1404,LPI-01760,1,0,0,0.01,NW 103RD ST,Off Corridor,,0,0,0,0,87,26.7,No Match - Angle Mismatch,,0
106392,227676,87038000,URBAN GENERAL,MIAMI,URBAN MINOR ART,DIVIDED,,SR  932,6,MIAMI-DADE,16600,4,40,1,LPI,Implement a Leading Pedestrian Interval (LPI),,LPI-01760,Potential Location,0.870000005,1,5408.8083328125,,,,,,,,,,,,,5408.8083328125,,6,87,87000747 = 0|87038000 = .608,NW 103RD ST|ROYAL PALM RD|W 24TH AVE,8000,87038000,87000747,Y,-80.33102,25.86933583,10,,On-System / On-System,87038000,1404,LPI-01760,2,0.608,0.598,0.618,ROYAL PALM RD,On Corridor,445993-1,2,105,0.02,100,1.9,0.2,Verified Match,445993-1,2
106470,231889,87000765,URBAN GENERAL,MIAMI,URBAN PRIN ART OTHER,DIVIDED,,SR  826,6,MIAMI-DADE,60000,8,45,1,LPI,Implement a Leading Pedestrian Interval (LPI),,LPI-02601,Potential Location,0.870000005,1,5408.8083328125,,,,,,,,,,,,,5408.8083328125,,6,87,87000765 = .147|87170000 = 4.818|87A06657 = .77,NE 163RD ST|NE 34TH AVE|SR-826,30750,87170000,87000765,Y,-80.13635342,25.92798512,10,,On-System / On-System,87170000,1405,LPI-02601,1,0.147,0.13699999999999998,0.157,NE 163RD ST,Off Corridor,,0,0,0,0,88.9,58.2,No Match - Angle Mismatch,,0
106470,231889,87170000,URBAN GENERAL,MIAMI,URBAN PRIN ART OTHER,DIVIDED,,SR  826,6,MIAMI-DADE,60000,8,45,1,LPI,Implement a Leading Pedestrian Interval (LPI),,LPI-02601,Potential Location,0.870000005,1,5408.8083328125,,,,,,,,,,,,,5408.8083328125,,6,87,87000765 = .147|87170000 = 4.818|87A06657 = .77,NE 163RD ST|NE 34TH AVE|SR-826,30750,87170000,87000765,Y,-80.13635342,25.92798512,10,,On-System / On-System,87170000,1405,LPI-02601,2,4.818,4.808,4.827999999999999,NE 34TH AVE,On Corridor,"452562-1, 458152-1",4,106,0.02,100,0.1,0.5,Verified Match,"452562-1, 458152-1",4
106500,231919,87000185,URBAN GENERAL,MIAMI,URBAN PRIN ART OTHER,DIVIDED,,SR  948,6,MIAMI-DADE,70500,6,40,1,LPI,Implement a Leading Pedestrian Interval (LPI),,LPI-00792,Potential Location,0.870000005,1,5408.8083328125,,,,,,,,,,,,,5408.8083328125,,6,87,87000185 = 1.773|87220000 = 1.157,NW 36TH ST|NW 67TH AVE,38350,87220000,87000185,Y,-80.30509,25.80741825,10,,On-System / On-System,87220000,1406,LPI-00792,1,1.773,1.763,1.783,NW 36TH ST,Off Corridor,,0,0,0,0,,,Unmatched,,0
106500,231919,87220000,URBAN GENERAL,MIAMI,URBAN PRIN ART OTHER,DIVIDED,,SR  948,6,MIAMI-DADE,70500,6,40,1,LPI,Implement a Leading Pedestrian Interval (LPI),,LPI-00792,Potential Location,0.870000005,1,5408.8083328125,,,,,,,,,,,,,5408.8083328125,,6,87,87000185 = 1.773|87220000 = 1.157,NW 36TH ST|NW 67TH AVE,38350,87220000,87000185,Y,-80.30509,25.80741825,10,,On-System / On-System,87220000,1406,LPI-00792,2,1.157,1.147,1.167,NW 67TH AVE,Off Corridor,,0,0,0,0,,,Unmatched,,0
106512,233982,87000175,URBAN GENERAL,MIAMI,URBAN MINOR ART,DIVIDED,,SR  944,6,MIAMI-DADE,25000,4,40,1,LPI,Implement a Leading Pedestrian Interval (LPI),,LPI-00327,Potential Location,0.870000005,1,5408.8083328125,,,,,,,,,,,,,5408.8083328125,,6,87,87000175 = .869|87250000 = 4.246,NW 10TH AVE|NW 54TH ST,12750,87250000,87000175,Y,-80.21219008,25.8247917,10,,On-System / On-System,87250000,1407,LPI-00327,1,0.869,0.859,0.879,NW 10TH AVE,Off Corridor,,0,0,0,0,,,Unmatched,,0
106512,233982,87250000,URBAN GENERAL,MIAMI,URBAN MINOR ART,DIVIDED,,SR  944,6,MIAMI-DADE,25000,4,40,1,LPI,Implement a Leading Pedestrian Interval (LPI),,LPI-00327,Potential Location,0.870000005,1,5408.8083328125,,,,,,,,,,,,,5408.8083328125,,6,87,87000175 = .869|87250000 = 4.246,NW 10TH AVE|NW 54TH ST,12750,87250000,87000175,Y,-80.21219008,25.8247917,10,,On-System / On-System,87250000,1407,LPI-00327,2,4.246,4.236000000000001,4.256,NW 54TH ST,Off Corridor,,0,0,0,0,,,Unmatched,,0
106575,230689,87170000,URBAN GENERAL,MIAMI,URBAN PRIN ART OTHER,DIVIDED,,SR  826,6,MIAMI-DADE,60000,8,45,1,LPI,Implement a Leading Pedestrian Interval (LPI),,LPI-01939,Potential Location,0.870000005,1,5408.8083328125,,,,,,,,,,,,,5408.8083328125,,6,87,87170000 = 4.503,NE 163RD ST,30750,87170000,87A38559,N,,,10,,On-System / Off-System,87170000,1408,LPI-01939,1,4.503,4.493,4.513,NE 163RD ST,On Corridor,"452562-1, 458152-1",4,105,0.02,100,0.9,0.4,Verified Match,"452562-1, 458152-1",4
106603,230689,87170000,URBAN GENERAL,MIAMI,URBAN PRIN ART OTHER,DIVIDED,,SR  826,6,MIAMI-DADE,60000,8,45,1,LPI,Implement a Leading Pedestrian Interval (LPI),,LPI-01938,Potential Location,0.870000005,1,5408.8083328125,,,,,,,,,,,,,5408.8083328125,,6,87,87170000 = 4.298|87A06657 = .26|87A11067 = .262,NE 163RD ST|NE 28TH AVE,30750,87170000,87A06657,Y,-80.14415016,25.92628038,10,,On-System / Off-System,87170000,1409,LPI-01938,1,4.298,4.288,4.308,NE 163RD ST,On Corridor,"452562-1, 458152-1",4,105,0.02,100,0,0.4,Verified Match,"452562-1, 458152-1",4
106704,237747,87250000,URBAN GENERAL,MIAMI,URBAN MINOR ART,DIVIDED,,SR  944,6,MIAMI-DADE,25000,4,40,1,LPI,Implement a Leading Pedestrian Interval (LPI),,LPI-00333,Potential Location,0.870000005,1,5408.8083328125,,,,,,,,,,,,,5408.8083328125,,6,87,87250000 = 1.193|87A04867 = .317|87A16557 = 0,E 10TH AVE|HIALEAH DR|SE 10TH AVE,10750,87250000,87A04867,Y,-80.26114,25.82329031,10,,On-System / Off-System,87250000,1410,LPI-00333,1,1.193,1.183,1.203,E 10TH AVE,Off Corridor,,0,0,0,0,,,Unmatched,,0
106787,238297,87028501,URBAN GENERAL,MIAMI,URBAN MINOR ART,DIVIDED,,SR  944,6,MIAMI-DADE,25000,4,40,1,LPI,Implement a Leading Pedestrian Interval (LPI),,LPI-00612,Potential Location,0.870000005,1,5408.8083328125,,,,,,,,,,,,,5408.8083328125,,6,87,87028501 = 2.835|87028502 = 0|87250000 = 3.474,NW 17TH AVE|NW 54TH ST,32000,87250000,87028501,Y,-80.22456256,25.8244399,10,,On-System / On-System,87250000,1411,LPI-00612,1,2.835,2.825,2.8449999999999998,NW 17TH AVE,Off Corridor,,0,0,0,0,89.8,26.3,No Match - Angle Mismatch,,0
106787,238297,87028502,URBAN GENERAL,MIAMI,URBAN MINOR ART,DIVIDED,,SR  944,6,MIAMI-DADE,25000,4,40,1,LPI,Implement a Leading Pedestrian Interval (LPI),,LPI-00612,Potential Location,0.870000005,1,5408.8083328125,,,,,,,,,,,,,5408.8083328125,,6,87,87028501 = 2.835|87028502 = 0|87250000 = 3.474,NW 17TH AVE|NW 54TH ST,32000,87250000,87028501,Y,-80.22456256,25.8244399,10,,On-System / On-System,87250000,1411,LPI-00612,2,0,0,0.01,NW 54TH ST,Off Corridor,,0,0,0,0,89.6,26.7,No Match - Angle Mismatch,,0
106787,238297,87250000,URBAN GENERAL,MIAMI,URBAN MINOR ART,DIVIDED,,SR  944,6,MIAMI-DADE,25000,4,40,1,LPI,Implement a Leading Pedestrian Interval (LPI),,LPI-00612,Potential Location,0.870000005,1,5408.8083328125,,,,,,,,,,,,,5408.8083328125,,6,87,87028501 = 2.835|87028502 = 0|87250000 = 3.474,NW 17TH AVE|NW 54TH ST,32000,87250000,87028501,Y,-80.22456256,25.8244399,10,,On-System / On-System,87250000,1411,LPI-00612,3,3.474,3.4640000000000004,3.484,,On Corridor,451049-1,5,105,0.02,100,0,0.2,Verified Match,451049-1,5
106820,234174,87000177,URBAN GENERAL,MIAMI,URBAN MINOR ART,DIVIDED,,SR  944,6,MIAMI-DADE,25000,4,40,1,LPI,Implement a Leading Pedestrian Interval (LPI),,LPI-00148,Potential Location,0.870000005,1,5408.8083328125,,,,,,,,,,,,,5408.8083328125,,6,87,87000177 = 1.022|87250000 = 1.451,NW 37TH AVE|NW 54TH ST,12150,87250000,87000177,Y,-80.25701069,25.82342996,10,,On-System / On-System,87250000,1412,LPI-00148,1,1.022,1.012,1.032,NW 37TH AVE,Off Corridor,,0,0,0,0,,,Unmatched,,0
106820,234174,87250000,URBAN GENERAL,MIAMI,URBAN MINOR ART,DIVIDED,,SR  944,6,MIAMI-DADE,25000,4,40,1,LPI,Implement a Leading Pedestrian Interval (LPI),,LPI-00148,Potential Location,0.870000005,1,5408.8083328125,,,,,,,,,,,,,5408.8083328125,,6,87,87000177 = 1.022|87250000 = 1.451,NW 37TH AVE|NW 54TH ST,12150,87250000,87000177,Y,-80.25701069,25.82342996,10,,On-System / On-System,87250000,1412,LPI-00148,2,1.451,1.441,1.461,NW 54TH ST,Off Corridor,,0,0,0,0,,,Unmatched,,0
106904,224719,87000338,URBAN GENERAL,MIAMI,URBAN PRIN ART OTHER,DIVIDED,,SR  924,6,MIAMI-DADE,44000,6,40,1,LPI,Implement a Leading Pedestrian Interval (LPI),,LPI-00634,Potential Location,0.870000005,1,5408.8083328125,,,,,,,,,,,,,5408.8083328125,,6,87,87000338 = 1.036|87052000 = 1.52,NW 119TH ST|NW 12TH AVE,28250,87052000,87000338,Y,-80.21863509,25.88343128,10,,On-System / On-System,87052000,1413,LPI-00634,1,1.036,1.026,1.046,NW 119TH ST,Off Corridor,,0,0,0,0,,,Unmatched,,0
106904,224719,87052000,URBAN GENERAL,MIAMI,URBAN PRIN ART OTHER,DIVIDED,,SR  924,6,MIAMI-DADE,44000,6,40,1,LPI,Implement a Leading Pedestrian Interval (LPI),,LPI-00634,Potential Location,0.870000005,1,5408.8083328125,,,,,,,,,,,,,5408.8083328125,,6,87,87000338 = 1.036|87052000 = 1.52,NW 119TH ST|NW 12TH AVE,28250,87052000,87000338,Y,-80.21863509,25.88343128,10,,On-System / On-System,87052000,1413,LPI-00634,2,1.52,1.51,1.53,NW 12TH AVE,Off Corridor,,0,0,0,0,,,Unmatched,,0
107060,228021,87000223,URBAN GENERAL,MIAMI,URBAN PRIN ART OTHER,DIVIDED,US    1,SR    5,6,MIAMI-DADE,37000,4,35,1,LPI,Implement a Leading Pedestrian Interval (LPI),,LPI-01287,Potential Location,0.870000005,1,5408.8083328125,,,,,,,,,,,,,5408.8083328125,,6,87,87000223 = .006|87030000 = 18.256|87A12884 = .026,BISCAYNE BLVD|NE 108TH ST,45475,87030000,87000223,Y,-80.17012019,25.87484292,10,,On-System / On-System,87030000,1414,LPI-01287,1,0.006,0,0.016,BISCAYNE BLVD,Off Corridor,,0,0,0,0,,,Unmatched,,0
107060,228021,87030000,URBAN GENERAL,MIAMI,URBAN PRIN ART OTHER,DIVIDED,US    1,SR    5,6,MIAMI-DADE,37000,4,35,1,LPI,Implement a Leading Pedestrian Interval (LPI),,LPI-01287,Potential Location,0.870000005,1,5408.8083328125,,,,,,,,,,,,,5408.8083328125,,6,87,87000223 = .006|87030000 = 18.256|87A12884 = .026,BISCAYNE BLVD|NE 108TH ST,45475,87030000,87000223,Y,-80.17012019,25.87484292,10,,On-System / On-System,87030000,1414,LPI-01287,2,18.256,18.246,18.266000000000002,NE 108TH ST,Off Corridor,,0,0,0,0,,,Unmatched,,0
107099,228030,87000516,URBAN GENERAL,MIAMI,URBAN PRIN ART OTHER,DIVIDED,US    1,SR    5,6,MIAMI-DADE,41500,4,35,1,LPI,Implement a Leading Pedestrian Interval (LPI),,LPI-02080,Potential Location,0.870000005,1,5408.8083328125,,,,,,,,,,,,,5408.8083328125,,6,87,87000516 = 0|87030000 = 15.097|87A14635 = 0,BISCAYNE BLVD|NE 62ND ST,18800,87030000,87000516,Y,-80.1840652,25.8333238,10,,On-System / On-System,87030000,1415,LPI-02080,1,0,0,0.01,BISCAYNE BLVD,Off Corridor,,0,0,0,0,89.6,26.9,No Match - Angle Mismatch,,0
107099,228030,87030000,URBAN GENERAL,MIAMI,URBAN PRIN ART OTHER,DIVIDED,US    1,SR    5,6,MIAMI-DADE,41500,4,35,1,LPI,Implement a Leading Pedestrian Interval (LPI),,LPI-02080,Potential Location,0.870000005,1,5408.8083328125,,,,,,,,,,,,,5408.8083328125,,6,87,87000516 = 0|87030000 = 15.097|87A14635 = 0,BISCAYNE BLVD|NE 62ND ST,18800,87030000,87000516,Y,-80.1840652,25.8333238,10,,On-System / On-System,87030000,1415,LPI-02080,2,15.097,15.087,15.107,NE 62ND ST,On Corridor,"445996-1, 447214-1",3,106,0.02,100,0.3,0.3,Verified Match,"445996-1, 447214-1",3
107103,228031,87030000,URBAN GENERAL,MIAMI,URBAN PRIN ART OTHER,DIVIDED,US    1,SR    5,6,MIAMI-DADE,48500,6,35,1,LPI,Implement a Leading Pedestrian Interval (LPI),,LPI-02081,Potential Location,0.870000005,1,5408.8083328125,,,,,,,,,,,,,5408.8083328125,,6,87,87030000 = 19.838|87A04315 = 0|87A04317 = .161,BISCAYNE BLVD|IXORA LN|NE 130TH ST,21750,87030000,87A04315,Y,-80.16164654,25.89633536,10,,On-System / Off-System,87030000,1416,LPI-02081,1,19.838,19.828,19.848000000000003,BISCAYNE BLVD,On Corridor,451123-1,5,106,0.02,100,0,0.4,Verified Match,451123-1,5
107114,227860,87000206,URBAN GENERAL,MIAMI,URBAN PRIN ART OTHER,DIVIDED,US    1,SR    5,6,MIAMI-DADE,37000,4,35,1,LPI,Implement a Leading Pedestrian Interval (LPI),,LPI-01514,Potential Location,0.870000005,1,5408.8083328125,,,,,,,,,,,,,5408.8083328125,,6,87,87000206 = .004|87030000 = 19.049,BISCAYNE BLVD|SANS SOUCI BLVD,23000,87030000,87000206,Y,-80.1649311,25.88526452,10,,On-System / On-System,87030000,1417,LPI-01514,1,0.004,0,0.014,BISCAYNE BLVD,Off Corridor,,0,0,0,0,,,Unmatched,,0
107114,227860,87030000,URBAN GENERAL,MIAMI,URBAN PRIN ART OTHER,DIVIDED,US    1,SR    5,6,MIAMI-DADE,37000,4,35,1,LPI,Implement a Leading Pedestrian Interval (LPI),,LPI-01514,Potential Location,0.870000005,1,5408.8083328125,,,,,,,,,,,,,5408.8083328125,,6,87,87000206 = .004|87030000 = 19.049,BISCAYNE BLVD|SANS SOUCI BLVD,23000,87030000,87000206,Y,-80.1649311,25.88526452,10,,On-System / On-System,87030000,1417,LPI-01514,2,19.049,19.038999999999998,19.059,SANS SOUCI BLVD,Off Corridor,,0,0,0,0,,,Unmatched,,0
107139,228411,87000199,URBAN GENERAL,MIAMI,URBAN PRIN ART OTHER,1WAY,,SR  934,6,MIAMI-DADE,19500,3,35,1,LPI,Implement a Leading Pedestrian Interval (LPI),,LPI-01416,Potential Location,0.870000005,1,5408.8083328125,,,,,,,,,,,,,5408.8083328125,,6,87,87000199 = 0|87080347 = .977|87A13781 = 0,BIARRITZ DR|NORMANDY DR,8750,87080347,87000199,Y,-80.1426611,25.85179413,10,,On-System / On-System,87080347,1418,LPI-01416,1,0,0,0.01,BIARRITZ DR,Off Corridor,,0,0,0,0,79,26.5,No Match - Angle Mismatch,,0
107139,228411,87080347,URBAN GENERAL,MIAMI,URBAN PRIN ART OTHER,1WAY,,SR  934,6,MIAMI-DADE,19500,3,35,1,LPI,Implement a Leading Pedestrian Interval (LPI),,LPI-01416,Potential Location,0.870000005,1,5408.8083328125,,,,,,,,,,,,,5408.8083328125,,6,87,87000199 = 0|87080347 = .977|87A13781 = 0,BIARRITZ DR|NORMANDY DR,8750,87080347,87000199,Y,-80.1426611,25.85179413,10,,On-System / On-System,87080347,1418,LPI-01416,2,0.977,0.967,0.987,NORMANDY DR,On Corridor,452557-1,3,105,0.02,100,1.6,0.4,Verified Match,452557-1,3
107355,231007,87170000,URBAN GENERAL,MIAMI,URBAN PRIN ART OTHER,DIVIDED,,SR  826,6,MIAMI-DADE,60000,8,45,1,LPI,Implement a Leading Pedestrian Interval (LPI),,LPI-01941,Potential Location,0.870000005,1,5408.8083328125,,,,,,,,,,,,,5408.8083328125,,6,87,87170000 = 4.1|87A06657 = .061|87A08216 = .019,NE 163RD ST|NE 26TH AVE,30750,87170000,87A06657,Y,-80.14734473,25.92615983,10,,On-System / Off-System,87170000,1419,LPI-01941,1,4.1,4.09,4.109999999999999,NE 163RD ST,On Corridor,"452562-1, 458152-1, 449270-1",5,105,0.02,100,0,0.4,Verified Match,"452562-1, 458152-1, 449270-1",5
107371,231010,87000297,URBAN GENERAL,MIAMI,URBAN PRIN ART OTHER,DIVIDED,,SR  826,6,MIAMI-DADE,55500,6,35,1,LPI,Implement a Leading Pedestrian Interval (LPI),,LPI-02602,Potential Location,0.870000005,1,5408.8083328125,,,,,,,,,,,,,5408.8083328125,,6,87,87000297 = .004|87170000 = 2.686|87A11155 = .472,NE 15TH AVE|NE 163RD ST,34900,87170000,87000297,Y,-80.17004502,25.92566525,10,,On-System / On-System,87170000,1420,LPI-02602,1,0.004,0,0.014,NE 15TH AVE,Off Corridor,,0,0,0,0,89.5,58.5,No Match - Angle Mismatch,,0
107371,231010,87170000,URBAN GENERAL,MIAMI,URBAN PRIN ART OTHER,DIVIDED,,SR  826,6,MIAMI-DADE,55500,6,35,1,LPI,Implement a Leading Pedestrian Interval (LPI),,LPI-02602,Potential Location,0.870000005,1,5408.8083328125,,,,,,,,,,,,,5408.8083328125,,6,87,87000297 = .004|87170000 = 2.686|87A11155 = .472,NE 15TH AVE|NE 163RD ST,34900,87170000,87000297,Y,-80.17004502,25.92566525,10,,On-System / On-System,87170000,1420,LPI-02602,2,2.686,2.676,2.6959999999999997,NE 163RD ST,On Corridor,452561-1,4,105,0.02,100,0,0.3,Verified Match,452561-1,4
107389,235762,87000192,URBAN GENERAL,MIAMI,URBAN MINOR ART,DIVIDED,,SR  944,6,MIAMI-DADE,22000,4,40,1,LPI,Implement a Leading Pedestrian Interval (LPI),,LPI-00158,Potential Location,0.870000005,1,5408.8083328125,,,,,,,,,,,,,5408.8083328125,,6,87,87000192 = .393|87250000 = .431,E 4TH AVE|HIALEAH DR|SE 4TH AVE,29350,87250000,87000192,Y,-80.27331,25.8229311,10,,On-System / On-System,87250000,1421,LPI-00158,1,0.393,0.383,0.403,E 4TH AVE,Off Corridor,,0,0,0,0,,,Unmatched,,0
107389,235762,87250000,URBAN GENERAL,MIAMI,URBAN MINOR ART,DIVIDED,,SR  944,6,MIAMI-DADE,22000,4,40,1,LPI,Implement a Leading Pedestrian Interval (LPI),,LPI-00158,Potential Location,0.870000005,1,5408.8083328125,,,,,,,,,,,,,5408.8083328125,,6,87,87000192 = .393|87250000 = .431,E 4TH AVE|HIALEAH DR|SE 4TH AVE,29350,87250000,87000192,Y,-80.27331,25.8229311,10,,On-System / On-System,87250000,1421,LPI-00158,2,0.431,0.421,0.441,HIALEAH DR,Off Corridor,,0,0,0,0,,,Unmatched,,0
107518,228221,87000232,URBAN GENERAL,MIAMI,URBAN PRIN ART OTHER,DIVIDED,,SR  826,6,MIAMI-DADE,55500,6,35,1,LPI,Implement a Leading Pedestrian Interval (LPI),,LPI-01796,Potential Location,0.870000005,1,5408.8083328125,,,,,,,,,,,,,5408.8083328125,,6,87,87000232 = .762|87170000 = 3.062|87A29506 = .014,NE 163RD ST|NE 18TH AVE,53000,87170000,87000232,Y,-80.16400121,25.92603426,10,,On-System / On-System,87170000,1422,LPI-01796,1,0.762,0.752,0.772,NE 163RD ST,Off Corridor,,0,0,0,0,89.2,20,No Match - Angle Mismatch,,0
107518,228221,87170000,URBAN GENERAL,MIAMI,URBAN PRIN ART OTHER,DIVIDED,,SR  826,6,MIAMI-DADE,55500,6,35,1,LPI,Implement a Leading Pedestrian Interval (LPI),,LPI-01796,Potential Location,0.870000005,1,5408.8083328125,,,,,,,,,,,,,5408.8083328125,,6,87,87000232 = .762|87170000 = 3.062|87A29506 = .014,NE 163RD ST|NE 18TH AVE,53000,87170000,87000232,Y,-80.16400121,25.92603426,10,,On-System / On-System,87170000,1422,LPI-01796,2,3.062,3.052,3.0719999999999996,NE 18TH AVE,On Corridor,452561-1,4,105,0.02,100,0,0.3,Verified Match,452561-1,4
107655,235787,87000176,URBAN GENERAL,MIAMI,URBAN MINOR ART,DIVIDED,,SR  944,6,MIAMI-DADE,25000,4,40,1,LPI,Implement a Leading Pedestrian Interval (LPI),,LPI-00337,Potential Location,0.870000005,1,5408.8083328125,,,,,,,,,,,,,5408.8083328125,,6,87,87000176 = .802|87250000 = 3.994,NW 12TH AVE|NW 54TH ST,16900,87250000,87000176,Y,-80.2162282,25.82467006,10,,On-System / On-System,87250000,1423,LPI-00337,1,0.802,0.792,0.812,NW 12TH AVE,Off Corridor,,0,0,0,0,89.5,4,No Match - Angle Mismatch,,0
107655,235787,87250000,URBAN GENERAL,MIAMI,URBAN MINOR ART,DIVIDED,,SR  944,6,MIAMI-DADE,25000,4,40,1,LPI,Implement a Leading Pedestrian Interval (LPI),,LPI-00337,Potential Location,0.870000005,1,5408.8083328125,,,,,,,,,,,,,5408.8083328125,,6,87,87000176 = .802|87250000 = 3.994,NW 12TH AVE|NW 54TH ST,16900,87250000,87000176,Y,-80.2162282,25.82467006,10,,On-System / On-System,87250000,1423,LPI-00337,2,3.994,3.9840000000000004,4.0040000000000004,NW 54TH ST,On Corridor,451049-1,5,105,0.02,100,2,0.3,Verified Match,451049-1,5
107667,231192,87032504,URBAN GENERAL,MIAMI,URBAN PRIN ART OTHER,DIVIDED,,SR  826,6,MIAMI-DADE,57500,6,35,1,LPI,Implement a Leading Pedestrian Interval (LPI),,LPI-02603,Potential Location,0.870000005,1,5408.8083328125,,,,,,,,,,,,,5408.8083328125,,6,87,87032504 = 1.22|87170000 = .732|87A10840 = 0,N MIAMI AVE|NE 167TH ST|NW 167TH ST,33300,87170000,87032504,Y,-80.20034039,25.92808755,10,,On-System / On-System,87170000,1424,LPI-02603,1,1.22,1.21,1.23,N MIAMI AVE,Off Corridor,,0,0,0,0,89.8,15.1,No Match - Angle Mismatch,,0
107667,231192,87170000,URBAN GENERAL,MIAMI,URBAN PRIN ART OTHER,DIVIDED,,SR  826,6,MIAMI-DADE,57500,6,35,1,LPI,Implement a Leading Pedestrian Interval (LPI),,LPI-02603,Potential Location,0.870000005,1,5408.8083328125,,,,,,,,,,,,,5408.8083328125,,6,87,87032504 = 1.22|87170000 = .732|87A10840 = 0,N MIAMI AVE|NE 167TH ST|NW 167TH ST,33300,87170000,87032504,Y,-80.20034039,25.92808755,10,,On-System / On-System,87170000,1424,LPI-02603,2,0.732,0.722,0.742,NE 167TH ST,On Corridor,"452561-1, 458153-1",5,105,0.02,100,0,0.3,Verified Match,"452561-1, 458153-1",5
107758,236336,87190500,URBAN GENERAL,MIAMI,URBAN MINOR ART,DIVIDED,,SR  944,6,MIAMI-DADE,21000,4,40,1,LPI,Implement a Leading Pedestrian Interval (LPI),,LPI-00340,Potential Location,0.870000005,1,5408.8083328125,,,,,,,,,,,,,5408.8083328125,,6,87,87190500 = 0|87250000 = 5.513|87550500 = 0,NE 2ND AVE|NE 54TH ST,15450,87250000,87550500,Y,-80.1918802,25.82538607,10,,On-System / On-System,87250000,1425,LPI-00340,1,0,0,0.01,NE 2ND AVE,Off Corridor,,0,0,0,0,,,Unmatched,,0
107758,236336,87250000,URBAN GENERAL,MIAMI,URBAN MINOR ART,DIVIDED,,SR  944,6,MIAMI-DADE,21000,4,40,1,LPI,Implement a Leading Pedestrian Interval (LPI),,LPI-00340,Potential Location,0.870000005,1,5408.8083328125,,,,,,,,,,,,,5408.8083328125,,6,87,87190500 = 0|87250000 = 5.513|87550500 = 0,NE 2ND AVE|NE 54TH ST,15450,87250000,87550500,Y,-80.1918802,25.82538607,10,,On-System / On-System,87250000,1425,LPI-00340,2,5.513,5.503,5.523,NE 54TH ST,Off Corridor,,0,0,0,0,,,Unmatched,,0
107758,236336,87550500,URBAN GENERAL,MIAMI,URBAN MINOR ART,DIVIDED,,SR  944,6,MIAMI-DADE,21000,4,40,1,LPI,Implement a Leading Pedestrian Interval (LPI),,LPI-00340,Potential Location,0.870000005,1,5408.8083328125,,,,,,,,,,,,,5408.8083328125,,6,87,87190500 = 0|87250000 = 5.513|87550500 = 0,NE 2ND AVE|NE 54TH ST,15450,87250000,87550500,Y,-80.1918802,25.82538607,10,,On-System / On-System,87250000,1425,LPI-00340,3,0,0,0.01,,Off Corridor,,0,0,0,0,,,Unmatched,,0
107792,236427,87050500,URBAN GENERAL,MIAMI,URBAN MINOR ART,NOT DIVIDED,,SR  944,6,MIAMI-DADE,21000,4,40,1,LPI,Implement a Leading Pedestrian Interval (LPI),,LPI-00602,Potential Location,0.870000005,1,5408.8083328125,,,,,,,,,,,,,5408.8083328125,,6,87,87050500 = .986|87250000 = 5.793|87A14821 = 0,N FEDERAL HWY|NE 54TH ST,6550,87250000,87050500,Y,-80.18737446,25.82549,10,,On-System / On-System,87250000,1426,LPI-00602,1,0.986,0.976,0.996,N FEDERAL HWY,Off Corridor,,0,0,0,0,13.9,179.8,No Match - Low Overlap,,0
107792,236427,87250000,URBAN GENERAL,MIAMI,URBAN MINOR ART,NOT DIVIDED,,SR  944,6,MIAMI-DADE,21000,4,40,1,LPI,Implement a Leading Pedestrian Interval (LPI),,LPI-00602,Potential Location,0.870000005,1,5408.8083328125,,,,,,,,,,,,,5408.8083328125,,6,87,87050500 = .986|87250000 = 5.793|87A14821 = 0,N FEDERAL HWY|NE 54TH ST,6550,87250000,87050500,Y,-80.18737446,25.82549,10,,On-System / On-System,87250000,1426,LPI-00602,2,5.793,5.783,5.803,NE 54TH ST,Off Corridor,,0,0,0,0,89.3,171.9,No Match - Angle Mismatch,,0
107986,231777,87000341,URBAN GENERAL,MIAMI,URBAN PRIN ART OTHER,DIVIDED,,SR  948,6,MIAMI-DADE,45500,6,40,1,LPI,Implement a Leading Pedestrian Interval (LPI),,LPI-00580,Potential Location,0.870000005,1,5408.8083328125,,,,,,,,,,,,,5408.8083328125,,6,87,87000341 = .004|87220000 = 3.191,EAST DR|NW 36TH ST,29100,87220000,87000341,Y,-80.27268,25.8082102,10,,On-System / On-System,87220000,1427,LPI-00580,1,0.004,0,0.014,EAST DR,Off Corridor,,0,0,0,0,,,Unmatched,,0
107986,231777,87220000,URBAN GENERAL,MIAMI,URBAN PRIN ART OTHER,DIVIDED,,SR  948,6,MIAMI-DADE,45500,6,40,1,LPI,Implement a Leading Pedestrian Interval (LPI),,LPI-00580,Potential Location,0.870000005,1,5408.8083328125,,,,,,,,,,,,,5408.8083328125,,6,87,87000341 = .004|87220000 = 3.191,EAST DR|NW 36TH ST,29100,87220000,87000341,Y,-80.27268,25.8082102,10,,On-System / On-System,87220000,1427,LPI-00580,2,3.191,3.181,3.2009999999999996,NW 36TH ST,Off Corridor,,0,0,0,0,,,Unmatched,,0
108556,247504,90000533,URBAN GENERAL,KEY WEST,URBAN PRIN ART OTHER,DIVIDED,US    1,SR    5,6,MONROE,26000,4,45,1,LPI,Implement a Leading Pedestrian Interval (LPI),,LPI-00933,Potential Location,0.870000005,1,5408.8083328125,,,,,,,,,,,,,5408.8083328125,,6,90,90000533 = 1.156|90020000 = .067,FLORIDA KEYS OVERSEAS HERITAGE TRL|MACDONALD AVE|OVERSEAS HWY,17550,90020000,90000533,Y,-81.74253192,24.57295623,10,,On-System / On-System,90020000,1428,LPI-00933,1,1.156,1.146,1.166,FLORIDA KEYS OVERSEAS HERITAGE TRL,Off Corridor,,0,0,0,0,48.1,40.1,No Match - Angle Mismatch,,0
108556,247504,90020000,URBAN GENERAL,KEY WEST,URBAN PRIN ART OTHER,DIVIDED,US    1,SR    5,6,MONROE,26000,4,45,1,LPI,Implement a Leading Pedestrian Interval (LPI),,LPI-00933,Potential Location,0.870000005,1,5408.8083328125,,,,,,,,,,,,,5408.8083328125,,6,90,90000533 = 1.156|90020000 = .067,FLORIDA KEYS OVERSEAS HERITAGE TRL|MACDONALD AVE|OVERSEAS HWY,17550,90020000,90000533,Y,-81.74253192,24.57295623,10,,On-System / On-System,90020000,1428,LPI-00933,2,0.067,0.057,0.077,MACDONALD AVE,On Corridor,433891-4,1,105,0.02,100,0,0.3,Verified Match,433891-4,1
109247,232515,87028502,URBAN GENERAL,MIAMI,URBAN MINOR ART,DIVIDED,,SR  934,6,MIAMI-DADE,36500,6,40,1,LPI,Implement a Leading Pedestrian Interval (LPI),,LPI-00587,Potential Location,0.870000005,1,5408.8083328125,,,,,,,,,,,,,5408.8083328125,,6,87,87028502 = 1.52|87028503 = .006|87080900 = 37.485,NW 17TH AVE|NW 79TH ST,36500,87080900,87028502,Y,-80.22538,25.84654045,10,,On-System / On-System,87080900,1429,LPI-00587,1,1.52,1.51,1.53,NW 17TH AVE,Off Corridor,,0,0,0,0,89,20.9,No Match - Angle Mismatch,,0
109247,232515,87028503,URBAN GENERAL,MIAMI,URBAN MINOR ART,DIVIDED,,SR  934,6,MIAMI-DADE,36500,6,40,1,LPI,Implement a Leading Pedestrian Interval (LPI),,LPI-00587,Potential Location,0.870000005,1,5408.8083328125,,,,,,,,,,,,,5408.8083328125,,6,87,87028502 = 1.52|87028503 = .006|87080900 = 37.485,NW 17TH AVE|NW 79TH ST,36500,87080900,87028502,Y,-80.22538,25.84654045,10,,On-System / On-System,87080900,1429,LPI-00587,2,0.006,0,0.016,NW 79TH ST,Off Corridor,,0,0,0,0,89.8,63.8,No Match - Angle Mismatch,,0
109247,232515,87080900,URBAN GENERAL,MIAMI,URBAN MINOR ART,DIVIDED,,SR  934,6,MIAMI-DADE,36500,6,40,1,LPI,Implement a Leading Pedestrian Interval (LPI),,LPI-00587,Potential Location,0.870000005,1,5408.8083328125,,,,,,,,,,,,,5408.8083328125,,6,87,87028502 = 1.52|87028503 = .006|87080900 = 37.485,NW 17TH AVE|NW 79TH ST,36500,87080900,87028502,Y,-80.22538,25.84654045,10,,On-System / On-System,87080900,1429,LPI-00587,3,37.485,37.475,37.495,,On Corridor,"410646-5, 410646-7",7,105,0.02,100,0,0.2,Verified Match,"410646-5, 410646-7",7
109548,232310,87000177,URBAN GENERAL,MIAMI,URBAN MINOR ART,DIVIDED,,SR  934,6,MIAMI-DADE,32500,4,40,1,LPI,Implement a Leading Pedestrian Interval (LPI),,LPI-01983,Potential Location,0.870000005,1,5408.8083328125,,,,,,,,,,,,,5408.8083328125,,6,87,87000177 = 2.539|87080900 = 35.446|87A02706 = 0,E 12TH AVE|E 25TH ST|NW 79TH ST,28900,87080900,87000177,Y,-80.25807,25.84552285,10,,On-System / On-System,87080900,1430,LPI-01983,1,2.539,2.5290000000000004,2.549,E 12TH AVE,Off Corridor,,0,0,0,0,,,Unmatched,,0
109548,232310,87080900,URBAN GENERAL,MIAMI,URBAN MINOR ART,DIVIDED,,SR  934,6,MIAMI-DADE,32500,4,40,1,LPI,Implement a Leading Pedestrian Interval (LPI),,LPI-01983,Potential Location,0.870000005,1,5408.8083328125,,,,,,,,,,,,,5408.8083328125,,6,87,87000177 = 2.539|87080900 = 35.446|87A02706 = 0,E 12TH AVE|E 25TH ST|NW 79TH ST,28900,87080900,87000177,Y,-80.25807,25.84552285,10,,On-System / On-System,87080900,1430,LPI-01983,2,35.446,35.436,35.455999999999996,E 25TH ST,Off Corridor,,0,0,0,0,,,Unmatched,,0
109604,232321,87053500,URBAN GENERAL,MIAMI,URBAN MINOR ART,DIVIDED,,SR  985,6,MIAMI-DADE,60000,6,40,1,LPI,Implement a Leading Pedestrian Interval (LPI),,LPI-01527,Potential Location,0.870000005,1,5408.8083328125,,,,,,,,,,,,,5408.8083328125,,6,87,87053500 = .004|87053501 = 1.009|87072000 = 6.67,NW 107TH AVE|SW 107TH AVE|W FLAGLER ST,79000,87072000,87053500,Y,-80.3690553,25.76851891,10,,On-System / On-System,87072000,1431,LPI-01527,1,0.004,0,0.014,NW 107TH AVE,On Corridor,437782-3,1,74,0.01,100,0.1,0.1,Verified Parallel Fallback,437782-3,1
109604,232321,87053501,URBAN GENERAL,MIAMI,URBAN MINOR ART,DIVIDED,,SR  985,6,MIAMI-DADE,60000,6,40,1,LPI,Implement a Leading Pedestrian Interval (LPI),,LPI-01527,Potential Location,0.870000005,1,5408.8083328125,,,,,,,,,,,,,5408.8083328125,,6,87,87053500 = .004|87053501 = 1.009|87072000 = 6.67,NW 107TH AVE|SW 107TH AVE|W FLAGLER ST,79000,87072000,87053500,Y,-80.3690553,25.76851891,10,,On-System / On-System,87072000,1431,LPI-01527,2,1.009,0.9989999999999999,1.019,SW 107TH AVE,On Corridor,437782-3,2,100,0.02,100,0,0.1,Verified Match,437782-3,2
109604,232321,87072000,URBAN GENERAL,MIAMI,URBAN MINOR ART,DIVIDED,,SR  985,6,MIAMI-DADE,60000,6,40,1,LPI,Implement a Leading Pedestrian Interval (LPI),,LPI-01527,Potential Location,0.870000005,1,5408.8083328125,,,,,,,,,,,,,5408.8083328125,,6,87,87053500 = .004|87053501 = 1.009|87072000 = 6.67,NW 107TH AVE|SW 107TH AVE|W FLAGLER ST,79000,87072000,87053500,Y,-80.3690553,25.76851891,10,,On-System / On-System,87072000,1431,LPI-01527,3,6.67,6.66,6.68,W FLAGLER ST,On Corridor,437782-3,1,106,0.02,100,0.7,21.1,Verified Match,437782-3,1
109633,238148,87000226,URBAN GENERAL,MIAMI,URBAN PRIN ART OTHER,DIVIDED,,SR    9,6,MIAMI-DADE,55500,6,45,1,LPI,Implement a Leading Pedestrian Interval (LPI),,LPI-00401,Potential Location,0.870000005,1,5408.8083328125,,,,,,,,,,,,,5408.8083328125,,6,87,87000226 = .007|87008001 = 2.578|87240000 = 10.91,NW 27TH AVE|OPA LOCKA BLVD,30000,87240000,87008001,Y,-80.24364067,25.89806916,10,,On-System / On-System,87240000,1432,LPI-00401,1,0.007,0,0.017,NW 27TH AVE,Off Corridor,,0,0,0,0,50.7,75.1,No Match - Angle Mismatch,,0
109633,238148,87008001,URBAN GENERAL,MIAMI,URBAN PRIN ART OTHER,DIVIDED,,SR    9,6,MIAMI-DADE,55500,6,45,1,LPI,Implement a Leading Pedestrian Interval (LPI),,LPI-00401,Potential Location,0.870000005,1,5408.8083328125,,,,,,,,,,,,,5408.8083328125,,6,87,87000226 = .007|87008001 = 2.578|87240000 = 10.91,NW 27TH AVE|OPA LOCKA BLVD,30000,87240000,87008001,Y,-80.24364067,25.89806916,10,,On-System / On-System,87240000,1432,LPI-00401,2,2.578,2.568,2.5879999999999996,OPA LOCKA BLVD,Off Corridor,,0,0,0,0,89.1,18.3,No Match - Angle Mismatch,,0
109633,238148,87240000,URBAN GENERAL,MIAMI,URBAN PRIN ART OTHER,DIVIDED,,SR    9,6,MIAMI-DADE,55500,6,45,1,LPI,Implement a Leading Pedestrian Interval (LPI),,LPI-00401,Potential Location,0.870000005,1,5408.8083328125,,,,,,,,,,,,,5408.8083328125,,6,87,87000226 = .007|87008001 = 2.578|87240000 = 10.91,NW 27TH AVE|OPA LOCKA BLVD,30000,87240000,87008001,Y,-80.24364067,25.89806916,10,,On-System / On-System,87240000,1432,LPI-00401,3,10.91,10.9,10.92,,On Corridor,438076-1,4,106,0.02,100,0,0.3,Verified Match,438076-1,4
109640,238162,87000461,URBAN GENERAL,MIAMI,URBAN PRIN ART OTHER,DIVIDED,,SR    9,6,MIAMI-DADE,36500,4,40,1,LPI,Implement a Leading Pedestrian Interval (LPI),,LPI-00920,Potential Location,0.870000005,1,5408.8083328125,,,,,,,,,,,,,5408.8083328125,,6,87,87000461 = 1.01|87240000 = 1.23,SW 16TH ST|SW 27TH AVE,23550,87240000,87000461,Y,-80.23854083,25.75777,10,,On-System / On-System,87240000,1433,LPI-00920,1,1.01,1,1.02,SW 16TH ST,Off Corridor,,0,0,0,0,,,Unmatched,,0
109640,238162,87240000,URBAN GENERAL,MIAMI,URBAN PRIN ART OTHER,DIVIDED,,SR    9,6,MIAMI-DADE,36500,4,40,1,LPI,Implement a Leading Pedestrian Interval (LPI),,LPI-00920,Potential Location,0.870000005,1,5408.8083328125,,,,,,,,,,,,,5408.8083328125,,6,87,87000461 = 1.01|87240000 = 1.23,SW 16TH ST|SW 27TH AVE,23550,87240000,87000461,Y,-80.23854083,25.75777,10,,On-System / On-System,87240000,1433,LPI-00920,2,1.23,1.22,1.24,SW 27TH AVE,Off Corridor,,0,0,0,0,,,Unmatched,,0
109657,228679,87190000,URBAN GENERAL,MIAMI,URBAN MINOR ART,DIVIDED,,SR  909,6,MIAMI-DADE,23500,4,40,1,LPI,Implement a Leading Pedestrian Interval (LPI),,LPI-01419,Potential Location,0.870000005,1,5408.8083328125,,,,,,,,,,,,,5408.8083328125,,6,87,87190000 = 2.106|87A01067 = 1.312|87A11692 = 1.25,NE 143RD ST|NE 14TH AVE|W DIXIE HWY,9250,87190000,87A01067,Y,-80.17116061,25.90731998,10,,On-System / Off-System,87190000,1434,LPI-01419,1,2.106,2.096,2.1159999999999997,NE 143RD ST,On Corridor,440179-1,1,106,0.02,100,0.1,0.5,Verified Match,440179-1,1
109664,228679,87000220,URBAN GENERAL,MIAMI,URBAN MINOR ART,DIVIDED,,SR  909,6,MIAMI-DADE,23500,4,40,1,LPI,Implement a Leading Pedestrian Interval (LPI),,LPI-01420,Potential Location,0.870000005,1,5408.8083328125,,,,,,,,,,,,,5408.8083328125,,6,87,87000220 = 1.968|87190000 = 2.456|87A11598 = 1.079,NE 147TH ST|NE 16TH AVE|W DIXIE HWY,12450,87190000,87000220,Y,-80.16731996,25.91102956,10,,On-System / On-System,87190000,1435,LPI-01420,1,1.968,1.958,1.978,NE 147TH ST,Off Corridor,,0,0,0,0,45.6,6,No Match - Angle Mismatch,,0
109664,228679,87190000,URBAN GENERAL,MIAMI,URBAN MINOR ART,DIVIDED,,SR  909,6,MIAMI-DADE,23500,4,40,1,LPI,Implement a Leading Pedestrian Interval (LPI),,LPI-01420,Potential Location,0.870000005,1,5408.8083328125,,,,,,,,,,,,,5408.8083328125,,6,87,87000220 = 1.968|87190000 = 2.456|87A11598 = 1.079,NE 147TH ST|NE 16TH AVE|W DIXIE HWY,12450,87190000,87000220,Y,-80.16731996,25.91102956,10,,On-System / On-System,87190000,1435,LPI-01420,2,2.456,2.446,2.4659999999999997,NE 16TH AVE,On Corridor,440179-1,1,106,0.02,100,0,0.5,Verified Match,440179-1,1
109743,228073,87000119,URBAN GENERAL,MIAMI,URBAN PRIN ART OTHER,DIVIDED,,SR  976,6,MIAMI-DADE,51500,6,40,1,LPI,Implement a Leading Pedestrian Interval (LPI),,LPI-01554,Potential Location,0.870000005,1,5408.8083328125,,,,,,,,,,,,,5408.8083328125,,6,87,87000119 = 2.226|87044000 = 5.715|87A18955 = 0,SW 40TH ST|SW 62ND AVE,25450,87044000,87000119,Y,-80.29468513,25.7337269,10,,On-System / On-System,87044000,1436,LPI-01554,1,2.226,2.216,2.2359999999999998,SW 40TH ST,Off Corridor,,0,0,0,0,,,Unmatched,,0
109743,228073,87044000,URBAN GENERAL,MIAMI,URBAN PRIN ART OTHER,DIVIDED,,SR  976,6,MIAMI-DADE,51500,6,40,1,LPI,Implement a Leading Pedestrian Interval (LPI),,LPI-01554,Potential Location,0.870000005,1,5408.8083328125,,,,,,,,,,,,,5408.8083328125,,6,87,87000119 = 2.226|87044000 = 5.715|87A18955 = 0,SW 40TH ST|SW 62ND AVE,25450,87044000,87000119,Y,-80.29468513,25.7337269,10,,On-System / On-System,87044000,1436,LPI-01554,2,5.715,5.705,5.725,SW 62ND AVE,Off Corridor,,0,0,0,0,,,Unmatched,,0
109814,232425,87000479,URBAN GENERAL,MIAMI,URBAN MINOR ART,DIVIDED,,SR  985,6,MIAMI-DADE,24500,4,40,1,LPI,Implement a Leading Pedestrian Interval (LPI),,LPI-01987,Potential Location,0.870000005,1,5408.8083328125,,,,,,,,,,,,,5408.8083328125,,6,87,87000479 = 0|87000703 = .5|87072000 = 2.516,SW 107TH AVE|SW 64TH ST,13600,87072000,87000703,Y,-80.36654253,25.70825986,10,,On-System / On-System,87072000,1437,LPI-01987,1,0,0,0.01,SW 107TH AVE,Off Corridor,,0,0,0,0,89.8,26.2,No Match - Angle Mismatch,,0
109814,232425,87000703,URBAN GENERAL,MIAMI,URBAN MINOR ART,DIVIDED,,SR  985,6,MIAMI-DADE,24500,4,40,1,LPI,Implement a Leading Pedestrian Interval (LPI),,LPI-01987,Potential Location,0.870000005,1,5408.8083328125,,,,,,,,,,,,,5408.8083328125,,6,87,87000479 = 0|87000703 = .5|87072000 = 2.516,SW 107TH AVE|SW 64TH ST,13600,87072000,87000703,Y,-80.36654253,25.70825986,10,,On-System / On-System,87072000,1437,LPI-01987,2,0.5,0.49,0.51,SW 64TH ST,Off Corridor,,0,0,0,0,89.5,26.6,No Match - Angle Mismatch,,0
109814,232425,87072000,URBAN GENERAL,MIAMI,URBAN MINOR ART,DIVIDED,,SR  985,6,MIAMI-DADE,24500,4,40,1,LPI,Implement a Leading Pedestrian Interval (LPI),,LPI-01987,Potential Location,0.870000005,1,5408.8083328125,,,,,,,,,,,,,5408.8083328125,,6,87,87000479 = 0|87000703 = .5|87072000 = 2.516,SW 107TH AVE|SW 64TH ST,13600,87072000,87000703,Y,-80.36654253,25.70825986,10,,On-System / On-System,87072000,1437,LPI-01987,3,2.516,2.5060000000000002,2.526,,On Corridor,449948-1,2,106,0.02,100,0,0.2,Verified Match,449948-1,2
109834,228267,87000969,URBAN GENERAL,MIAMI,URBAN MINOR COLLECTOR,DIVIDED,,SR  909,6,MIAMI-DADE,23500,3,40,1,LPI,Implement a Leading Pedestrian Interval (LPI),,LPI-02524,Potential Location,0.870000005,1,5408.8083328125,,,,,,,,,,,,,5408.8083328125,,6,87,87000969 = 0|87190000 = .367|87A04797 = .13,NE 123RD ST|W DIXIE HWY,13600,87190000,87000969,Y,-80.18925952,25.88832001,10,,On-System / On-System,87190000,1438,LPI-02524,1,0,0,0.01,NE 123RD ST,Off Corridor,,0,0,0,0,,,Unmatched,,0
109834,228267,87190000,URBAN GENERAL,MIAMI,URBAN MINOR COLLECTOR,DIVIDED,,SR  909,6,MIAMI-DADE,23500,3,40,1,LPI,Implement a Leading Pedestrian Interval (LPI),,LPI-02524,Potential Location,0.870000005,1,5408.8083328125,,,,,,,,,,,,,5408.8083328125,,6,87,87000969 = 0|87190000 = .367|87A04797 = .13,NE 123RD ST|W DIXIE HWY,13600,87190000,87000969,Y,-80.18925952,25.88832001,10,,On-System / On-System,87190000,1438,LPI-02524,2,0.367,0.357,0.377,W DIXIE HWY,Off Corridor,,0,0,0,0,,,Unmatched,,0
109845,228291,87032502,URBAN GENERAL,MIAMI,URBAN PRIN ART OTHER,1WAY,,SR  934,6,MIAMI-DADE,19500,2,40,1,LPI,Implement a Leading Pedestrian Interval (LPI),,LPI-01943,Potential Location,0.870000005,1,5408.8083328125,,,,,,,,,,,,,5408.8083328125,,6,87,87032502 = .156|87080001 = 1.551,N MIAMI AVE|NE 82ND ST|NW 82ND ST,16650,87080001,87032502,Y,-80.19694961,25.84970038,10,,On-System / On-System,87080001,1439,LPI-01943,1,0.156,0.146,0.166,N MIAMI AVE,Off Corridor,,0,0,0,0,89.9,2.5,No Match - Angle Mismatch,,0
109845,228291,87080001,URBAN GENERAL,MIAMI,URBAN PRIN ART OTHER,1WAY,,SR  934,6,MIAMI-DADE,19500,2,40,1,LPI,Implement a Leading Pedestrian Interval (LPI),,LPI-01943,Potential Location,0.870000005,1,5408.8083328125,,,,,,,,,,,,,5408.8083328125,,6,87,87032502 = .156|87080001 = 1.551,N MIAMI AVE|NE 82ND ST|NW 82ND ST,16650,87080001,87032502,Y,-80.19694961,25.84970038,10,,On-System / On-System,87080001,1439,LPI-01943,2,1.551,1.541,1.561,NE 82ND ST,On Corridor,410646-6,4,105,0.02,100,1.7,0.3,Verified Match,410646-6,4
109898,232603,87000232,URBAN GENERAL,MIAMI,URBAN MINOR ART,DIVIDED,,SR  909,6,MIAMI-DADE,23500,4,40,1,LPI,Implement a Leading Pedestrian Interval (LPI),,LPI-01980,Potential Location,0.870000005,1,5408.8083328125,,,,,,,,,,,,,5408.8083328125,,6,87,87000232 = 0|87000251 = 1.003|87190000 = 2.807|87A32449 = .492,NE 151ST ST|NE 18TH AVE|W DIXIE HWY,17875,87190000,87000251,Y,-80.16345792,25.91476009,10,,On-System / On-System,87190000,1440,LPI-01980,1,0,0,0.01,NE 151ST ST,Off Corridor,,0,0,0,0,52.8,21.7,No Match - Angle Mismatch,,0
109898,232603,87000251,URBAN GENERAL,MIAMI,URBAN MINOR ART,DIVIDED,,SR  909,6,MIAMI-DADE,23500,4,40,1,LPI,Implement a Leading Pedestrian Interval (LPI),,LPI-01980,Potential Location,0.870000005,1,5408.8083328125,,,,,,,,,,,,,5408.8083328125,,6,87,87000232 = 0|87000251 = 1.003|87190000 = 2.807|87A32449 = .492,NE 151ST ST|NE 18TH AVE|W DIXIE HWY,17875,87190000,87000251,Y,-80.16345792,25.91476009,10,,On-System / On-System,87190000,1440,LPI-01980,2,1.003,0.9929999999999999,1.013,NE 18TH AVE,On Corridor,440179-1,1,106,0.02,100,44.8,1.6,Verified Parallel Fallback,440179-1,1
109898,232603,87190000,URBAN GENERAL,MIAMI,URBAN MINOR ART,DIVIDED,,SR  909,6,MIAMI-DADE,23500,4,40,1,LPI,Implement a Leading Pedestrian Interval (LPI),,LPI-01980,Potential Location,0.870000005,1,5408.8083328125,,,,,,,,,,,,,5408.8083328125,,6,87,87000232 = 0|87000251 = 1.003|87190000 = 2.807|87A32449 = .492,NE 151ST ST|NE 18TH AVE|W DIXIE HWY,17875,87190000,87000251,Y,-80.16345792,25.91476009,10,,On-System / On-System,87190000,1440,LPI-01980,3,2.807,2.797,2.8169999999999997,W DIXIE HWY,On Corridor,440179-1,1,106,0.02,100,0,0.5,Verified Match,440179-1,1
110331,249248,90040000,URBAN GENERAL,MARATHON,URBAN PRIN ART OTHER,DIVIDED,US    1,SR    5,6,MONROE,23000,4,45,1,LPI,Implement a Leading Pedestrian Interval (LPI),,LPI-00211,Potential Location,0.870000005,1,5408.8083328125,,,,,,,,,,,,,5408.8083328125,,6,90,90040000 = 4.589|90560019 = .005|90A03874 = .009,109TH STREET GULF|OVERSEAS HWY,12500,90040000,90560019,Y,-81.03760648,24.72876884,10,,On-System / On-System,90040000,1441,LPI-00211,1,4.589,4.579000000000001,4.599,109TH STREET GULF,On Corridor,433891-4,1,106,0.02,100,0,0.3,Verified Match,433891-4,1
110331,249248,90560019,URBAN GENERAL,MARATHON,URBAN PRIN ART OTHER,DIVIDED,US    1,SR    5,6,MONROE,23000,4,45,1,LPI,Implement a Leading Pedestrian Interval (LPI),,LPI-00211,Potential Location,0.870000005,1,5408.8083328125,,,,,,,,,,,,,5408.8083328125,,6,90,90040000 = 4.589|90560019 = .005|90A03874 = .009,109TH STREET GULF|OVERSEAS HWY,12500,90040000,90560019,Y,-81.03760648,24.72876884,10,,On-System / On-System,90040000,1441,LPI-00211,2,0.005,0,0.015,OVERSEAS HWY,Off Corridor,,0,0,0,0,77.8,60.9,No Match - Angle Mismatch,,0
111799,228523,87000222,URBAN GENERAL,MIAMI,URBAN PRIN ART OTHER,DIVIDED,,SR  826,6,MIAMI-DADE,55500,6,35,1,LPI,Implement a Leading Pedestrian Interval (LPI),,LPI-01600,Potential Location,0.870000005,1,5408.8083328125,,,,,,,,,,,,,5408.8083328125,,6,87,87000222 = 2.508|87000252 = .006|87170000 = 2.019,N MIAMI BEACH BLVD|NE 10TH AVE,33500,87170000,87000252,Y,-80.18016,25.92708623,10,,On-System / On-System,87170000,1442,LPI-01600,1,2.508,2.498,2.518,N MIAMI BEACH BLVD,Off Corridor,,0,0,0,0,46.9,9.8,No Match - Angle Mismatch,,0
111799,228523,87000252,URBAN GENERAL,MIAMI,URBAN PRIN ART OTHER,DIVIDED,,SR  826,6,MIAMI-DADE,55500,6,35,1,LPI,Implement a Leading Pedestrian Interval (LPI),,LPI-01600,Potential Location,0.870000005,1,5408.8083328125,,,,,,,,,,,,,5408.8083328125,,6,87,87000222 = 2.508|87000252 = .006|87170000 = 2.019,N MIAMI BEACH BLVD|NE 10TH AVE,33500,87170000,87000252,Y,-80.18016,25.92708623,10,,On-System / On-System,87170000,1442,LPI-01600,2,0.006,0,0.016,NE 10TH AVE,Off Corridor,,0,0,0,0,46.6,50.7,No Match - Angle Mismatch,,0
111799,228523,87170000,URBAN GENERAL,MIAMI,URBAN PRIN ART OTHER,DIVIDED,,SR  826,6,MIAMI-DADE,55500,6,35,1,LPI,Implement a Leading Pedestrian Interval (LPI),,LPI-01600,Potential Location,0.870000005,1,5408.8083328125,,,,,,,,,,,,,5408.8083328125,,6,87,87000222 = 2.508|87000252 = .006|87170000 = 2.019,N MIAMI BEACH BLVD|NE 10TH AVE,33500,87170000,87000252,Y,-80.18016,25.92708623,10,,On-System / On-System,87170000,1442,LPI-01600,3,2.019,2.0090000000000003,2.029,,On Corridor,452561-1,4,106,0.02,100,0.3,0,Verified Match,452561-1,4
112063,228703,87077504,URBAN GENERAL,MIAMI,URBAN PRIN ART OTHER,DIVIDED,US   41,SR   90,6,MIAMI-DADE,57000,6,45,1,LPI,Implement a Leading Pedestrian Interval (LPI),,LPI-02531,Potential Location,0.870000005,1,5408.8083328125,,,,,,,,,,,,,5408.8083328125,,6,87,87077504 = 1.241|87120000 = 6.414,SW 117TH AVE|SW 8TH ST,30700,87120000,87077504,Y,-80.3784,25.76106537,10,,On-System / On-System,87120000,1443,LPI-02531,1,1.241,1.231,1.2510000000000001,SW 117TH AVE,Off Corridor,,0,0,0,0,46.6,0.2,No Match - Angle Mismatch,,0
112063,228703,87120000,URBAN GENERAL,MIAMI,URBAN PRIN ART OTHER,DIVIDED,US   41,SR   90,6,MIAMI-DADE,57000,6,45,1,LPI,Implement a Leading Pedestrian Interval (LPI),,LPI-02531,Potential Location,0.870000005,1,5408.8083328125,,,,,,,,,,,,,5408.8083328125,,6,87,87077504 = 1.241|87120000 = 6.414,SW 117TH AVE|SW 8TH ST,30700,87120000,87077504,Y,-80.3784,25.76106537,10,,On-System / On-System,87120000,1443,LPI-02531,2,6.414,6.404,6.4239999999999995,SW 8TH ST,On Corridor,"444194-1, 437782-3, 452564-3",3,105,0.02,100,45,0.1,Verified Match,"444194-1, 437782-3, 452564-3",3
113820,253460,90040000,URBAN GENERAL,MARATHON,URBAN PRIN ART OTHER,DIVIDED,US    1,SR    5,6,MONROE,23000,4,45,1,LPI,Implement a Leading Pedestrian Interval (LPI),,LPI-00215,Potential Location,0.870000005,1,5408.8083328125,,,,,,,,,,,,,5408.8083328125,,6,90,90040000 = 4.487|90A01090 = 0|90A03739 = 0,106TH STREET OCEAN|107TH STREET GULF|OVERSEAS HWY,12500,90040000,90A01090,Y,-81.03923902,24.72851092,10,,On-System / Off-System,90040000,1444,LPI-00215,1,4.487,4.477,4.497,106TH STREET OCEAN,On Corridor,433891-4,1,106,0.02,100,0.3,0.3,Verified Match,433891-4,1
114880,232613,87120000,URBAN GENERAL,MIAMI,URBAN PRIN ART OTHER,DIVIDED,US   41,SR   90,6,MIAMI-DADE,50000,4,35,1,LPI,Implement a Leading Pedestrian Interval (LPI),,LPI-00589,Potential Location,0.870000005,1,5408.8083328125,,,,,,,,,,,,,5408.8083328125,,6,87,87120000 = 10.771|87A17267 = 1.162,SW 70TH AVE|SW 8TH ST,27000,87120000,87A13923,Y,-80.30855568,25.76293222,10,,On-System / Off-System,87120000,1445,LPI-00589,1,10.771,10.761000000000001,10.781,SW 70TH AVE,On Corridor,"450835-3, 452564-3",6,105,0.02,100,0,0.2,Verified Match,"450835-3, 452564-3",6
115115,249429,90000563,URBAN GENERAL,KEY LARGO,URBAN PRIN ART OTHER,DIVIDED,US    1,SR    5,6,MONROE,29500,4,45,1,LPI,Implement a Leading Pedestrian Interval (LPI),,LPI-00203,Potential Location,0.870000005,1,5408.8083328125,,,,,,,,,,,,,5408.8083328125,,6,90,90000563 = .416|90060000 = 16.719|90504043 = .004|90A00669 = 0|90A03352 = .023,BESSIE RD|OVERSEAS HWY|PLANTATION AVE|SUNSHINE BLVD,16300,90060000,90000563,Y,-80.53618747,25.00150253,10,,On-System / On-System,90060000,1446,LPI-00203,1,0.416,0.40599999999999997,0.426,BESSIE RD,Off Corridor,,0,0,0,0,44.2,121.7,No Match - Angle Mismatch,,0
115115,249429,90060000,URBAN GENERAL,KEY LARGO,URBAN PRIN ART OTHER,DIVIDED,US    1,SR    5,6,MONROE,29500,4,45,1,LPI,Implement a Leading Pedestrian Interval (LPI),,LPI-00203,Potential Location,0.870000005,1,5408.8083328125,,,,,,,,,,,,,5408.8083328125,,6,90,90000563 = .416|90060000 = 16.719|90504043 = .004|90A00669 = 0|90A03352 = .023,BESSIE RD|OVERSEAS HWY|PLANTATION AVE|SUNSHINE BLVD,16300,90060000,90000563,Y,-80.53618747,25.00150253,10,,On-System / On-System,90060000,1446,LPI-00203,2,16.719,16.709,16.729000000000003,OVERSEAS HWY,On Corridor,433891-4,1,106,0.02,100,4.9,0.7,Verified Match,433891-4,1
115115,249429,90504043,URBAN GENERAL,KEY LARGO,URBAN PRIN ART OTHER,DIVIDED,US    1,SR    5,6,MONROE,29500,4,45,1,LPI,Implement a Leading Pedestrian Interval (LPI),,LPI-00203,Potential Location,0.870000005,1,5408.8083328125,,,,,,,,,,,,,5408.8083328125,,6,90,90000563 = .416|90060000 = 16.719|90504043 = .004|90A00669 = 0|90A03352 = .023,BESSIE RD|OVERSEAS HWY|PLANTATION AVE|SUNSHINE BLVD,16300,90060000,90000563,Y,-80.53618747,25.00150253,10,,On-System / On-System,90060000,1446,LPI-00203,3,0.004,0,0.014,PLANTATION AVE,Off Corridor,,0,0,0,0,88.9,53.4,No Match - Angle Mismatch,,0
115230,249559,90060000,URBAN GENERAL,KEY LARGO,URBAN PRIN ART OTHER,DIVIDED,US    1,SR    5,6,MONROE,29500,4,45,1,LPI,Implement a Leading Pedestrian Interval (LPI),,LPI-00204,Potential Location,0.870000005,1,5408.8083328125,,,,,,,,,,,,,5408.8083328125,,6,90,90060000 = 17.678|90A00659 = .014,OCEAN BLVD|OVERSEAS HWY,15000,90060000,90A00521,Y,-80.52199349,25.00456876,10,,On-System / Off-System,90060000,1447,LPI-00204,1,17.678,17.668,17.688000000000002,OCEAN BLVD,On Corridor,433891-4,1,106,0.02,100,0.3,0.7,Verified Match,433891-4,1
5207,20868,10030000,URBAN GENERAL,TAMPA-ST PETERSBURG,URBAN PRIN ART OTHER,1WAY,US   92,SR  600,7,HILLSBOROUGH,14500,2,35,1,LPI,Implement a Leading Pedestrian Interval (LPI),,LPI-02167,Potential Location,0.870000005,1,5408.8083328125,,,,,,,,,,,,,5408.8083328125,,7,10,10030000 = 19.448|10091000 = 2.704|10A01024 = .769,N ALEXANDER ST|THONOTOSASSA RD|W OAK AVE,13200,10030000,10091000,Y,-82.13798588,28.01652013,10,,On-System / On-System,10030000,1448,LPI-02167,1,19.448,19.438,19.458000000000002,N ALEXANDER ST,On Corridor,"445362-2, 435749-1, 438702-1",7,106,0.02,100,0,0.2,Verified Match,"445362-2, 435749-1, 438702-1",7
5207,20868,10091000,URBAN GENERAL,TAMPA-ST PETERSBURG,URBAN PRIN ART OTHER,1WAY,US   92,SR  600,7,HILLSBOROUGH,14500,2,35,1,LPI,Implement a Leading Pedestrian Interval (LPI),,LPI-02167,Potential Location,0.870000005,1,5408.8083328125,,,,,,,,,,,,,5408.8083328125,,7,10,10030000 = 19.448|10091000 = 2.704|10A01024 = .769,N ALEXANDER ST|THONOTOSASSA RD|W OAK AVE,13200,10030000,10091000,Y,-82.13798588,28.01652013,10,,On-System / On-System,10030000,1448,LPI-02167,2,2.704,2.6940000000000004,2.714,THONOTOSASSA RD,On Corridor,440338-2,3,106,0.02,100,0.1,1.9,Verified Match,440338-2,3
6636,24701,10000644,URBAN GENERAL,TAMPA-ST PETERSBURG,URBAN MINOR ART,DIVIDED,,SR   45,7,HILLSBOROUGH,15800,2,35,1,LPI,Implement a Leading Pedestrian Interval (LPI),,LPI-02092,Potential Location,0.870000005,1,5408.8083328125,,,,,,,,,,,,,5408.8083328125,,7,10,10000644 = .505|10040000 = 1.907,E LAKE AVE|N NEBRASKA AVE,7825,10040000,10000644,Y,-82.45117801,27.97783995,10,,On-System / On-System,10040000,1449,LPI-02092,1,0.505,0.495,0.515,E LAKE AVE,Off Corridor,,0,0,0,0,83.9,0.8,No Match - Angle Mismatch,,0
6636,24701,10040000,URBAN GENERAL,TAMPA-ST PETERSBURG,URBAN MINOR ART,DIVIDED,,SR   45,7,HILLSBOROUGH,15800,2,35,1,LPI,Implement a Leading Pedestrian Interval (LPI),,LPI-02092,Potential Location,0.870000005,1,5408.8083328125,,,,,,,,,,,,,5408.8083328125,,7,10,10000644 = .505|10040000 = 1.907,E LAKE AVE|N NEBRASKA AVE,7825,10040000,10000644,Y,-82.45117801,27.97783995,10,,On-System / On-System,10040000,1449,LPI-02092,2,1.907,1.897,1.917,N NEBRASKA AVE,On Corridor,"403716-1, 438702-1",7,106,0.02,100,0,1.1,Verified Match,"403716-1, 438702-1",7
8278,21819,10000125,URBAN GENERAL,TAMPA-ST PETERSBURG,URBAN MINOR ART,NOT DIVIDED,USB  41,SR  685,7,HILLSBOROUGH,18200,4,35,1,LPI,Implement a Leading Pedestrian Interval (LPI),,LPI-01144,Potential Location,0.870000005,1,5408.8083328125,,,,,,,,,,,,,5408.8083328125,,7,10,10000125 = 0|10020000 = 3.84|10A00603 = .171,E HANNA AVE|N FLORIDA AVE|W HANNA AVE,10650,10020000,10000125,Y,-82.45946,28.00338149,10,,On-System / On-System,10020000,1450,LPI-01144,1,0,0,0.01,E HANNA AVE,Off Corridor,,0,0,0,0,88.5,25.3,No Match - Angle Mismatch,,0
8278,21819,10020000,URBAN GENERAL,TAMPA-ST PETERSBURG,URBAN MINOR ART,NOT DIVIDED,USB  41,SR  685,7,HILLSBOROUGH,18200,4,35,1,LPI,Implement a Leading Pedestrian Interval (LPI),,LPI-01144,Potential Location,0.870000005,1,5408.8083328125,,,,,,,,,,,,,5408.8083328125,,7,10,10000125 = 0|10020000 = 3.84|10A00603 = .171,E HANNA AVE|N FLORIDA AVE|W HANNA AVE,10650,10020000,10000125,Y,-82.45946,28.00338149,10,,On-System / On-System,10020000,1450,LPI-01144,2,3.84,3.83,3.8499999999999996,N FLORIDA AVE,On Corridor,"438702-1, 456680-1, 440511-3",7,106,0.02,100,0,1.1,Verified Match,"438702-1, 456680-1, 440511-3",7
9535,24223,10080000,URBAN GENERAL,TAMPA-ST PETERSBURG,URBAN PRIN ART OTHER,NOT DIVIDED,US   92,SR  600,7,HILLSBOROUGH,37500,4,40,1,LPI,Implement a Leading Pedestrian Interval (LPI),,LPI-02096,Potential Location,0.870000005,1,5408.8083328125,,,,,,,,,,,,,5408.8083328125,,7,10,10080000 = 0|10080500 = 3.075|10130000 = 7.768|10A15928 = .779,HENDERSON BLVD|S DALE MABRY HWY|W MORRISON AVE,51050,10130000,10080500,Y,-82.50579995,27.93385,10,,On-System / On-System,10130000,1451,LPI-02096,1,0,0,0.01,HENDERSON BLVD,On Corridor,"445362-2, 452675-1",4,53,0.01,100,45,17.7,Verified Parallel Fallback,"445362-2, 452675-1",4
9535,24223,10080500,URBAN GENERAL,TAMPA-ST PETERSBURG,URBAN PRIN ART OTHER,NOT DIVIDED,US   92,SR  600,7,HILLSBOROUGH,37500,4,40,1,LPI,Implement a Leading Pedestrian Interval (LPI),,LPI-02096,Potential Location,0.870000005,1,5408.8083328125,,,,,,,,,,,,,5408.8083328125,,7,10,10080000 = 0|10080500 = 3.075|10130000 = 7.768|10A15928 = .779,HENDERSON BLVD|S DALE MABRY HWY|W MORRISON AVE,51050,10130000,10080500,Y,-82.50579995,27.93385,10,,On-System / On-System,10130000,1451,LPI-02096,2,3.075,3.0650000000000004,3.085,S DALE MABRY HWY,Off Corridor,,0,0,0,0,45.1,23.5,No Match - Angle Mismatch,,0
9535,24223,10130000,URBAN GENERAL,TAMPA-ST PETERSBURG,URBAN PRIN ART OTHER,NOT DIVIDED,US   92,SR  600,7,HILLSBOROUGH,37500,4,40,1,LPI,Implement a Leading Pedestrian Interval (LPI),,LPI-02096,Potential Location,0.870000005,1,5408.8083328125,,,,,,,,,,,,,5408.8083328125,,7,10,10080000 = 0|10080500 = 3.075|10130000 = 7.768|10A15928 = .779,HENDERSON BLVD|S DALE MABRY HWY|W MORRISON AVE,51050,10130000,10080500,Y,-82.50579995,27.93385,10,,On-System / On-System,10130000,1451,LPI-02096,3,7.768,7.758,7.778,W MORRISON AVE,On Corridor,"445362-2, 452675-1",4,106,0.02,100,0,1,Verified Match,"445362-2, 452675-1",4
10636,24960,10130000,URBAN GENERAL,TAMPA-ST PETERSBURG,URBAN PRIN ART OTHER,DIVIDED,US   92,SR  600,7,HILLSBOROUGH,38500,4,40,1,LPI,Implement a Leading Pedestrian Interval (LPI),,LPI-00963,Potential Location,0.870000005,1,5408.8083328125,,,,,,,,,,,,,5408.8083328125,,7,10,10130000 = 7.08|10A16356 = .125,S DALE MABRY HWY|W SAN CARLOS ST,18500,10130000,10A07436,Y,-82.50594717,27.92383967,10,,On-System / Off-System,10130000,1452,LPI-00963,1,7.08,7.07,7.09,S DALE MABRY HWY,On Corridor,"445362-2, 452675-1",4,106,0.02,100,0,1,Verified Match,"445362-2, 452675-1",4
10811,25243,10060001,URBAN GENERAL,TAMPA-ST PETERSBURG,URBAN PRIN ART OTHER,NOT DIVIDED,US   41,SR  599,7,HILLSBOROUGH,32000,3,40,1,LPI,Implement a Leading Pedestrian Interval (LPI),,LPI-00293,Potential Location,0.870000005,1,5408.8083328125,,,,,,,,,,,,,5408.8083328125,,7,10,10060001 = .257|10330000 = .155|10A14034 = 0,MELBOURNE BLVD|N 50TH ST,27000,10060001,10330000,Y,-82.40162756,27.97046027,10,,On-System / On-System,10060001,1453,LPI-00293,1,0.257,0.247,0.267,MELBOURNE BLVD,On Corridor,"445362-2, 411328-1",2,107,0.02,100,27.2,0.5,Verified Match,"445362-2, 411328-1",2
10811,25243,10330000,URBAN GENERAL,TAMPA-ST PETERSBURG,URBAN PRIN ART OTHER,NOT DIVIDED,US   41,SR  599,7,HILLSBOROUGH,32000,3,40,1,LPI,Implement a Leading Pedestrian Interval (LPI),,LPI-00293,Potential Location,0.870000005,1,5408.8083328125,,,,,,,,,,,,,5408.8083328125,,7,10,10060001 = .257|10330000 = .155|10A14034 = 0,MELBOURNE BLVD|N 50TH ST,27000,10060001,10330000,Y,-82.40162756,27.97046027,10,,On-System / On-System,10060001,1453,LPI-00293,2,0.155,0.145,0.165,N 50TH ST,Off Corridor,,0,0,0,0,46.7,4.7,No Match - Angle Mismatch,,0
10918,25365,10000033,URBAN GENERAL,TAMPA-ST PETERSBURG,URBAN PRIN ART OTHER,DIVIDED,US   92,SR  600,7,HILLSBOROUGH,38500,4,40,1,LPI,Implement a Leading Pedestrian Interval (LPI),,LPI-02180,Potential Location,0.870000005,1,5408.8083328125,,,,,,,,,,,,,5408.8083328125,,7,10,10000033 = 1.124|10130000 = 6.802,S DALE MABRY HWY|W BAY TO BAY BLVD,23200,10130000,10000033,Y,-82.50600104,27.9198,10,,On-System / On-System,10130000,1454,LPI-02180,1,1.124,1.114,1.1340000000000001,S DALE MABRY HWY,Off Corridor,,0,0,0,0,89.5,15.7,No Match - Angle Mismatch,,0
10918,25365,10130000,URBAN GENERAL,TAMPA-ST PETERSBURG,URBAN PRIN ART OTHER,DIVIDED,US   92,SR  600,7,HILLSBOROUGH,38500,4,40,1,LPI,Implement a Leading Pedestrian Interval (LPI),,LPI-02180,Potential Location,0.870000005,1,5408.8083328125,,,,,,,,,,,,,5408.8083328125,,7,10,10000033 = 1.124|10130000 = 6.802,S DALE MABRY HWY|W BAY TO BAY BLVD,23200,10130000,10000033,Y,-82.50600104,27.9198,10,,On-System / On-System,10130000,1454,LPI-02180,2,6.802,6.792,6.811999999999999,W BAY TO BAY BLVD,On Corridor,"445362-2, 452675-1",4,106,0.02,100,0,1,Verified Match,"445362-2, 452675-1",4
11754,24485,10000201,URBAN GENERAL,TAMPA-ST PETERSBURG,URBAN PRIN ART OTHER,DIVIDED,US   92,SR  600,7,HILLSBOROUGH,59500,7,40,1,LPI,Implement a Leading Pedestrian Interval (LPI),,LPI-00956,Potential Location,0.870000005,1,5408.8083328125,,,,,,,,,,,,,5408.8083328125,,7,10,10000201 = .507|10130000 = 9.524,N DALE MABRY HWY|W SPRUCE ST,34700,10130000,10000201,Y,-82.50564,27.95925979,10,,On-System / On-System,10130000,1455,LPI-00956,1,0.507,0.497,0.517,N DALE MABRY HWY,Off Corridor,,0,0,0,0,89.9,13.7,No Match - Angle Mismatch,,0
11754,24485,10130000,URBAN GENERAL,TAMPA-ST PETERSBURG,URBAN PRIN ART OTHER,DIVIDED,US   92,SR  600,7,HILLSBOROUGH,59500,7,40,1,LPI,Implement a Leading Pedestrian Interval (LPI),,LPI-00956,Potential Location,0.870000005,1,5408.8083328125,,,,,,,,,,,,,5408.8083328125,,7,10,10000201 = .507|10130000 = 9.524,N DALE MABRY HWY|W SPRUCE ST,34700,10130000,10000201,Y,-82.50564,27.95925979,10,,On-System / On-System,10130000,1455,LPI-00956,2,9.524,9.514,9.533999999999999,W SPRUCE ST,On Corridor,"445362-2, 451989-1, 458148-1",4,106,0.02,100,0.1,1,Verified Match,"445362-2, 451989-1, 458148-1",4
12213,27081,10000363,URBAN GENERAL,TAMPA-ST PETERSBURG,URBAN PRIN ART OTHER,DIVIDED,,SR  574,7,HILLSBOROUGH,29000,4,35,1,LPI,Implement a Leading Pedestrian Interval (LPI),,LPI-00965,Potential Location,0.870000005,1,5408.8083328125,,,,,,,,,,,,,5408.8083328125,,7,10,10000363 = .503|10340000 = 1.263,N ARMENIA AVE|W DR MARTIN LUTHER KING JR BLVD,39600,10340000,10000363,Y,-82.48468875,27.9813,10,,On-System / On-System,10340000,1456,LPI-00965,1,0.503,0.493,0.513,N ARMENIA AVE,Off Corridor,,0,0,0,0,86.4,1.6,No Match - Angle Mismatch,,0
12213,27081,10340000,URBAN GENERAL,TAMPA-ST PETERSBURG,URBAN PRIN ART OTHER,DIVIDED,,SR  574,7,HILLSBOROUGH,29000,4,35,1,LPI,Implement a Leading Pedestrian Interval (LPI),,LPI-00965,Potential Location,0.870000005,1,5408.8083328125,,,,,,,,,,,,,5408.8083328125,,7,10,10000363 = .503|10340000 = 1.263,N ARMENIA AVE|W DR MARTIN LUTHER KING JR BLVD,39600,10340000,10000363,Y,-82.48468875,27.9813,10,,On-System / On-System,10340000,1456,LPI-00965,2,1.263,1.253,1.273,W DR MARTIN LUTHER KING JR BLVD,On Corridor,"436419-1, 445362-2, 443445-3, 438702-1",9,106,0.02,100,8.1,0.9,Verified Match,"436419-1, 445362-2, 443445-3, 438702-1",9
12530,21884,10030101,URBAN GENERAL,TAMPA-ST PETERSBURG,URBAN PRIN ART OTHER,1WAY,US   92,SR  600,7,HILLSBOROUGH,12500,2,35,1,LPI,Implement a Leading Pedestrian Interval (LPI),,LPI-01894,Potential Location,0.870000005,1,5408.8083328125,,,,,,,,,,,,,5408.8083328125,,7,10,10030101 = .651|10070000 = 5.535|10A10481 = 0,COLLINS ST N|E BAKER ST|W BAKER ST,12150,10030101,10070000,Y,-82.12379965,28.01779823,10,,On-System / On-System,10030101,1457,LPI-01894,1,0.651,0.641,0.661,COLLINS ST N,On Corridor,446025-1,2,105,0.02,100,0,1.2,Verified Match,446025-1,2
12530,21884,10070000,URBAN GENERAL,TAMPA-ST PETERSBURG,URBAN PRIN ART OTHER,1WAY,US   92,SR  600,7,HILLSBOROUGH,12500,2,35,1,LPI,Implement a Leading Pedestrian Interval (LPI),,LPI-01894,Potential Location,0.870000005,1,5408.8083328125,,,,,,,,,,,,,5408.8083328125,,7,10,10030101 = .651|10070000 = 5.535|10A10481 = 0,COLLINS ST N|E BAKER ST|W BAKER ST,12150,10030101,10070000,Y,-82.12379965,28.01779823,10,,On-System / On-System,10030101,1457,LPI-01894,2,5.535,5.525,5.545,E BAKER ST,Off Corridor,,0,0,0,0,89.7,25.4,No Match - Angle Mismatch,,0
12801,27886,10000132,URBAN GENERAL,TAMPA-ST PETERSBURG,URBAN PRIN ART OTHER,DIVIDED,,SR  580,7,HILLSBOROUGH,46000,4,40,1,LPI,Implement a Leading Pedestrian Interval (LPI),,LPI-00463,Potential Location,0.870000005,1,5408.8083328125,,,,,,,,,,,,,5408.8083328125,,7,10,10000132 = 0|10310000 = 1.322|10520001 = .563,BUSCH BLVD|N ARMENIA AVE|W BUSCH BLVD,32850,10310000,10520001,Y,-82.48411,28.0334251,10,,On-System / On-System,10310000,1458,LPI-00463,1,0,0,0.01,BUSCH BLVD,Off Corridor,,0,0,0,0,80.5,49.7,No Match - Angle Mismatch,,0
12801,27886,10310000,URBAN GENERAL,TAMPA-ST PETERSBURG,URBAN PRIN ART OTHER,DIVIDED,,SR  580,7,HILLSBOROUGH,46000,4,40,1,LPI,Implement a Leading Pedestrian Interval (LPI),,LPI-00463,Potential Location,0.870000005,1,5408.8083328125,,,,,,,,,,,,,5408.8083328125,,7,10,10000132 = 0|10310000 = 1.322|10520001 = .563,BUSCH BLVD|N ARMENIA AVE|W BUSCH BLVD,32850,10310000,10520001,Y,-82.48411,28.0334251,10,,On-System / On-System,10310000,1458,LPI-00463,2,1.322,1.312,1.332,N ARMENIA AVE,On Corridor,"435908-2, 438702-1",8,105,0.02,100,0.8,0.5,Verified Match,"435908-2, 438702-1",8
12801,27886,10520001,URBAN GENERAL,TAMPA-ST PETERSBURG,URBAN PRIN ART OTHER,DIVIDED,,SR  580,7,HILLSBOROUGH,46000,4,40,1,LPI,Implement a Leading Pedestrian Interval (LPI),,LPI-00463,Potential Location,0.870000005,1,5408.8083328125,,,,,,,,,,,,,5408.8083328125,,7,10,10000132 = 0|10310000 = 1.322|10520001 = .563,BUSCH BLVD|N ARMENIA AVE|W BUSCH BLVD,32850,10310000,10520001,Y,-82.48411,28.0334251,10,,On-System / On-System,10310000,1458,LPI-00463,3,0.563,0.5529999999999999,0.573,W BUSCH BLVD,Off Corridor,,0,0,0,0,78.8,3.4,No Match - Angle Mismatch,,0
13260,28411,10000060,URBAN GENERAL,TAMPA-ST PETERSBURG,URBAN PRIN ART OTHER,DIVIDED,,SR  574,7,HILLSBOROUGH,33000,4,40,1,LPI,Implement a Leading Pedestrian Interval (LPI),,LPI-01134,Potential Location,0.870000005,1,5408.8083328125,,,,,,,,,,,,,5408.8083328125,,7,10,10000060 = 1.74|10340000 = 2.304,N BOULEVARD|W DR MARTIN LUTHER KING JR BLVD,19800,10340000,10000060,Y,-82.46764,27.98157369,10,,On-System / On-System,10340000,1459,LPI-01134,1,1.74,1.73,1.75,N BOULEVARD,Off Corridor,,0,0,0,0,89.9,1.2,No Match - Angle Mismatch,,0
13260,28411,10340000,URBAN GENERAL,TAMPA-ST PETERSBURG,URBAN PRIN ART OTHER,DIVIDED,,SR  574,7,HILLSBOROUGH,33000,4,40,1,LPI,Implement a Leading Pedestrian Interval (LPI),,LPI-01134,Potential Location,0.870000005,1,5408.8083328125,,,,,,,,,,,,,5408.8083328125,,7,10,10000060 = 1.74|10340000 = 2.304,N BOULEVARD|W DR MARTIN LUTHER KING JR BLVD,19800,10340000,10000060,Y,-82.46764,27.98157369,10,,On-System / On-System,10340000,1459,LPI-01134,2,2.304,2.294,2.3139999999999996,W DR MARTIN LUTHER KING JR BLVD,On Corridor,"436419-1, 445362-2, 443445-3, 438702-1",9,105,0.02,100,0.5,0.6,Verified Match,"436419-1, 445362-2, 443445-3, 438702-1",9
14342,22517,10000002,URBAN GENERAL,TAMPA-ST PETERSBURG,URBAN PRIN ART OTHER,DIVIDED,US   92,SR  600,7,HILLSBOROUGH,45000,6,40,1,LPI,Implement a Leading Pedestrian Interval (LPI),,LPI-02319,Potential Location,0.870000005,1,5408.8083328125,,,,,,,,,,,,,5408.8083328125,,7,10,10000002 = .002|10005000 = 2.845|10030000 = 2.267,E HILLSBOROUGH AVE|N 40TH ST,71000,10030000,10000002,Y,-82.41406683,27.9961,10,,On-System / On-System,10030000,1460,LPI-02319,1,0.002,0,0.012,E HILLSBOROUGH AVE,Off Corridor,,0,0,0,0,89.4,50,No Match - Angle Mismatch,,0
14342,22517,10005000,URBAN GENERAL,TAMPA-ST PETERSBURG,URBAN PRIN ART OTHER,DIVIDED,US   92,SR  600,7,HILLSBOROUGH,45000,6,40,1,LPI,Implement a Leading Pedestrian Interval (LPI),,LPI-02319,Potential Location,0.870000005,1,5408.8083328125,,,,,,,,,,,,,5408.8083328125,,7,10,10000002 = .002|10005000 = 2.845|10030000 = 2.267,E HILLSBOROUGH AVE|N 40TH ST,71000,10030000,10000002,Y,-82.41406683,27.9961,10,,On-System / On-System,10030000,1460,LPI-02319,2,2.845,2.8350000000000004,2.855,N 40TH ST,Off Corridor,,0,0,0,0,89.7,8.3,No Match - Angle Mismatch,,0
14342,22517,10030000,URBAN GENERAL,TAMPA-ST PETERSBURG,URBAN PRIN ART OTHER,DIVIDED,US   92,SR  600,7,HILLSBOROUGH,45000,6,40,1,LPI,Implement a Leading Pedestrian Interval (LPI),,LPI-02319,Potential Location,0.870000005,1,5408.8083328125,,,,,,,,,,,,,5408.8083328125,,7,10,10000002 = .002|10005000 = 2.845|10030000 = 2.267,E HILLSBOROUGH AVE|N 40TH ST,71000,10030000,10000002,Y,-82.41406683,27.9961,10,,On-System / On-System,10030000,1460,LPI-02319,3,2.267,2.257,2.2769999999999997,,On Corridor,"445362-2, 451331-1, 438702-1",7,106,0.02,100,0,0.7,Verified Match,"445362-2, 451331-1, 438702-1",7
14711,22865,10000063,URBAN GENERAL,TAMPA-ST PETERSBURG,URBAN MINOR ART,DIVIDED,,SR   45,7,HILLSBOROUGH,11600,2,35,1,LPI,Implement a Leading Pedestrian Interval (LPI),,LPI-02315,Potential Location,0.870000005,1,5408.8083328125,,,,,,,,,,,,,5408.8083328125,,7,10,10000063 = 1.983|10000364 = 0|10040000 = .217,E CASS ST|N NEBRASKA AVE|NUCCIO PKWY,13150,10040000,10000063,Y,-82.45125472,27.95330139,10,,On-System / On-System,10040000,1461,LPI-02315,1,1.983,1.973,1.993,E CASS ST,Off Corridor,,0,0,0,0,82.3,27.2,No Match - Angle Mismatch,,0
14711,22865,10000364,URBAN GENERAL,TAMPA-ST PETERSBURG,URBAN MINOR ART,DIVIDED,,SR   45,7,HILLSBOROUGH,11600,2,35,1,LPI,Implement a Leading Pedestrian Interval (LPI),,LPI-02315,Potential Location,0.870000005,1,5408.8083328125,,,,,,,,,,,,,5408.8083328125,,7,10,10000063 = 1.983|10000364 = 0|10040000 = .217,E CASS ST|N NEBRASKA AVE|NUCCIO PKWY,13150,10040000,10000063,Y,-82.45125472,27.95330139,10,,On-System / On-System,10040000,1461,LPI-02315,2,0,0,0.01,N NEBRASKA AVE,Off Corridor,,0,0,0,0,78.4,25.3,No Match - Angle Mismatch,,0
14711,22865,10040000,URBAN GENERAL,TAMPA-ST PETERSBURG,URBAN MINOR ART,DIVIDED,,SR   45,7,HILLSBOROUGH,11600,2,35,1,LPI,Implement a Leading Pedestrian Interval (LPI),,LPI-02315,Potential Location,0.870000005,1,5408.8083328125,,,,,,,,,,,,,5408.8083328125,,7,10,10000063 = 1.983|10000364 = 0|10040000 = .217,E CASS ST|N NEBRASKA AVE|NUCCIO PKWY,13150,10040000,10000063,Y,-82.45125472,27.95330139,10,,On-System / On-System,10040000,1461,LPI-02315,3,0.217,0.207,0.227,NUCCIO PKWY,On Corridor,"403716-1, 438702-1",7,106,0.02,100,0,1.2,Verified Match,"403716-1, 438702-1",7
15245,23346,10000077,URBAN GENERAL,TAMPA-ST PETERSBURG,URBAN MINOR ART,DIVIDED,,SR   45,7,HILLSBOROUGH,13300,2,35,1,LPI,Implement a Leading Pedestrian Interval (LPI),,LPI-00479,Potential Location,0.870000005,1,5408.8083328125,,,,,,,,,,,,,5408.8083328125,,7,10,10000077 = 1.006|10040000 = .837,E PALM AVE|N NEBRASKA AVE,15850,10040000,10000077,Y,-82.45125776,27.96230112,10,,On-System / On-System,10040000,1462,LPI-00479,1,1.006,0.996,1.016,E PALM AVE,Off Corridor,,0,0,0,0,88.4,8.5,No Match - Angle Mismatch,,0
15245,23346,10040000,URBAN GENERAL,TAMPA-ST PETERSBURG,URBAN MINOR ART,DIVIDED,,SR   45,7,HILLSBOROUGH,13300,2,35,1,LPI,Implement a Leading Pedestrian Interval (LPI),,LPI-00479,Potential Location,0.870000005,1,5408.8083328125,,,,,,,,,,,,,5408.8083328125,,7,10,10000077 = 1.006|10040000 = .837,E PALM AVE|N NEBRASKA AVE,15850,10040000,10000077,Y,-82.45125776,27.96230112,10,,On-System / On-System,10040000,1462,LPI-00479,2,0.837,0.827,0.847,N NEBRASKA AVE,On Corridor,"403716-1, 438702-1",7,106,0.02,100,0.4,1.2,Verified Match,"403716-1, 438702-1",7
17190,23170,10000035,URBAN GENERAL,TAMPA-ST PETERSBURG,URBAN PRIN ART OTHER,DIVIDED,US   92,SR  600,7,HILLSBOROUGH,34000,4,40,1,LPI,Implement a Leading Pedestrian Interval (LPI),,LPI-00952,Potential Location,0.870000005,1,5408.8083328125,,,,,,,,,,,,,5408.8083328125,,7,10,10000035 = 1.259|10130000 = 6.233,S DALE MABRY HWY|W EL PRADO BLVD,20300,10130000,10000035,Y,-82.50609054,27.91152001,10,,On-System / On-System,10130000,1463,LPI-00952,1,1.259,1.2489999999999999,1.269,S DALE MABRY HWY,Off Corridor,,0,0,0,0,88.7,16.3,No Match - Angle Mismatch,,0
17190,23170,10130000,URBAN GENERAL,TAMPA-ST PETERSBURG,URBAN PRIN ART OTHER,DIVIDED,US   92,SR  600,7,HILLSBOROUGH,34000,4,40,1,LPI,Implement a Leading Pedestrian Interval (LPI),,LPI-00952,Potential Location,0.870000005,1,5408.8083328125,,,,,,,,,,,,,5408.8083328125,,7,10,10000035 = 1.259|10130000 = 6.233,S DALE MABRY HWY|W EL PRADO BLVD,20300,10130000,10000035,Y,-82.50609054,27.91152001,10,,On-System / On-System,10130000,1463,LPI-00952,2,6.233,6.223,6.242999999999999,W EL PRADO BLVD,On Corridor,"445362-2, 452675-1",4,106,0.02,100,1.9,1,Verified Match,"445362-2, 452675-1",4
18224,62780,15000052,URBAN GENERAL,TAMPA-ST PETERSBURG,URBAN PRIN ART OTHER,DIVIDED,USA  19,SR  595,7,PINELLAS,27000,4,40,1,LPI,Implement a Leading Pedestrian Interval (LPI),,LPI-00494,Potential Location,0.870000005,1,5408.8083328125,,,,,,,,,,,,,5408.8083328125,,7,15,15000052 = .004|15007000 = 3.034|15045000 = 1.694,COURT ST|S MISSOURI AVE,56800,15007000,15045000,Y,-82.78759246,27.96084672,10,,On-System / On-System,15007000,1464,LPI-00494,1,0.004,0,0.014,COURT ST,Off Corridor,,0,0,0,0,78,61.2,No Match - Angle Mismatch,,0
18224,62780,15007000,URBAN GENERAL,TAMPA-ST PETERSBURG,URBAN PRIN ART OTHER,DIVIDED,USA  19,SR  595,7,PINELLAS,27000,4,40,1,LPI,Implement a Leading Pedestrian Interval (LPI),,LPI-00494,Potential Location,0.870000005,1,5408.8083328125,,,,,,,,,,,,,5408.8083328125,,7,15,15000052 = .004|15007000 = 3.034|15045000 = 1.694,COURT ST|S MISSOURI AVE,56800,15007000,15045000,Y,-82.78759246,27.96084672,10,,On-System / On-System,15007000,1464,LPI-00494,2,3.034,3.024,3.0439999999999996,S MISSOURI AVE,On Corridor,454711-1,3,106,0.02,100,21.8,0.7,Verified Match,454711-1,3
18224,62780,15045000,URBAN GENERAL,TAMPA-ST PETERSBURG,URBAN PRIN ART OTHER,DIVIDED,USA  19,SR  595,7,PINELLAS,27000,4,40,1,LPI,Implement a Leading Pedestrian Interval (LPI),,LPI-00494,Potential Location,0.870000005,1,5408.8083328125,,,,,,,,,,,,,5408.8083328125,,7,15,15000052 = .004|15007000 = 3.034|15045000 = 1.694,COURT ST|S MISSOURI AVE,56800,15007000,15045000,Y,-82.78759246,27.96084672,10,,On-System / On-System,15007000,1464,LPI-00494,3,1.694,1.684,1.704,,Off Corridor,,0,0,0,0,13.3,60.1,No Match - Low Overlap,,0
19415,60857,15140000,URBAN GENERAL,TAMPA-ST PETERSBURG,URBAN MINOR ART,DIVIDED,,SR  699,7,PINELLAS,16844,4,35,0,LPI,Implement a Leading Pedestrian Interval (LPI),,LPI-01736,Potential Location,0.870000005,1,5408.8083328125,,,,,,,,,,,,,5408.8083328125,,7,15,15140000 = 2.535,GULF BLVD,8711,15140000,,N,,,10,,On-System / On-System,15140000,1465,LPI-01736,1,2.535,2.5250000000000004,2.545,GULF BLVD,On Corridor,"457153-1, 452002-1, 456312-2",4,106,0.02,100,0.5,0.8,Verified Match,"457153-1, 452002-1, 456312-2",4
20447,51108,14030000,SUBURBAN COMMERCIAL,TAMPA-ST PETERSBURG,URBAN PRIN ART OTHER,DIVIDED,US   19,SR   55,7,PASCO,63500,6,45,1,LPI,Implement a Leading Pedestrian Interval (LPI),,LPI-00482,Potential Location,0.870000005,1,5408.8083328125,,,,,,,,,,,,,5408.8083328125,,7,14,14030000 = 3.012|14570000 = .036|14A09958 = .066,OLD BAILLIES BLUFF RD|SR-54|US-19,80000,14030000,14570000,Y,-82.73736073,28.21669668,10,,On-System / On-System,14030000,1466,LPI-00482,1,3.012,3.0020000000000002,3.022,OLD BAILLIES BLUFF RD,On Corridor,"443707-1, 438702-1, 444055-1",7,106,0.02,100,0.1,0.9,Verified Match,"443707-1, 438702-1, 444055-1",7
20447,51108,14570000,SUBURBAN COMMERCIAL,TAMPA-ST PETERSBURG,URBAN PRIN ART OTHER,DIVIDED,US   19,SR   55,7,PASCO,63500,6,45,1,LPI,Implement a Leading Pedestrian Interval (LPI),,LPI-00482,Potential Location,0.870000005,1,5408.8083328125,,,,,,,,,,,,,5408.8083328125,,7,14,14030000 = 3.012|14570000 = .036|14A09958 = .066,OLD BAILLIES BLUFF RD|SR-54|US-19,80000,14030000,14570000,Y,-82.73736073,28.21669668,10,,On-System / On-System,14030000,1466,LPI-00482,2,0.036,0.025999999999999995,0.046,SR-54,On Corridor,454085-1,4,106,0.02,100,1.6,0.4,Verified Match,454085-1,4
21818,65579,15100000,URBAN GENERAL,TAMPA-ST PETERSBURG,URBAN MINOR ART,DIVIDED,,SR  699,7,PINELLAS,22500,4,35,1,LPI,Implement a Leading Pedestrian Interval (LPI),,LPI-01167,Potential Location,0.870000005,1,5408.8083328125,,,,,,,,,,,,,5408.8083328125,,7,15,15100000 = 1.479|15A15169 = 0,55TH AVE|GULF BLVD,11500,15100000,15A02546,Y,-82.74316237,27.72924425,10,,On-System / Off-System,15100000,1467,LPI-01167,1,1.479,1.469,1.489,55TH AVE,On Corridor,"457153-1, 456312-2",2,106,0.02,100,0.1,0.8,Verified Match,"457153-1, 456312-2",2
22264,62712,15000041,URBAN GENERAL,TAMPA-ST PETERSBURG,URBAN MINOR ART,DIVIDED,,SR  590,7,PINELLAS,27000,4,40,1,LPI,Implement a Leading Pedestrian Interval (LPI),,LPI-02443,Potential Location,0.870000005,1,5408.8083328125,,,,,,,,,,,,,5408.8083328125,,7,15,15000041 = 1.874|15050003 = 2.779,DREW ST|N HERCULES AVE,16750,15050003,15000041,Y,-82.7546,27.96796999,10,,On-System / On-System,15050003,1468,LPI-02443,1,1.874,1.864,1.8840000000000001,DREW ST,Off Corridor,,0,0,0,0,89.4,10.2,No Match - Angle Mismatch,,0
22264,62712,15050003,URBAN GENERAL,TAMPA-ST PETERSBURG,URBAN MINOR ART,DIVIDED,,SR  590,7,PINELLAS,27000,4,40,1,LPI,Implement a Leading Pedestrian Interval (LPI),,LPI-02443,Potential Location,0.870000005,1,5408.8083328125,,,,,,,,,,,,,5408.8083328125,,7,15,15000041 = 1.874|15050003 = 2.779,DREW ST|N HERCULES AVE,16750,15050003,15000041,Y,-82.7546,27.96796999,10,,On-System / On-System,15050003,1468,LPI-02443,2,2.779,2.769,2.7889999999999997,N HERCULES AVE,On Corridor,445681-1,1,105,0.02,100,0.1,0.7,Verified Match,445681-1,1
22864,61130,15000214,URBAN GENERAL,TAMPA-ST PETERSBURG,URBAN PRIN ART OTHER,DIVIDED,US   19,SR   55,7,PINELLAS,44500,6,35,1,LPI,Implement a Leading Pedestrian Interval (LPI),,LPI-01163,Potential Location,0.870000005,1,5408.8083328125,,,,,,,,,,,,,5408.8083328125,,7,15,15000214 = .005|15000312 = 2.828|15150000 = 4.498,1ST AVE N|34TH ST N,28700,15150000,15000214,Y,-82.67943425,27.77187,10,,On-System / On-System,15150000,1469,LPI-01163,1,0.005,0,0.015,1ST AVE N,Off Corridor,,0,0,0,0,89.7,59,No Match - Angle Mismatch,,0
22864,61130,15000312,URBAN GENERAL,TAMPA-ST PETERSBURG,URBAN PRIN ART OTHER,DIVIDED,US   19,SR   55,7,PINELLAS,44500,6,35,1,LPI,Implement a Leading Pedestrian Interval (LPI),,LPI-01163,Potential Location,0.870000005,1,5408.8083328125,,,,,,,,,,,,,5408.8083328125,,7,15,15000214 = .005|15000312 = 2.828|15150000 = 4.498,1ST AVE N|34TH ST N,28700,15150000,15000214,Y,-82.67943425,27.77187,10,,On-System / On-System,15150000,1469,LPI-01163,2,2.828,2.818,2.8379999999999996,34TH ST N,Off Corridor,,0,0,0,0,89.7,14.7,No Match - Angle Mismatch,,0
22864,61130,15150000,URBAN GENERAL,TAMPA-ST PETERSBURG,URBAN PRIN ART OTHER,DIVIDED,US   19,SR   55,7,PINELLAS,44500,6,35,1,LPI,Implement a Leading Pedestrian Interval (LPI),,LPI-01163,Potential Location,0.870000005,1,5408.8083328125,,,,,,,,,,,,,5408.8083328125,,7,15,15000214 = .005|15000312 = 2.828|15150000 = 4.498,1ST AVE N|34TH ST N,28700,15150000,15000214,Y,-82.67943425,27.77187,10,,On-System / On-System,15150000,1469,LPI-01163,3,4.498,4.488,4.508,,On Corridor,"438702-1, 440246-1",6,106,0.02,100,0,1.1,Verified Match,"438702-1, 440246-1",6
23255,62152,15000203,URBAN GENERAL,TAMPA-ST PETERSBURG,URBAN MINOR ART,NOT DIVIDED,USA  19,SR  595,7,PINELLAS,11500,3,35,1,LPI,Implement a Leading Pedestrian Interval (LPI),,LPI-00492,Potential Location,0.870000005,1,5408.8083328125,,,,,,,,,,,,,5408.8083328125,,7,15,15000203 = 0|15025000 = 1.376|15A01105 = .168|15A08293 = 1.244,MARSHALL ST|N GARDEN AVE|N MYRTLE AVE,7350,15025000,15000203,Y,-82.79605383,27.98080382,10,,On-System / On-System,15025000,1470,LPI-00492,1,0,0,0.01,MARSHALL ST,Off Corridor,,0,0,0,0,,,Unmatched,,0
23255,62152,15025000,URBAN GENERAL,TAMPA-ST PETERSBURG,URBAN MINOR ART,NOT DIVIDED,USA  19,SR  595,7,PINELLAS,11500,3,35,1,LPI,Implement a Leading Pedestrian Interval (LPI),,LPI-00492,Potential Location,0.870000005,1,5408.8083328125,,,,,,,,,,,,,5408.8083328125,,7,15,15000203 = 0|15025000 = 1.376|15A01105 = .168|15A08293 = 1.244,MARSHALL ST|N GARDEN AVE|N MYRTLE AVE,7350,15025000,15000203,Y,-82.79605383,27.98080382,10,,On-System / On-System,15025000,1470,LPI-00492,2,1.376,1.3659999999999999,1.386,N GARDEN AVE,Off Corridor,,0,0,0,0,,,Unmatched,,0
23660,62047,15000052,URBAN GENERAL,TAMPA-ST PETERSBURG,URBAN MINOR ART,NOT DIVIDED,,SR  590,7,PINELLAS,27000,4,40,1,LPI,Implement a Leading Pedestrian Interval (LPI),,LPI-01738,Potential Location,0.870000005,1,5408.8083328125,,,,,,,,,,,,,5408.8083328125,,7,15,15000052 = .5|15050003 = .757|15A00389 = .287,DREW ST|N MISSOURI AVE|NE CLEVELAND ST,18050,15050003,15000052,Y,-82.78763821,27.96811346,10,,On-System / On-System,15050003,1471,LPI-01738,1,0.5,0.49,0.51,DREW ST,Off Corridor,,0,0,0,0,89.6,26,No Match - Angle Mismatch,,0
23660,62047,15050003,URBAN GENERAL,TAMPA-ST PETERSBURG,URBAN MINOR ART,NOT DIVIDED,,SR  590,7,PINELLAS,27000,4,40,1,LPI,Implement a Leading Pedestrian Interval (LPI),,LPI-01738,Potential Location,0.870000005,1,5408.8083328125,,,,,,,,,,,,,5408.8083328125,,7,15,15000052 = .5|15050003 = .757|15A00389 = .287,DREW ST|N MISSOURI AVE|NE CLEVELAND ST,18050,15050003,15000052,Y,-82.78763821,27.96811346,10,,On-System / On-System,15050003,1471,LPI-01738,2,0.757,0.747,0.767,N MISSOURI AVE,On Corridor,445681-1,1,105,0.02,100,0,0.7,Verified Match,445681-1,1
23939,63069,15000006,SUBURBAN COMMERCIAL,TAMPA-ST PETERSBURG,URBAN MINOR ART,DIVIDED,USA  19,SR  595,7,PINELLAS,13300,2,35,1,LPI,Implement a Leading Pedestrian Interval (LPI),,LPI-00884,Potential Location,0.870000005,1,5408.8083328125,,,,,,,,,,,,,5408.8083328125,,7,15,15000006 = 2.024|15020000 = 12.616|15A02892 = 0,MERES BLVD|MERES BLVD E|S PINELLAS AVE,10200,15020000,15000006,Y,-82.75671017,28.13760948,10,,On-System / On-System,15020000,1472,LPI-00884,1,2.024,2.0140000000000002,2.034,MERES BLVD,Off Corridor,,0,0,0,0,73.9,31.8,No Match - Angle Mismatch,,0
23939,63069,15020000,SUBURBAN COMMERCIAL,TAMPA-ST PETERSBURG,URBAN MINOR ART,DIVIDED,USA  19,SR  595,7,PINELLAS,13300,2,35,1,LPI,Implement a Leading Pedestrian Interval (LPI),,LPI-00884,Potential Location,0.870000005,1,5408.8083328125,,,,,,,,,,,,,5408.8083328125,,7,15,15000006 = 2.024|15020000 = 12.616|15A02892 = 0,MERES BLVD|MERES BLVD E|S PINELLAS AVE,10200,15020000,15000006,Y,-82.75671017,28.13760948,10,,On-System / On-System,15020000,1472,LPI-00884,2,12.616,12.606,12.626,MERES BLVD E,On Corridor,"448042-1, 448044-1",3,106,0.02,100,5.2,0.9,Verified Match,"448042-1, 448044-1",3
24235,64985,15000275,URBAN GENERAL,TAMPA-ST PETERSBURG,URBAN MINOR ART,DIVIDED,,SR  590,7,PINELLAS,27000,4,40,1,LPI,Implement a Leading Pedestrian Interval (LPI),,LPI-01164,Potential Location,0.870000005,1,5408.8083328125,,,,,,,,,,,,,5408.8083328125,,7,15,15000275 = 2.004|15050003 = 2.148|15A08550 = .521,DREW ST|N SATURN AVE,13150,15050003,15000275,Y,-82.76494,27.96798189,10,,On-System / On-System,15050003,1473,LPI-01164,1,2.004,1.994,2.014,DREW ST,Off Corridor,,0,0,0,0,89.6,26.9,No Match - Angle Mismatch,,0
24235,64985,15050003,URBAN GENERAL,TAMPA-ST PETERSBURG,URBAN MINOR ART,DIVIDED,,SR  590,7,PINELLAS,27000,4,40,1,LPI,Implement a Leading Pedestrian Interval (LPI),,LPI-01164,Potential Location,0.870000005,1,5408.8083328125,,,,,,,,,,,,,5408.8083328125,,7,15,15000275 = 2.004|15050003 = 2.148|15A08550 = .521,DREW ST|N SATURN AVE,13150,15050003,15000275,Y,-82.76494,27.96798189,10,,On-System / On-System,15050003,1473,LPI-01164,2,2.148,2.1380000000000003,2.158,N SATURN AVE,On Corridor,445681-1,1,105,0.02,100,0,0.7,Verified Match,445681-1,1
24297,65149,15000033,URBAN GENERAL,TAMPA-ST PETERSBURG,URBAN PRIN ART OTHER,DIVIDED,,SR  580,7,PINELLAS,27000,4,40,1,LPI,Implement a Leading Pedestrian Interval (LPI),,LPI-00488,Potential Location,0.870000005,1,5408.8083328125,,,,,,,,,,,,,5408.8083328125,,7,15,15000033 = 2.982|15070000 = 1.031,MAIN ST|PATRICIA AVE,26150,15070000,15000033,Y,-82.77565,28.0187081,10,,On-System / On-System,15070000,1474,LPI-00488,1,2.982,2.9720000000000004,2.992,MAIN ST,Off Corridor,,0,0,0,0,,,Unmatched,,0
24297,65149,15070000,URBAN GENERAL,TAMPA-ST PETERSBURG,URBAN PRIN ART OTHER,DIVIDED,,SR  580,7,PINELLAS,27000,4,40,1,LPI,Implement a Leading Pedestrian Interval (LPI),,LPI-00488,Potential Location,0.870000005,1,5408.8083328125,,,,,,,,,,,,,5408.8083328125,,7,15,15000033 = 2.982|15070000 = 1.031,MAIN ST|PATRICIA AVE,26150,15070000,15000033,Y,-82.77565,28.0187081,10,,On-System / On-System,15070000,1474,LPI-00488,2,1.031,1.021,1.041,PATRICIA AVE,Off Corridor,,0,0,0,0,,,Unmatched,,0
24299,65151,15000146,URBAN GENERAL,TAMPA-ST PETERSBURG,URBAN MINOR ART,DIVIDED,USA  19,SR  595,7,PINELLAS,11200,3,35,1,LPI,Implement a Leading Pedestrian Interval (LPI),,LPI-00883,Potential Location,0.870000005,1,5408.8083328125,,,,,,,,,,,,,5408.8083328125,,7,15,15000146 = 2.258|15010000 = .999,16TH ST N|5TH AVE N,6000,15010000,15000146,Y,-82.65484004,27.77750899,10,,On-System / On-System,15010000,1475,LPI-00883,1,2.258,2.248,2.268,16TH ST N,Off Corridor,,0,0,0,0,89.7,13.1,No Match - Angle Mismatch,,0
24299,65151,15010000,URBAN GENERAL,TAMPA-ST PETERSBURG,URBAN MINOR ART,DIVIDED,USA  19,SR  595,7,PINELLAS,11200,3,35,1,LPI,Implement a Leading Pedestrian Interval (LPI),,LPI-00883,Potential Location,0.870000005,1,5408.8083328125,,,,,,,,,,,,,5408.8083328125,,7,15,15000146 = 2.258|15010000 = .999,16TH ST N|5TH AVE N,6000,15010000,15000146,Y,-82.65484004,27.77750899,10,,On-System / On-System,15010000,1475,LPI-00883,2,0.999,0.989,1.009,5TH AVE N,On Corridor,"454084-1, 448036-1",3,105,0.02,100,0.1,0.6,Verified Match,"454084-1, 448036-1",3
24777,67104,15000068,URBAN GENERAL,TAMPA-ST PETERSBURG,URBAN PRIN ART OTHER,DIVIDED,,SR   60,7,PINELLAS,36500,4,45,1,LPI,Implement a Leading Pedestrian Interval (LPI),,LPI-01171,Potential Location,0.870000005,1,5408.8083328125,,,,,,,,,,,,,5408.8083328125,,7,15,15000068 = .025|15220000 = .648,ISLAND WAY|MEMORIAL CSWY,25000,15220000,15000068,Y,-82.81814849,27.97476981,10,,On-System / On-System,15220000,1476,LPI-01171,1,0.025,0.015000000000000001,0.035,ISLAND WAY,Off Corridor,,0,0,0,0,90,149.9,No Match - Angle Mismatch,,0
24777,67104,15220000,URBAN GENERAL,TAMPA-ST PETERSBURG,URBAN PRIN ART OTHER,DIVIDED,,SR   60,7,PINELLAS,36500,4,45,1,LPI,Implement a Leading Pedestrian Interval (LPI),,LPI-01171,Potential Location,0.870000005,1,5408.8083328125,,,,,,,,,,,,,5408.8083328125,,7,15,15000068 = .025|15220000 = .648,ISLAND WAY|MEMORIAL CSWY,25000,15220000,15000068,Y,-82.81814849,27.97476981,10,,On-System / On-System,15220000,1476,LPI-01171,2,0.648,0.638,0.658,MEMORIAL CSWY,On Corridor,"441651-1, 454711-1",4,106,0.02,100,0,0.1,Verified Match,"441651-1, 454711-1",4
24818,63335,15000050,URBAN GENERAL,TAMPA-ST PETERSBURG,URBAN MINOR ART,NOT DIVIDED,USA  19,SR  595,7,PINELLAS,13300,4,35,1,LPI,Implement a Leading Pedestrian Interval (LPI),,LPI-02445,Potential Location,0.870000005,1,5408.8083328125,,,,,,,,,,,,,5408.8083328125,,7,15,15000050 = 0|15025000 = 1.003,N MYRTLE AVE|PALMETTO ST,14050,15025000,15000050,Y,-82.79592049,27.97545864,10,,On-System / On-System,15025000,1477,LPI-02445,1,0,0,0.01,N MYRTLE AVE,Off Corridor,,0,0,0,0,,,Unmatched,,0
24818,63335,15025000,URBAN GENERAL,TAMPA-ST PETERSBURG,URBAN MINOR ART,NOT DIVIDED,USA  19,SR  595,7,PINELLAS,13300,4,35,1,LPI,Implement a Leading Pedestrian Interval (LPI),,LPI-02445,Potential Location,0.870000005,1,5408.8083328125,,,,,,,,,,,,,5408.8083328125,,7,15,15000050 = 0|15025000 = 1.003,N MYRTLE AVE|PALMETTO ST,14050,15025000,15000050,Y,-82.79592049,27.97545864,10,,On-System / On-System,15025000,1477,LPI-02445,2,1.003,0.9929999999999999,1.013,PALMETTO ST,Off Corridor,,0,0,0,0,,,Unmatched,,0
25104,63483,15061000,SUBURBAN COMMERCIAL,TAMPA-ST PETERSBURG,URBAN PRIN ART OTHER,DIVIDED,US   19,SR   55,7,PINELLAS,67000,6,45,1,LPI,Implement a Leading Pedestrian Interval (LPI),,LPI-01196,Potential Location,0.870000005,1,5408.8083328125,,,,,,,,,,,,,5408.8083328125,,7,15,15061000 = .2|15150000 = 9.225|15240000 = .265|15A04526 = .126|15A04535 = 0|15A04545 = .024|15A04554 = 0,35TH ST N|36TH ST N|40TH ST N|74TH AVE N|GANDY BLVD N|PARK BLVD N|US-19,125500,15150000,15240000,Y,,,10,,On-System / On-System,15150000,1478,LPI-01196,1,0.2,0.19,0.21000000000000002,35TH ST N,Off Corridor,,0,0,0,0,,,Unmatched,,0
25104,63483,15150000,SUBURBAN COMMERCIAL,TAMPA-ST PETERSBURG,URBAN PRIN ART OTHER,DIVIDED,US   19,SR   55,7,PINELLAS,67000,6,45,1,LPI,Implement a Leading Pedestrian Interval (LPI),,LPI-01196,Potential Location,0.870000005,1,5408.8083328125,,,,,,,,,,,,,5408.8083328125,,7,15,15061000 = .2|15150000 = 9.225|15240000 = .265|15A04526 = .126|15A04535 = 0|15A04545 = .024|15A04554 = 0,35TH ST N|36TH ST N|40TH ST N|74TH AVE N|GANDY BLVD N|PARK BLVD N|US-19,125500,15150000,15240000,Y,,,10,,On-System / On-System,15150000,1478,LPI-01196,2,9.225,9.215,9.235,36TH ST N,On Corridor,"454084-1, 438702-1",7,106,0.02,100,0.3,0.6,Verified Match,"454084-1, 438702-1",7
25104,63483,15240000,SUBURBAN COMMERCIAL,TAMPA-ST PETERSBURG,URBAN PRIN ART OTHER,DIVIDED,US   19,SR   55,7,PINELLAS,67000,6,45,1,LPI,Implement a Leading Pedestrian Interval (LPI),,LPI-01196,Potential Location,0.870000005,1,5408.8083328125,,,,,,,,,,,,,5408.8083328125,,7,15,15061000 = .2|15150000 = 9.225|15240000 = .265|15A04526 = .126|15A04535 = 0|15A04545 = .024|15A04554 = 0,35TH ST N|36TH ST N|40TH ST N|74TH AVE N|GANDY BLVD N|PARK BLVD N|US-19,125500,15150000,15240000,Y,,,10,,On-System / On-System,15150000,1478,LPI-01196,3,0.265,0.255,0.275,40TH ST N,On Corridor,454084-1,2,106,0.02,100,0,1.2,Verified Match,454084-1,2
25533,64290,15000048,URBAN GENERAL,TAMPA-ST PETERSBURG,URBAN MINOR ART,NOT DIVIDED,,SR  590,7,PINELLAS,27000,4,35,1,LPI,Implement a Leading Pedestrian Interval (LPI),,LPI-00885,Potential Location,0.870000005,1,5408.8083328125,,,,,,,,,,,,,5408.8083328125,,7,15,15000048 = 2.274|15050003 = .502,DREW ST|N MARTIN LUTHER KING JR AVE,13650,15050003,15000048,Y,-82.79178939,27.96818001,10,,On-System / On-System,15050003,1479,LPI-00885,1,2.274,2.2640000000000002,2.284,DREW ST,Off Corridor,,0,0,0,0,89.6,10.8,No Match - Angle Mismatch,,0
25533,64290,15050003,URBAN GENERAL,TAMPA-ST PETERSBURG,URBAN MINOR ART,NOT DIVIDED,,SR  590,7,PINELLAS,27000,4,35,1,LPI,Implement a Leading Pedestrian Interval (LPI),,LPI-00885,Potential Location,0.870000005,1,5408.8083328125,,,,,,,,,,,,,5408.8083328125,,7,15,15000048 = 2.274|15050003 = .502,DREW ST|N MARTIN LUTHER KING JR AVE,13650,15050003,15000048,Y,-82.79178939,27.96818001,10,,On-System / On-System,15050003,1479,LPI-00885,2,0.502,0.492,0.512,N MARTIN LUTHER KING JR AVE,On Corridor,445681-1,1,105,0.02,100,0,0.7,Verified Match,445681-1,1
25970,67158,15000257,URBAN GENERAL,TAMPA-ST PETERSBURG,URBAN PRIN ART OTHER,DIVIDED,,SR  693,7,PINELLAS,27000,4,40,1,LPI,Implement a Leading Pedestrian Interval (LPI),,LPI-00887,Potential Location,0.870000005,1,5408.8083328125,,,,,,,,,,,,,5408.8083328125,,7,15,15000257 = .168|15230000 = .905,66TH ST N|PASADENA AVE N,19550,15230000,15000257,Y,-82.7284235,27.77385359,10,,On-System / On-System,15230000,1480,LPI-00887,1,0.168,0.158,0.17800000000000002,66TH ST N,Off Corridor,,0,0,0,0,,,Unmatched,,0
25970,67158,15230000,URBAN GENERAL,TAMPA-ST PETERSBURG,URBAN PRIN ART OTHER,DIVIDED,,SR  693,7,PINELLAS,27000,4,40,1,LPI,Implement a Leading Pedestrian Interval (LPI),,LPI-00887,Potential Location,0.870000005,1,5408.8083328125,,,,,,,,,,,,,5408.8083328125,,7,15,15000257 = .168|15230000 = .905,66TH ST N|PASADENA AVE N,19550,15230000,15000257,Y,-82.7284235,27.77385359,10,,On-System / On-System,15230000,1480,LPI-00887,2,0.905,0.895,0.915,PASADENA AVE N,Off Corridor,,0,0,0,0,,,Unmatched,,0
26102,63762,15100000,URBAN GENERAL,TAMPA-ST PETERSBURG,URBAN MINOR ART,DIVIDED,,SR  699,7,PINELLAS,22500,4,35,1,LPI,Implement a Leading Pedestrian Interval (LPI),,LPI-01195,Potential Location,0.870000005,1,5408.8083328125,,,,,,,,,,,,,5408.8083328125,,7,15,15100000 = .714|15A15327 = 0,44TH AVE|GULF BLVD,11500,15100000,15A06456,Y,-82.73926119,27.71869964,10,,On-System / Off-System,15100000,1481,LPI-01195,1,0.714,0.704,0.724,44TH AVE,On Corridor,"457153-1, 456312-2",2,106,0.02,100,0,1,Verified Match,"457153-1, 456312-2",2
26350,64592,15100000,URBAN GENERAL,TAMPA-ST PETERSBURG,URBAN MINOR ART,DIVIDED,,SR  699,7,PINELLAS,22000,4,35,1,LPI,Implement a Leading Pedestrian Interval (LPI),,LPI-02395,Potential Location,0.870000005,1,5408.8083328125,,,,,,,,,,,,,5408.8083328125,,7,15,15100000 = 5.53|15A14222 = 0,117TH AVE|GULF BLVD,10750,15100000,15A04518,Y,-82.77549892,27.775021,10,,On-System / Off-System,15100000,1482,LPI-02395,1,5.53,5.5200000000000005,5.54,117TH AVE,On Corridor,"457153-1, 456312-2",2,106,0.02,100,0,0.3,Verified Match,"457153-1, 456312-2",2
26977,69377,15180500,URBAN GENERAL,TAMPA-ST PETERSBURG,URBAN PRIN ART OTHER,DIVIDED,,SR  693,7,PINELLAS,28500,6,40,1,LPI,Implement a Leading Pedestrian Interval (LPI),,LPI-01170,Potential Location,0.870000005,1,5408.8083328125,,,,,,,,,,,,,5408.8083328125,,7,15,15180500 = 2.322|15180503 = .007|15230000 = .604,CENTRAL AVE|PASADENA AVE N|PASADENA AVE S,48000,15230000,15180500,Y,-82.73174306,27.77086,10,,On-System / On-System,15230000,1483,LPI-01170,1,2.322,2.3120000000000003,2.332,CENTRAL AVE,Off Corridor,,0,0,0,0,,,Unmatched,,0
26977,69377,15180503,URBAN GENERAL,TAMPA-ST PETERSBURG,URBAN PRIN ART OTHER,DIVIDED,,SR  693,7,PINELLAS,28500,6,40,1,LPI,Implement a Leading Pedestrian Interval (LPI),,LPI-01170,Potential Location,0.870000005,1,5408.8083328125,,,,,,,,,,,,,5408.8083328125,,7,15,15180500 = 2.322|15180503 = .007|15230000 = .604,CENTRAL AVE|PASADENA AVE N|PASADENA AVE S,48000,15230000,15180500,Y,-82.73174306,27.77086,10,,On-System / On-System,15230000,1483,LPI-01170,2,0.007,0,0.017,PASADENA AVE N,Off Corridor,,0,0,0,0,,,Unmatched,,0
26977,69377,15230000,URBAN GENERAL,TAMPA-ST PETERSBURG,URBAN PRIN ART OTHER,DIVIDED,,SR  693,7,PINELLAS,28500,6,40,1,LPI,Implement a Leading Pedestrian Interval (LPI),,LPI-01170,Potential Location,0.870000005,1,5408.8083328125,,,,,,,,,,,,,5408.8083328125,,7,15,15180500 = 2.322|15180503 = .007|15230000 = .604,CENTRAL AVE|PASADENA AVE N|PASADENA AVE S,48000,15230000,15180500,Y,-82.73174306,27.77086,10,,On-System / On-System,15230000,1483,LPI-01170,3,0.604,0.594,0.614,PASADENA AVE S,Off Corridor,,0,0,0,0,,,Unmatched,,0
28452,64763,15000462,URBAN GENERAL,TAMPA-ST PETERSBURG,URBAN MINOR ART,DIVIDED,,SR  693,7,PINELLAS,27000,4,35,1,LPI,Implement a Leading Pedestrian Interval (LPI),,LPI-02446,Potential Location,0.870000005,1,5408.8083328125,,,,,,,,,,,,,5408.8083328125,,7,15,15000462 = .395|15100000 = 2.591|15110000 = 0,75TH AVE|BLIND PASS RD,19900,15110000,15100000,Y,-82.75046713,27.74281152,10,,On-System / On-System,15110000,1484,LPI-02446,1,0.395,0.385,0.405,75TH AVE,Off Corridor,,0,0,0,0,45.3,25.3,No Match - Angle Mismatch,,0
28452,64763,15100000,URBAN GENERAL,TAMPA-ST PETERSBURG,URBAN MINOR ART,DIVIDED,,SR  693,7,PINELLAS,27000,4,35,1,LPI,Implement a Leading Pedestrian Interval (LPI),,LPI-02446,Potential Location,0.870000005,1,5408.8083328125,,,,,,,,,,,,,5408.8083328125,,7,15,15000462 = .395|15100000 = 2.591|15110000 = 0,75TH AVE|BLIND PASS RD,19900,15110000,15100000,Y,-82.75046713,27.74281152,10,,On-System / On-System,15110000,1484,LPI-02446,2,2.591,2.5810000000000004,2.601,BLIND PASS RD,On Corridor,"457153-1, 449213-1, 456312-2",4,106,0.02,100,1.1,0.7,Verified Parallel Fallback,"457153-1, 449213-1, 456312-2",4
28452,64763,15110000,URBAN GENERAL,TAMPA-ST PETERSBURG,URBAN MINOR ART,DIVIDED,,SR  693,7,PINELLAS,27000,4,35,1,LPI,Implement a Leading Pedestrian Interval (LPI),,LPI-02446,Potential Location,0.870000005,1,5408.8083328125,,,,,,,,,,,,,5408.8083328125,,7,15,15000462 = .395|15100000 = 2.591|15110000 = 0,75TH AVE|BLIND PASS RD,19900,15110000,15100000,Y,-82.75046713,27.74281152,10,,On-System / On-System,15110000,1484,LPI-02446,3,0,0,0.01,,Off Corridor,,0,0,0,0,45.4,25.8,No Match - Angle Mismatch,,0
30540,65148,15000165,URBAN GENERAL,TAMPA-ST PETERSBURG,URBAN MINOR ART,DIVIDED,US   92,SR  687,7,PINELLAS,33500,4,35,1,LPI,Implement a Leading Pedestrian Interval (LPI),,LPI-02248,Potential Location,0.870000005,1,5408.8083328125,,,,,,,,,,,,,5408.8083328125,,7,15,15000165 = 1.005|15090000 = 1.908,22ND AVE N|4TH ST N,26250,15090000,15000165,Y,-82.63852008,27.79212714,10,,On-System / On-System,15090000,1485,LPI-02248,1,1.005,0.9949999999999999,1.015,22ND AVE N,Off Corridor,,0,0,0,0,89.7,5.3,No Match - Angle Mismatch,,0
30540,65148,15090000,URBAN GENERAL,TAMPA-ST PETERSBURG,URBAN MINOR ART,DIVIDED,US   92,SR  687,7,PINELLAS,33500,4,35,1,LPI,Implement a Leading Pedestrian Interval (LPI),,LPI-02248,Potential Location,0.870000005,1,5408.8083328125,,,,,,,,,,,,,5408.8083328125,,7,15,15000165 = 1.005|15090000 = 1.908,22ND AVE N|4TH ST N,26250,15090000,15000165,Y,-82.63852008,27.79212714,10,,On-System / On-System,15090000,1485,LPI-02248,2,1.908,1.898,1.918,4TH ST N,On Corridor,"454084-1, 447919-1",3,106,0.02,100,0,1.1,Verified Match,"454084-1, 447919-1",3
31149,65554,15000315,URBAN GENERAL,TAMPA-ST PETERSBURG,URBAN MINOR ART,DIVIDED,,SR  699,7,PINELLAS,16844,4,35,1,LPI,Implement a Leading Pedestrian Interval (LPI),,LPI-00886,Potential Location,0.870000005,1,5408.8083328125,,,,,,,,,,,,,5408.8083328125,,7,15,15000315 = .12|15140000 = 3.857,GULF BLVD|PARK BLVD N,17911,15140000,15000315,Y,-82.84067438,27.84341619,10,,On-System / On-System,15140000,1486,LPI-00886,1,0.12,0.11,0.13,GULF BLVD,Off Corridor,,0,0,0,0,78.2,161.1,No Match - Angle Mismatch,,0
31149,65554,15140000,URBAN GENERAL,TAMPA-ST PETERSBURG,URBAN MINOR ART,DIVIDED,,SR  699,7,PINELLAS,16844,4,35,1,LPI,Implement a Leading Pedestrian Interval (LPI),,LPI-00886,Potential Location,0.870000005,1,5408.8083328125,,,,,,,,,,,,,5408.8083328125,,7,15,15000315 = .12|15140000 = 3.857,GULF BLVD|PARK BLVD N,17911,15140000,15000315,Y,-82.84067438,27.84341619,10,,On-System / On-System,15140000,1486,LPI-00886,2,3.857,3.8470000000000004,3.867,PARK BLVD N,On Corridor,"457153-1, 456312-2, 436697-2",5,106,0.02,100,0.2,0.7,Verified Match,"457153-1, 456312-2, 436697-2",5
